Distance_Error(cm),Direction_Error(deg),ref_display_position_x,ref_display_position_y,ref_display_position_z,second_display_position_x,second_display_position_y,second_display_position_z,elevation_coef,Cost,feasible
584.61,17.971,-641,-339.44,23.068,-800,-800,-300,1,-1188.5,1
584.61,17.971,-641,-339.44,23.068,-800,-800,-300,1.3043,-997.02,1
584.61,17.971,-641,-339.44,23.068,-800,-800,-300,1.6087,-853.71,1
584.61,17.971,-641,-339.44,23.068,-800,-800,-300,1.913,-749.24,1
584.61,17.971,-641,-339.44,23.068,-800,-800,-300,2.2174,-677.68,1
584.61,17.971,-641,-339.44,23.068,-800,-800,-300,2.5217,-635.65,1
584.61,17.971,-641,-339.44,23.068,-800,-800,-300,2.8261,-621.99,1
584.61,17.971,-641,-339.44,23.068,-800,-800,-300,3.1304,-637.77,1
584.61,17.971,-641,-339.44,23.068,-800,-800,-300,3.4348,-686.86,1
584.61,17.971,-641,-339.44,23.068,-800,-800,-300,3.7391,-777.31,1
584.61,17.971,-641,-339.44,23.068,-800,-800,-300,4.0435,-924.44,1
584.61,17.971,-641,-339.44,23.068,-800,-800,-300,4.3478,-1158.4,1
584.61,17.971,-641,-339.44,23.068,-800,-800,-300,4.6522,-1544.6,1
584.61,17.971,-641,-339.44,23.068,-800,-800,-300,4.9565,-2252.8,1
584.61,17.971,-641,-339.44,23.068,-800,-800,-300,5.2609,-Inf,1
584.61,17.971,-641,-339.44,23.068,-800,-800,-300,5.5652,-Inf,1
584.61,17.971,-641,-339.44,23.068,-800,-800,-300,5.8696,-Inf,1
584.61,17.971,-641,-339.44,23.068,-800,-800,-300,6.1739,-Inf,1
584.61,17.971,-641,-339.44,23.068,-800,-800,-300,6.4783,-Inf,1
584.61,17.971,-641,-339.44,23.068,-800,-800,-300,6.7826,-Inf,1
584.61,17.971,-641,-339.44,23.068,-800,-800,-300,7.087,-Inf,1
584.61,17.971,-641,-339.44,23.068,-800,-800,-300,7.3913,-Inf,1
584.61,17.971,-641,-339.44,23.068,-800,-800,-300,7.6957,-Inf,1
584.61,17.971,-641,-339.44,23.068,-800,-800,-300,8,-Inf,1
535.87,18.38,-641,-339.44,23.068,-800,-800,-200,1,-1327.2,1
535.87,18.38,-641,-339.44,23.068,-800,-800,-200,1.3043,-1107.6,1
535.87,18.38,-641,-339.44,23.068,-800,-800,-200,1.6087,-941.86,1
535.87,18.38,-641,-339.44,23.068,-800,-800,-200,1.913,-818.26,1
535.87,18.38,-641,-339.44,23.068,-800,-800,-200,2.2174,-729.12,1
535.87,18.38,-641,-339.44,23.068,-800,-800,-200,2.5217,-669.7,1
535.87,18.38,-641,-339.44,23.068,-800,-800,-200,2.8261,-637.49,1
535.87,18.38,-641,-339.44,23.068,-800,-800,-200,3.1304,-632.08,1
535.87,18.38,-641,-339.44,23.068,-800,-800,-200,3.4348,-655.33,1
535.87,18.38,-641,-339.44,23.068,-800,-800,-200,3.7391,-712.15,1
535.87,18.38,-641,-339.44,23.068,-800,-800,-200,4.0435,-812.38,1
535.87,18.38,-641,-339.44,23.068,-800,-800,-200,4.3478,-975.03,1
535.87,18.38,-641,-339.44,23.068,-800,-800,-200,4.6522,-1239.2,1
535.87,18.38,-641,-339.44,23.068,-800,-800,-200,4.9565,-1696.8,1
535.87,18.38,-641,-339.44,23.068,-800,-800,-200,5.2609,-Inf,1
535.87,18.38,-641,-339.44,23.068,-800,-800,-200,5.5652,-Inf,1
535.87,18.38,-641,-339.44,23.068,-800,-800,-200,5.8696,-Inf,1
535.87,18.38,-641,-339.44,23.068,-800,-800,-200,6.1739,-Inf,1
535.87,18.38,-641,-339.44,23.068,-800,-800,-200,6.4783,-Inf,1
535.87,18.38,-641,-339.44,23.068,-800,-800,-200,6.7826,-Inf,1
535.87,18.38,-641,-339.44,23.068,-800,-800,-200,7.087,-Inf,1
535.87,18.38,-641,-339.44,23.068,-800,-800,-200,7.3913,-Inf,1
535.87,18.38,-641,-339.44,23.068,-800,-800,-200,7.6957,-Inf,1
535.87,18.38,-641,-339.44,23.068,-800,-800,-200,8,-Inf,1
502.54,19.506,-641,-339.44,23.068,-800,-800,-100,1,-1492.1,1
502.54,19.506,-641,-339.44,23.068,-800,-800,-100,1.3043,-1236.8,1
502.54,19.506,-641,-339.44,23.068,-800,-800,-100,1.6087,-1043.9,1
502.54,19.506,-641,-339.44,23.068,-800,-800,-100,1.913,-898.37,1
502.54,19.506,-641,-339.44,23.068,-800,-800,-100,2.2174,-790.11,1
502.54,19.506,-641,-339.44,23.068,-800,-800,-100,2.5217,-712.71,1
502.54,19.506,-641,-339.44,23.068,-800,-800,-100,2.8261,-662.25,1
502.54,19.506,-641,-339.44,23.068,-800,-800,-100,3.1304,-636.87,1
502.54,19.506,-641,-339.44,23.068,-800,-800,-100,3.4348,-636.68,1
502.54,19.506,-641,-339.44,23.068,-800,-800,-100,3.7391,-664.13,1
502.54,19.506,-641,-339.44,23.068,-800,-800,-100,4.0435,-724.95,1
502.54,19.506,-641,-339.44,23.068,-800,-800,-100,4.3478,-830.52,1
502.54,19.506,-641,-339.44,23.068,-800,-800,-100,4.6522,-1003.4,1
502.54,19.506,-641,-339.44,23.068,-800,-800,-100,4.9565,-1292.6,1
502.54,19.506,-641,-339.44,23.068,-800,-800,-100,5.2609,-1823.7,1
502.54,19.506,-641,-339.44,23.068,-800,-800,-100,5.5652,-Inf,1
502.54,19.506,-641,-339.44,23.068,-800,-800,-100,5.8696,-Inf,1
502.54,19.506,-641,-339.44,23.068,-800,-800,-100,6.1739,-Inf,1
502.54,19.506,-641,-339.44,23.068,-800,-800,-100,6.4783,-Inf,1
502.54,19.506,-641,-339.44,23.068,-800,-800,-100,6.7826,-Inf,1
502.54,19.506,-641,-339.44,23.068,-800,-800,-100,7.087,-Inf,1
502.54,19.506,-641,-339.44,23.068,-800,-800,-100,7.3913,-Inf,1
502.54,19.506,-641,-339.44,23.068,-800,-800,-100,7.6957,-Inf,1
502.54,19.506,-641,-339.44,23.068,-800,-800,-100,8,-Inf,1
487.78,21.41,-641,-339.44,23.068,-800,-800,0,1,-1666.9,1
487.78,21.41,-641,-339.44,23.068,-800,-800,0,1.3043,-1369.4,1
487.78,21.41,-641,-339.44,23.068,-800,-800,0,1.6087,-1146.2,1
487.78,21.41,-641,-339.44,23.068,-800,-800,0,1.913,-977.44,1
487.78,21.41,-641,-339.44,23.068,-800,-800,0,2.2174,-849.97,1
487.78,21.41,-641,-339.44,23.068,-800,-800,0,2.5217,-755.27,1
487.78,21.41,-641,-339.44,23.068,-800,-800,0,2.8261,-687.84,1
487.78,21.41,-641,-339.44,23.068,-800,-800,0,3.1304,-644.38,1
487.78,21.41,-641,-339.44,23.068,-800,-800,0,3.4348,-623.48,1
487.78,21.41,-641,-339.44,23.068,-800,-800,0,3.7391,-625.55,1
487.78,21.41,-641,-339.44,23.068,-800,-800,0,4.0435,-653.31,1
487.78,21.41,-641,-339.44,23.068,-800,-800,0,4.3478,-712.86,1
487.78,21.41,-641,-339.44,23.068,-800,-800,0,4.6522,-816.38,1
487.78,21.41,-641,-339.44,23.068,-800,-800,0,4.9565,-988.84,1
487.78,21.41,-641,-339.44,23.068,-800,-800,0,5.2609,-1287.2,1
487.78,21.41,-641,-339.44,23.068,-800,-800,0,5.5652,-1871.8,1
487.78,21.41,-641,-339.44,23.068,-800,-800,0,5.8696,-Inf,1
487.78,21.41,-641,-339.44,23.068,-800,-800,0,6.1739,-Inf,1
487.78,21.41,-641,-339.44,23.068,-800,-800,0,6.4783,-Inf,1
487.78,21.41,-641,-339.44,23.068,-800,-800,0,6.7826,-Inf,1
487.78,21.41,-641,-339.44,23.068,-800,-800,0,7.087,-Inf,1
487.78,21.41,-641,-339.44,23.068,-800,-800,0,7.3913,-Inf,1
487.78,21.41,-641,-339.44,23.068,-800,-800,0,7.6957,-Inf,1
487.78,21.41,-641,-339.44,23.068,-800,-800,0,8,-Inf,1
493.27,24.074,-641,-339.44,23.068,-800,-800,100,1,-1791.4,1
493.27,24.074,-641,-339.44,23.068,-800,-800,100,1.3043,-1454.7,1
493.27,24.074,-641,-339.44,23.068,-800,-800,100,1.6087,-1206.4,1
493.27,24.074,-641,-339.44,23.068,-800,-800,100,1.913,-1020,1
493.27,24.074,-641,-339.44,23.068,-800,-800,100,2.2174,-878.96,1
493.27,24.074,-641,-339.44,23.068,-800,-800,100,2.5217,-772.32,1
493.27,24.074,-641,-339.44,23.068,-800,-800,100,2.8261,-693,1
493.27,24.074,-641,-339.44,23.068,-800,-800,100,3.1304,-636.39,1
493.27,24.074,-641,-339.44,23.068,-800,-800,100,3.4348,-599.79,1
493.27,24.074,-641,-339.44,23.068,-800,-800,100,3.7391,-582.06,1
493.27,24.074,-641,-339.44,23.068,-800,-800,100,4.0435,-583.7,1
493.27,24.074,-641,-339.44,23.068,-800,-800,100,4.3478,-607.23,1
493.27,24.074,-641,-339.44,23.068,-800,-800,100,4.6522,-658.3,1
493.27,24.074,-641,-339.44,23.068,-800,-800,100,4.9565,-748.4,1
493.27,24.074,-641,-339.44,23.068,-800,-800,100,5.2609,-901.78,1
493.27,24.074,-641,-339.44,23.068,-800,-800,100,5.5652,-1176.6,1
493.27,24.074,-641,-339.44,23.068,-800,-800,100,5.8696,-1751,1
493.27,24.074,-641,-339.44,23.068,-800,-800,100,6.1739,-Inf,1
493.27,24.074,-641,-339.44,23.068,-800,-800,100,6.4783,-Inf,1
493.27,24.074,-641,-339.44,23.068,-800,-800,100,6.7826,-Inf,1
493.27,24.074,-641,-339.44,23.068,-800,-800,100,7.087,-Inf,1
493.27,24.074,-641,-339.44,23.068,-800,-800,100,7.3913,-Inf,1
493.27,24.074,-641,-339.44,23.068,-800,-800,100,7.6957,-Inf,1
493.27,24.074,-641,-339.44,23.068,-800,-800,100,8,-Inf,1
518.37,27.424,-641,-339.44,23.068,-800,-800,200,1,-1746.5,1
518.37,27.424,-641,-339.44,23.068,-800,-800,200,1.3043,-1398.3,1
518.37,27.424,-641,-339.44,23.068,-800,-800,200,1.6087,-1148.9,1
518.37,27.424,-641,-339.44,23.068,-800,-800,200,1.913,-965.4,1
518.37,27.424,-641,-339.44,23.068,-800,-800,200,2.2174,-827.87,1
518.37,27.424,-641,-339.44,23.068,-800,-800,200,2.5217,-723.77,1
518.37,27.424,-641,-339.44,23.068,-800,-800,200,2.8261,-644.99,1
518.37,27.424,-641,-339.44,23.068,-800,-800,200,3.1304,-586.18,1
518.37,27.424,-641,-339.44,23.068,-800,-800,200,3.4348,-543.88,1
518.37,27.424,-641,-339.44,23.068,-800,-800,200,3.7391,-516.03,1
518.37,27.424,-641,-339.44,23.068,-800,-800,200,4.0435,-501.77,1
518.37,27.424,-641,-339.44,23.068,-800,-800,200,4.3478,-501.41,1
518.37,27.424,-641,-339.44,23.068,-800,-800,200,4.6522,-516.78,1
518.37,27.424,-641,-339.44,23.068,-800,-800,200,4.9565,-552.12,1
518.37,27.424,-641,-339.44,23.068,-800,-800,200,5.2609,-616.15,1
518.37,27.424,-641,-339.44,23.068,-800,-800,200,5.5652,-727.85,1
518.37,27.424,-641,-339.44,23.068,-800,-800,200,5.8696,-934.6,1
518.37,27.424,-641,-339.44,23.068,-800,-800,200,6.1739,-1391.7,1
518.37,27.424,-641,-339.44,23.068,-800,-800,200,6.4783,-Inf,1
518.37,27.424,-641,-339.44,23.068,-800,-800,200,6.7826,-Inf,1
518.37,27.424,-641,-339.44,23.068,-800,-800,200,7.087,-Inf,1
518.37,27.424,-641,-339.44,23.068,-800,-800,200,7.3913,-Inf,1
518.37,27.424,-641,-339.44,23.068,-800,-800,200,7.6957,-Inf,1
518.37,27.424,-641,-339.44,23.068,-800,-800,200,8,-Inf,1
560.44,31.353,-641,-339.44,23.068,-800,-800,300,1,-1452.1,1
560.44,31.353,-641,-339.44,23.068,-800,-800,300,1.3043,-1145.5,1
560.44,31.353,-641,-339.44,23.068,-800,-800,300,1.6087,-936.06,1
560.44,31.353,-641,-339.44,23.068,-800,-800,300,1.913,-787.19,1
560.44,31.353,-641,-339.44,23.068,-800,-800,300,2.2174,-678.29,1
560.44,31.353,-641,-339.44,23.068,-800,-800,300,2.5217,-597.01,1
560.44,31.353,-641,-339.44,23.068,-800,-800,300,2.8261,-535.61,1
560.44,31.353,-641,-339.44,23.068,-800,-800,300,3.1304,-489.11,1
560.44,31.353,-641,-339.44,23.068,-800,-800,300,3.4348,-454.23,1
560.44,31.353,-641,-339.44,23.068,-800,-800,300,3.7391,-428.86,1
560.44,31.353,-641,-339.44,23.068,-800,-800,300,4.0435,-411.7,1
560.44,31.353,-641,-339.44,23.068,-800,-800,300,4.3478,-402.16,1
560.44,31.353,-641,-339.44,23.068,-800,-800,300,4.6522,-400.33,1
560.44,31.353,-641,-339.44,23.068,-800,-800,300,4.9565,-407.15,1
560.44,31.353,-641,-339.44,23.068,-800,-800,300,5.2609,-424.92,1
560.44,31.353,-641,-339.44,23.068,-800,-800,300,5.5652,-458.49,1
560.44,31.353,-641,-339.44,23.068,-800,-800,300,5.8696,-518.64,1
560.44,31.353,-641,-339.44,23.068,-800,-800,300,6.1739,-633.03,1
560.44,31.353,-641,-339.44,23.068,-800,-800,300,6.4783,-896.66,1
560.44,31.353,-641,-339.44,23.068,-800,-800,300,6.7826,-Inf,1
560.44,31.353,-641,-339.44,23.068,-800,-800,300,7.087,-Inf,1
560.44,31.353,-641,-339.44,23.068,-800,-800,300,7.3913,-Inf,1
560.44,31.353,-641,-339.44,23.068,-800,-800,300,7.6957,-Inf,1
560.44,31.353,-641,-339.44,23.068,-800,-800,300,8,-Inf,1
517.97,14.929,-641,-339.44,23.068,-800,-711.79,-300,1,-1018.9,1
517.97,14.929,-641,-339.44,23.068,-800,-711.79,-300,1.3043,-846.6,1
517.97,14.929,-641,-339.44,23.068,-800,-711.79,-300,1.6087,-717.69,1
517.97,14.929,-641,-339.44,23.068,-800,-711.79,-300,1.913,-623.73,1
517.97,14.929,-641,-339.44,23.068,-800,-711.79,-300,2.2174,-559.41,1
517.97,14.929,-641,-339.44,23.068,-800,-711.79,-300,2.5217,-521.7,1
517.97,14.929,-641,-339.44,23.068,-800,-711.79,-300,2.8261,-509.54,1
517.97,14.929,-641,-339.44,23.068,-800,-711.79,-300,3.1304,-523.9,1
517.97,14.929,-641,-339.44,23.068,-800,-711.79,-300,3.4348,-568.24,1
517.97,14.929,-641,-339.44,23.068,-800,-711.79,-300,3.7391,-649.76,1
517.97,14.929,-641,-339.44,23.068,-800,-711.79,-300,4.0435,-782.2,1
517.97,14.929,-641,-339.44,23.068,-800,-711.79,-300,4.3478,-992.47,1
517.97,14.929,-641,-339.44,23.068,-800,-711.79,-300,4.6522,-1338.8,1
517.97,14.929,-641,-339.44,23.068,-800,-711.79,-300,4.9565,-1972,1
517.97,14.929,-641,-339.44,23.068,-800,-711.79,-300,5.2609,-Inf,1
517.97,14.929,-641,-339.44,23.068,-800,-711.79,-300,5.5652,-Inf,1
517.97,14.929,-641,-339.44,23.068,-800,-711.79,-300,5.8696,-Inf,1
517.97,14.929,-641,-339.44,23.068,-800,-711.79,-300,6.1739,-Inf,1
517.97,14.929,-641,-339.44,23.068,-800,-711.79,-300,6.4783,-Inf,1
517.97,14.929,-641,-339.44,23.068,-800,-711.79,-300,6.7826,-Inf,1
517.97,14.929,-641,-339.44,23.068,-800,-711.79,-300,7.087,-Inf,1
517.97,14.929,-641,-339.44,23.068,-800,-711.79,-300,7.3913,-Inf,1
517.97,14.929,-641,-339.44,23.068,-800,-711.79,-300,7.6957,-Inf,1
517.97,14.929,-641,-339.44,23.068,-800,-711.79,-300,8,-Inf,1
462.26,14.946,-641,-339.44,23.068,-800,-711.79,-200,1,-1138.8,1
462.26,14.946,-641,-339.44,23.068,-800,-711.79,-200,1.3043,-942.37,1
462.26,14.946,-641,-339.44,23.068,-800,-711.79,-200,1.6087,-794.15,1
462.26,14.946,-641,-339.44,23.068,-800,-711.79,-200,1.913,-683.6,1
462.26,14.946,-641,-339.44,23.068,-800,-711.79,-200,2.2174,-603.88,1
462.26,14.946,-641,-339.44,23.068,-800,-711.79,-200,2.5217,-550.74,1
462.26,14.946,-641,-339.44,23.068,-800,-711.79,-200,2.8261,-521.96,1
462.26,14.946,-641,-339.44,23.068,-800,-711.79,-200,3.1304,-517.15,1
462.26,14.946,-641,-339.44,23.068,-800,-711.79,-200,3.4348,-537.96,1
462.26,14.946,-641,-339.44,23.068,-800,-711.79,-200,3.7391,-588.77,1
462.26,14.946,-641,-339.44,23.068,-800,-711.79,-200,4.0435,-678.29,1
462.26,14.946,-641,-339.44,23.068,-800,-711.79,-200,4.3478,-823.42,1
462.26,14.946,-641,-339.44,23.068,-800,-711.79,-200,4.6522,-1058.8,1
462.26,14.946,-641,-339.44,23.068,-800,-711.79,-200,4.9565,-1465.4,1
462.26,14.946,-641,-339.44,23.068,-800,-711.79,-200,5.2609,-Inf,1
462.26,14.946,-641,-339.44,23.068,-800,-711.79,-200,5.5652,-Inf,1
462.26,14.946,-641,-339.44,23.068,-800,-711.79,-200,5.8696,-Inf,1
462.26,14.946,-641,-339.44,23.068,-800,-711.79,-200,6.1739,-Inf,1
462.26,14.946,-641,-339.44,23.068,-800,-711.79,-200,6.4783,-Inf,1
462.26,14.946,-641,-339.44,23.068,-800,-711.79,-200,6.7826,-Inf,1
462.26,14.946,-641,-339.44,23.068,-800,-711.79,-200,7.087,-Inf,1
462.26,14.946,-641,-339.44,23.068,-800,-711.79,-200,7.3913,-Inf,1
462.26,14.946,-641,-339.44,23.068,-800,-711.79,-200,7.6957,-Inf,1
462.26,14.946,-641,-339.44,23.068,-800,-711.79,-200,8,-Inf,1
423.17,15.859,-641,-339.44,23.068,-800,-711.79,-100,1,-1286.9,1
423.17,15.859,-641,-339.44,23.068,-800,-711.79,-100,1.3043,-1058.9,1
423.17,15.859,-641,-339.44,23.068,-800,-711.79,-100,1.6087,-886.67,1
423.17,15.859,-641,-339.44,23.068,-800,-711.79,-100,1.913,-756.59,1
423.17,15.859,-641,-339.44,23.068,-800,-711.79,-100,2.2174,-659.83,1
423.17,15.859,-641,-339.44,23.068,-800,-711.79,-100,2.5217,-590.62,1
423.17,15.859,-641,-339.44,23.068,-800,-711.79,-100,2.8261,-545.47,1
423.17,15.859,-641,-339.44,23.068,-800,-711.79,-100,3.1304,-522.72,1
423.17,15.859,-641,-339.44,23.068,-800,-711.79,-100,3.4348,-522.45,1
423.17,15.859,-641,-339.44,23.068,-800,-711.79,-100,3.7391,-546.82,1
423.17,15.859,-641,-339.44,23.068,-800,-711.79,-100,4.0435,-600.91,1
423.17,15.859,-641,-339.44,23.068,-800,-711.79,-100,4.3478,-694.78,1
423.17,15.859,-641,-339.44,23.068,-800,-711.79,-100,4.6522,-848.41,1
423.17,15.859,-641,-339.44,23.068,-800,-711.79,-100,4.9565,-1104.9,1
423.17,15.859,-641,-339.44,23.068,-800,-711.79,-100,5.2609,-1574.7,1
423.17,15.859,-641,-339.44,23.068,-800,-711.79,-100,5.5652,-Inf,1
423.17,15.859,-641,-339.44,23.068,-800,-711.79,-100,5.8696,-Inf,1
423.17,15.859,-641,-339.44,23.068,-800,-711.79,-100,6.1739,-Inf,1
423.17,15.859,-641,-339.44,23.068,-800,-711.79,-100,6.4783,-Inf,1
423.17,15.859,-641,-339.44,23.068,-800,-711.79,-100,6.7826,-Inf,1
423.17,15.859,-641,-339.44,23.068,-800,-711.79,-100,7.087,-Inf,1
423.17,15.859,-641,-339.44,23.068,-800,-711.79,-100,7.3913,-Inf,1
423.17,15.859,-641,-339.44,23.068,-800,-711.79,-100,7.6957,-Inf,1
423.17,15.859,-641,-339.44,23.068,-800,-711.79,-100,8,-Inf,1
405.53,17.763,-641,-339.44,23.068,-800,-711.79,0,1,-1457,1
405.53,17.763,-641,-339.44,23.068,-800,-711.79,0,1.3043,-1189.4,1
405.53,17.763,-641,-339.44,23.068,-800,-711.79,0,1.6087,-988.6,1
405.53,17.763,-641,-339.44,23.068,-800,-711.79,0,1.913,-836.62,1
405.53,17.763,-641,-339.44,23.068,-800,-711.79,0,2.2174,-721.78,1
405.53,17.763,-641,-339.44,23.068,-800,-711.79,0,2.5217,-636.41,1
405.53,17.763,-641,-339.44,23.068,-800,-711.79,0,2.8261,-575.57,1
405.53,17.763,-641,-339.44,23.068,-800,-711.79,0,3.1304,-536.29,1
405.53,17.763,-641,-339.44,23.068,-800,-711.79,0,3.4348,-517.27,1
405.53,17.763,-641,-339.44,23.068,-800,-711.79,0,3.7391,-518.9,1
405.53,17.763,-641,-339.44,23.068,-800,-711.79,0,4.0435,-543.56,1
405.53,17.763,-641,-339.44,23.068,-800,-711.79,0,4.3478,-596.68,1
405.53,17.763,-641,-339.44,23.068,-800,-711.79,0,4.6522,-689.1,1
405.53,17.763,-641,-339.44,23.068,-800,-711.79,0,4.9565,-842.99,1
405.53,17.763,-641,-339.44,23.068,-800,-711.79,0,5.2609,-1108.9,1
405.53,17.763,-641,-339.44,23.068,-800,-711.79,0,5.5652,-1628,1
405.53,17.763,-641,-339.44,23.068,-800,-711.79,0,5.8696,-Inf,1
405.53,17.763,-641,-339.44,23.068,-800,-711.79,0,6.1739,-Inf,1
405.53,17.763,-641,-339.44,23.068,-800,-711.79,0,6.4783,-Inf,1
405.53,17.763,-641,-339.44,23.068,-800,-711.79,0,6.7826,-Inf,1
405.53,17.763,-641,-339.44,23.068,-800,-711.79,0,7.087,-Inf,1
405.53,17.763,-641,-339.44,23.068,-800,-711.79,0,7.3913,-Inf,1
405.53,17.763,-641,-339.44,23.068,-800,-711.79,0,7.6957,-Inf,1
405.53,17.763,-641,-339.44,23.068,-800,-711.79,0,8,-Inf,1
412.12,20.611,-641,-339.44,23.068,-800,-711.79,100,1,-1606.8,1
412.12,20.611,-641,-339.44,23.068,-800,-711.79,100,1.3043,-1297.8,1
412.12,20.611,-641,-339.44,23.068,-800,-711.79,100,1.6087,-1069.7,1
412.12,20.611,-641,-339.44,23.068,-800,-711.79,100,1.913,-898.38,1
412.12,20.611,-641,-339.44,23.068,-800,-711.79,100,2.2174,-768.61,1
412.12,20.611,-641,-339.44,23.068,-800,-711.79,100,2.5217,-670.44,1
412.12,20.611,-641,-339.44,23.068,-800,-711.79,100,2.8261,-597.34,1
412.12,20.611,-641,-339.44,23.068,-800,-711.79,100,3.1304,-545.1,1
412.12,20.611,-641,-339.44,23.068,-800,-711.79,100,3.4348,-511.21,1
412.12,20.611,-641,-339.44,23.068,-800,-711.79,100,3.7391,-494.62,1
412.12,20.611,-641,-339.44,23.068,-800,-711.79,100,4.0435,-495.77,1
412.12,20.611,-641,-339.44,23.068,-800,-711.79,100,4.3478,-516.92,1
412.12,20.611,-641,-339.44,23.068,-800,-711.79,100,4.6522,-563.2,1
412.12,20.611,-641,-339.44,23.068,-800,-711.79,100,4.9565,-645,1
412.12,20.611,-641,-339.44,23.068,-800,-711.79,100,5.2609,-784.27,1
412.12,20.611,-641,-339.44,23.068,-800,-711.79,100,5.5652,-1033.5,1
412.12,20.611,-641,-339.44,23.068,-800,-711.79,100,5.8696,-1552.5,1
412.12,20.611,-641,-339.44,23.068,-800,-711.79,100,6.1739,-Inf,1
412.12,20.611,-641,-339.44,23.068,-800,-711.79,100,6.4783,-Inf,1
412.12,20.611,-641,-339.44,23.068,-800,-711.79,100,6.7826,-Inf,1
412.12,20.611,-641,-339.44,23.068,-800,-711.79,100,7.087,-Inf,1
412.12,20.611,-641,-339.44,23.068,-800,-711.79,100,7.3913,-Inf,1
412.12,20.611,-641,-339.44,23.068,-800,-711.79,100,7.6957,-Inf,1
412.12,20.611,-641,-339.44,23.068,-800,-711.79,100,8,-Inf,1
441.85,24.268,-641,-339.44,23.068,-800,-711.79,200,1,-1625.9,1
441.85,24.268,-641,-339.44,23.068,-800,-711.79,200,1.3043,-1295.8,1
441.85,24.268,-641,-339.44,23.068,-800,-711.79,200,1.6087,-1059.2,1
441.85,24.268,-641,-339.44,23.068,-800,-711.79,200,1.913,-884.94,1
441.85,24.268,-641,-339.44,23.068,-800,-711.79,200,2.2174,-754.23,1
441.85,24.268,-641,-339.44,23.068,-800,-711.79,200,2.5217,-655.22,1
441.85,24.268,-641,-339.44,23.068,-800,-711.79,200,2.8261,-580.21,1
441.85,24.268,-641,-339.44,23.068,-800,-711.79,200,3.1304,-524.14,1
441.85,24.268,-641,-339.44,23.068,-800,-711.79,200,3.4348,-483.73,1
441.85,24.268,-641,-339.44,23.068,-800,-711.79,200,3.7391,-457.01,1
441.85,24.268,-641,-339.44,23.068,-800,-711.79,200,4.0435,-443.15,1
441.85,24.268,-641,-339.44,23.068,-800,-711.79,200,4.3478,-442.42,1
441.85,24.268,-641,-339.44,23.068,-800,-711.79,200,4.6522,-456.52,1
441.85,24.268,-641,-339.44,23.068,-800,-711.79,200,4.9565,-489.39,1
441.85,24.268,-641,-339.44,23.068,-800,-711.79,200,5.2609,-549.2,1
441.85,24.268,-641,-339.44,23.068,-800,-711.79,200,5.5652,-653.61,1
441.85,24.268,-641,-339.44,23.068,-800,-711.79,200,5.8696,-846.72,1
441.85,24.268,-641,-339.44,23.068,-800,-711.79,200,6.1739,-1272.3,1
441.85,24.268,-641,-339.44,23.068,-800,-711.79,200,6.4783,-Inf,1
441.85,24.268,-641,-339.44,23.068,-800,-711.79,200,6.7826,-Inf,1
441.85,24.268,-641,-339.44,23.068,-800,-711.79,200,7.087,-Inf,1
441.85,24.268,-641,-339.44,23.068,-800,-711.79,200,7.3913,-Inf,1
441.85,24.268,-641,-339.44,23.068,-800,-711.79,200,7.6957,-Inf,1
441.85,24.268,-641,-339.44,23.068,-800,-711.79,200,8,-Inf,1
490.53,28.575,-641,-339.44,23.068,-800,-711.79,300,1,-1398,1
490.53,28.575,-641,-339.44,23.068,-800,-711.79,300,1.3043,-1099,1
490.53,28.575,-641,-339.44,23.068,-800,-711.79,300,1.6087,-894.41,1
490.53,28.575,-641,-339.44,23.068,-800,-711.79,300,1.913,-748.91,1
490.53,28.575,-641,-339.44,23.068,-800,-711.79,300,2.2174,-642.37,1
490.53,28.575,-641,-339.44,23.068,-800,-711.79,300,2.5217,-562.79,1
490.53,28.575,-641,-339.44,23.068,-800,-711.79,300,2.8261,-502.62,1
490.53,28.575,-641,-339.44,23.068,-800,-711.79,300,3.1304,-457,1
490.53,28.575,-641,-339.44,23.068,-800,-711.79,300,3.4348,-422.73,1
490.53,28.575,-641,-339.44,23.068,-800,-711.79,300,3.7391,-397.74,1
490.53,28.575,-641,-339.44,23.068,-800,-711.79,300,4.0435,-380.75,1
490.53,28.575,-641,-339.44,23.068,-800,-711.79,300,4.3478,-371.18,1
490.53,28.575,-641,-339.44,23.068,-800,-711.79,300,4.6522,-369.1,1
490.53,28.575,-641,-339.44,23.068,-800,-711.79,300,4.9565,-375.4,1
490.53,28.575,-641,-339.44,23.068,-800,-711.79,300,5.2609,-392.28,1
490.53,28.575,-641,-339.44,23.068,-800,-711.79,300,5.5652,-424.39,1
490.53,28.575,-641,-339.44,23.068,-800,-711.79,300,5.8696,-482.05,1
490.53,28.575,-641,-339.44,23.068,-800,-711.79,300,6.1739,-591.73,1
490.53,28.575,-641,-339.44,23.068,-800,-711.79,300,6.4783,-843.92,1
490.53,28.575,-641,-339.44,23.068,-800,-711.79,300,6.7826,-Inf,1
490.53,28.575,-641,-339.44,23.068,-800,-711.79,300,7.087,-Inf,1
490.53,28.575,-641,-339.44,23.068,-800,-711.79,300,7.3913,-Inf,1
490.53,28.575,-641,-339.44,23.068,-800,-711.79,300,7.6957,-Inf,1
490.53,28.575,-641,-339.44,23.068,-800,-711.79,300,8,-Inf,1
458.68,11.923,-641,-339.44,23.068,-800,-623.57,-300,1,-879.3,1
458.68,11.923,-641,-339.44,23.068,-800,-623.57,-300,1.3043,-723.82,1
458.68,11.923,-641,-339.44,23.068,-800,-623.57,-300,1.6087,-607.48,1
458.68,11.923,-641,-339.44,23.068,-800,-623.57,-300,1.913,-522.72,1
458.68,11.923,-641,-339.44,23.068,-800,-623.57,-300,2.2174,-464.74,1
458.68,11.923,-641,-339.44,23.068,-800,-623.57,-300,2.5217,-430.81,1
458.68,11.923,-641,-339.44,23.068,-800,-623.57,-300,2.8261,-419.98,1
458.68,11.923,-641,-339.44,23.068,-800,-623.57,-300,3.1304,-433.12,1
458.68,11.923,-641,-339.44,23.068,-800,-623.57,-300,3.4348,-473.35,1
458.68,11.923,-641,-339.44,23.068,-800,-623.57,-300,3.7391,-547.14,1
458.68,11.923,-641,-339.44,23.068,-800,-623.57,-300,4.0435,-666.83,1
458.68,11.923,-641,-339.44,23.068,-800,-623.57,-300,4.3478,-856.56,1
458.68,11.923,-641,-339.44,23.068,-800,-623.57,-300,4.6522,-1168.4,1
458.68,11.923,-641,-339.44,23.068,-800,-623.57,-300,4.9565,-1736.8,1
458.68,11.923,-641,-339.44,23.068,-800,-623.57,-300,5.2609,-Inf,1
458.68,11.923,-641,-339.44,23.068,-800,-623.57,-300,5.5652,-Inf,1
458.68,11.923,-641,-339.44,23.068,-800,-623.57,-300,5.8696,-Inf,1
458.68,11.923,-641,-339.44,23.068,-800,-623.57,-300,6.1739,-Inf,1
458.68,11.923,-641,-339.44,23.068,-800,-623.57,-300,6.4783,-Inf,1
458.68,11.923,-641,-339.44,23.068,-800,-623.57,-300,6.7826,-Inf,1
458.68,11.923,-641,-339.44,23.068,-800,-623.57,-300,7.087,-Inf,1
458.68,11.923,-641,-339.44,23.068,-800,-623.57,-300,7.3913,-Inf,1
458.68,11.923,-641,-339.44,23.068,-800,-623.57,-300,7.6957,-Inf,1
458.68,11.923,-641,-339.44,23.068,-800,-623.57,-300,8,-Inf,1
394.68,11.356,-641,-339.44,23.068,-800,-623.57,-200,1,-981.91,1
394.68,11.356,-641,-339.44,23.068,-800,-623.57,-200,1.3043,-806.02,1
394.68,11.356,-641,-339.44,23.068,-800,-623.57,-200,1.6087,-673.26,1
394.68,11.356,-641,-339.44,23.068,-800,-623.57,-200,1.913,-574.23,1
394.68,11.356,-641,-339.44,23.068,-800,-623.57,-200,2.2174,-502.84,1
394.68,11.356,-641,-339.44,23.068,-800,-623.57,-200,2.5217,-455.26,1
394.68,11.356,-641,-339.44,23.068,-800,-623.57,-200,2.8261,-429.52,1
394.68,11.356,-641,-339.44,23.068,-800,-623.57,-200,3.1304,-425.27,1
394.68,11.356,-641,-339.44,23.068,-800,-623.57,-200,3.4348,-443.97,1
394.68,11.356,-641,-339.44,23.068,-800,-623.57,-200,3.7391,-489.52,1
394.68,11.356,-641,-339.44,23.068,-800,-623.57,-200,4.0435,-569.68,1
394.68,11.356,-641,-339.44,23.068,-800,-623.57,-200,4.3478,-699.47,1
394.68,11.356,-641,-339.44,23.068,-800,-623.57,-200,4.6522,-909.61,1
394.68,11.356,-641,-339.44,23.068,-800,-623.57,-200,4.9565,-1271.9,1
394.68,11.356,-641,-339.44,23.068,-800,-623.57,-200,5.2609,-1998.1,1
394.68,11.356,-641,-339.44,23.068,-800,-623.57,-200,5.5652,-Inf,1
394.68,11.356,-641,-339.44,23.068,-800,-623.57,-200,5.8696,-Inf,1
394.68,11.356,-641,-339.44,23.068,-800,-623.57,-200,6.1739,-Inf,1
394.68,11.356,-641,-339.44,23.068,-800,-623.57,-200,6.4783,-Inf,1
394.68,11.356,-641,-339.44,23.068,-800,-623.57,-200,6.7826,-Inf,1
394.68,11.356,-641,-339.44,23.068,-800,-623.57,-200,7.087,-Inf,1
394.68,11.356,-641,-339.44,23.068,-800,-623.57,-200,7.3913,-Inf,1
394.68,11.356,-641,-339.44,23.068,-800,-623.57,-200,7.6957,-Inf,1
394.68,11.356,-641,-339.44,23.068,-800,-623.57,-200,8,-Inf,1
348.08,11.954,-641,-339.44,23.068,-800,-623.57,-100,1,-1112.1,1
348.08,11.954,-641,-339.44,23.068,-800,-623.57,-100,1.3043,-908.76,1
348.08,11.954,-641,-339.44,23.068,-800,-623.57,-100,1.6087,-755.08,1
348.08,11.954,-641,-339.44,23.068,-800,-623.57,-100,1.913,-639.01,1
348.08,11.954,-641,-339.44,23.068,-800,-623.57,-100,2.2174,-552.64,1
348.08,11.954,-641,-339.44,23.068,-800,-623.57,-100,2.5217,-490.85,1
348.08,11.954,-641,-339.44,23.068,-800,-623.57,-100,2.8261,-450.53,1
348.08,11.954,-641,-339.44,23.068,-800,-623.57,-100,3.1304,-430.18,1
348.08,11.954,-641,-339.44,23.068,-800,-623.57,-100,3.4348,-429.88,1
348.08,11.954,-641,-339.44,23.068,-800,-623.57,-100,3.7391,-451.53,1
348.08,11.954,-641,-339.44,23.068,-800,-623.57,-100,4.0435,-499.62,1
348.08,11.954,-641,-339.44,23.068,-800,-623.57,-100,4.3478,-583.05,1
348.08,11.954,-641,-339.44,23.068,-800,-623.57,-100,4.6522,-719.46,1
348.08,11.954,-641,-339.44,23.068,-800,-623.57,-100,4.9565,-946.88,1
348.08,11.954,-641,-339.44,23.068,-800,-623.57,-100,5.2609,-1362.1,1
348.08,11.954,-641,-339.44,23.068,-800,-623.57,-100,5.5652,-Inf,1
348.08,11.954,-641,-339.44,23.068,-800,-623.57,-100,5.8696,-Inf,1
348.08,11.954,-641,-339.44,23.068,-800,-623.57,-100,6.1739,-Inf,1
348.08,11.954,-641,-339.44,23.068,-800,-623.57,-100,6.4783,-Inf,1
348.08,11.954,-641,-339.44,23.068,-800,-623.57,-100,6.7826,-Inf,1
348.08,11.954,-641,-339.44,23.068,-800,-623.57,-100,7.087,-Inf,1
348.08,11.954,-641,-339.44,23.068,-800,-623.57,-100,7.3913,-Inf,1
348.08,11.954,-641,-339.44,23.068,-800,-623.57,-100,7.6957,-Inf,1
348.08,11.954,-641,-339.44,23.068,-800,-623.57,-100,8,-Inf,1
326.41,13.896,-641,-339.44,23.068,-800,-623.57,0,1,-1270.1,1
326.41,13.896,-641,-339.44,23.068,-800,-623.57,0,1.3043,-1030.8,1
326.41,13.896,-641,-339.44,23.068,-800,-623.57,0,1.6087,-851.09,1
326.41,13.896,-641,-339.44,23.068,-800,-623.57,0,1.913,-715.02,1
326.41,13.896,-641,-339.44,23.068,-800,-623.57,0,2.2174,-612.16,1
326.41,13.896,-641,-339.44,23.068,-800,-623.57,0,2.5217,-535.65,1
326.41,13.896,-641,-339.44,23.068,-800,-623.57,0,2.8261,-481.08,1
326.41,13.896,-641,-339.44,23.068,-800,-623.57,0,3.1304,-445.79,1
326.41,13.896,-641,-339.44,23.068,-800,-623.57,0,3.4348,-428.61,1
326.41,13.896,-641,-339.44,23.068,-800,-623.57,0,3.7391,-429.88,1
326.41,13.896,-641,-339.44,23.068,-800,-623.57,0,4.0435,-451.69,1
326.41,13.896,-641,-339.44,23.068,-800,-623.57,0,4.3478,-498.85,1
326.41,13.896,-641,-339.44,23.068,-800,-623.57,0,4.6522,-580.95,1
326.41,13.896,-641,-339.44,23.068,-800,-623.57,0,4.9565,-717.58,1
326.41,13.896,-641,-339.44,23.068,-800,-623.57,0,5.2609,-953.25,1
326.41,13.896,-641,-339.44,23.068,-800,-623.57,0,5.5652,-1412,1
326.41,13.896,-641,-339.44,23.068,-800,-623.57,0,5.8696,-Inf,1
326.41,13.896,-641,-339.44,23.068,-800,-623.57,0,6.1739,-Inf,1
326.41,13.896,-641,-339.44,23.068,-800,-623.57,0,6.4783,-Inf,1
326.41,13.896,-641,-339.44,23.068,-800,-623.57,0,6.7826,-Inf,1
326.41,13.896,-641,-339.44,23.068,-800,-623.57,0,7.087,-Inf,1
326.41,13.896,-641,-339.44,23.068,-800,-623.57,0,7.3913,-Inf,1
326.41,13.896,-641,-339.44,23.068,-800,-623.57,0,7.6957,-Inf,1
326.41,13.896,-641,-339.44,23.068,-800,-623.57,0,8,-Inf,1
334.56,17.035,-641,-339.44,23.068,-800,-623.57,100,1,-1429.7,1
334.56,17.035,-641,-339.44,23.068,-800,-623.57,100,1.3043,-1149,1
334.56,17.035,-641,-339.44,23.068,-800,-623.57,100,1.6087,-941.72,1
334.56,17.035,-641,-339.44,23.068,-800,-623.57,100,1.913,-785.94,1
334.56,17.035,-641,-339.44,23.068,-800,-623.57,100,2.2174,-667.84,1
334.56,17.035,-641,-339.44,23.068,-800,-623.57,100,2.5217,-578.44,1
334.56,17.035,-641,-339.44,23.068,-800,-623.57,100,2.8261,-511.8,1
334.56,17.035,-641,-339.44,23.068,-800,-623.57,100,3.1304,-464.11,1
334.56,17.035,-641,-339.44,23.068,-800,-623.57,100,3.4348,-433.08,1
334.56,17.035,-641,-339.44,23.068,-800,-623.57,100,3.7391,-417.75,1
334.56,17.035,-641,-339.44,23.068,-800,-623.57,100,4.0435,-418.49,1
334.56,17.035,-641,-339.44,23.068,-800,-623.57,100,4.3478,-437.32,1
334.56,17.035,-641,-339.44,23.068,-800,-623.57,100,4.6522,-478.83,1
334.56,17.035,-641,-339.44,23.068,-800,-623.57,100,4.9565,-552.35,1
334.56,17.035,-641,-339.44,23.068,-800,-623.57,100,5.2609,-677.5,1
334.56,17.035,-641,-339.44,23.068,-800,-623.57,100,5.5652,-901.19,1
334.56,17.035,-641,-339.44,23.068,-800,-623.57,100,5.8696,-1365.5,1
334.56,17.035,-641,-339.44,23.068,-800,-623.57,100,6.1739,-Inf,1
334.56,17.035,-641,-339.44,23.068,-800,-623.57,100,6.4783,-Inf,1
334.56,17.035,-641,-339.44,23.068,-800,-623.57,100,6.7826,-Inf,1
334.56,17.035,-641,-339.44,23.068,-800,-623.57,100,7.087,-Inf,1
334.56,17.035,-641,-339.44,23.068,-800,-623.57,100,7.3913,-Inf,1
334.56,17.035,-641,-339.44,23.068,-800,-623.57,100,7.6957,-Inf,1
334.56,17.035,-641,-339.44,23.068,-800,-623.57,100,8,-Inf,1
370.56,21.101,-641,-339.44,23.068,-800,-623.57,200,1,-1497.3,1
370.56,21.101,-641,-339.44,23.068,-800,-623.57,200,1.3043,-1188.5,1
370.56,21.101,-641,-339.44,23.068,-800,-623.57,200,1.6087,-966.87,1
370.56,21.101,-641,-339.44,23.068,-800,-623.57,200,1.913,-803.52,1
370.56,21.101,-641,-339.44,23.068,-800,-623.57,200,2.2174,-680.91,1
370.56,21.101,-641,-339.44,23.068,-800,-623.57,200,2.5217,-587.96,1
370.56,21.101,-641,-339.44,23.068,-800,-623.57,200,2.8261,-517.48,1
370.56,21.101,-641,-339.44,23.068,-800,-623.57,200,3.1304,-464.72,1
370.56,21.101,-641,-339.44,23.068,-800,-623.57,200,3.4348,-426.61,1
370.56,21.101,-641,-339.44,23.068,-800,-623.57,200,3.7391,-401.32,1
370.56,21.101,-641,-339.44,23.068,-800,-623.57,200,4.0435,-388.03,1
370.56,21.101,-641,-339.44,23.068,-800,-623.57,200,4.3478,-387,1
370.56,21.101,-641,-339.44,23.068,-800,-623.57,200,4.6522,-399.76,1
370.56,21.101,-641,-339.44,23.068,-800,-623.57,200,4.9565,-429.96,1
370.56,21.101,-641,-339.44,23.068,-800,-623.57,200,5.2609,-485.1,1
370.56,21.101,-641,-339.44,23.068,-800,-623.57,200,5.5652,-581.47,1
370.56,21.101,-641,-339.44,23.068,-800,-623.57,200,5.8696,-759.55,1
370.56,21.101,-641,-339.44,23.068,-800,-623.57,200,6.1739,-1150.9,1
370.56,21.101,-641,-339.44,23.068,-800,-623.57,200,6.4783,-Inf,1
370.56,21.101,-641,-339.44,23.068,-800,-623.57,200,6.7826,-Inf,1
370.56,21.101,-641,-339.44,23.068,-800,-623.57,200,7.087,-Inf,1
370.56,21.101,-641,-339.44,23.068,-800,-623.57,200,7.3913,-Inf,1
370.56,21.101,-641,-339.44,23.068,-800,-623.57,200,7.6957,-Inf,1
370.56,21.101,-641,-339.44,23.068,-800,-623.57,200,8,-Inf,1
427.44,25.862,-641,-339.44,23.068,-800,-623.57,300,1,-1335.3,1
427.44,25.862,-641,-339.44,23.068,-800,-623.57,300,1.3043,-1046.4,1
427.44,25.862,-641,-339.44,23.068,-800,-623.57,300,1.6087,-848.56,1
427.44,25.862,-641,-339.44,23.068,-800,-623.57,300,1.913,-707.71,1
427.44,25.862,-641,-339.44,23.068,-800,-623.57,300,2.2174,-604.5,1
427.44,25.862,-641,-339.44,23.068,-800,-623.57,300,2.5217,-527.33,1
427.44,25.862,-641,-339.44,23.068,-800,-623.57,300,2.8261,-468.94,1
427.44,25.862,-641,-339.44,23.068,-800,-623.57,300,3.1304,-424.61,1
427.44,25.862,-641,-339.44,23.068,-800,-623.57,300,3.4348,-391.26,1
427.44,25.862,-641,-339.44,23.068,-800,-623.57,300,3.7391,-366.88,1
427.44,25.862,-641,-339.44,23.068,-800,-623.57,300,4.0435,-350.23,1
427.44,25.862,-641,-339.44,23.068,-800,-623.57,300,4.3478,-340.73,1
427.44,25.862,-641,-339.44,23.068,-800,-623.57,300,4.6522,-338.44,1
427.44,25.862,-641,-339.44,23.068,-800,-623.57,300,4.9565,-344.19,1
427.44,25.862,-641,-339.44,23.068,-800,-623.57,300,5.2609,-360.07,1
427.44,25.862,-641,-339.44,23.068,-800,-623.57,300,5.5652,-390.48,1
427.44,25.862,-641,-339.44,23.068,-800,-623.57,300,5.8696,-445.22,1
427.44,25.862,-641,-339.44,23.068,-800,-623.57,300,6.1739,-549.38,1
427.44,25.862,-641,-339.44,23.068,-800,-623.57,300,6.4783,-788.34,1
427.44,25.862,-641,-339.44,23.068,-800,-623.57,300,6.7826,-Inf,1
427.44,25.862,-641,-339.44,23.068,-800,-623.57,300,7.087,-Inf,1
427.44,25.862,-641,-339.44,23.068,-800,-623.57,300,7.3913,-Inf,1
427.44,25.862,-641,-339.44,23.068,-800,-623.57,300,7.6957,-Inf,1
427.44,25.862,-641,-339.44,23.068,-800,-623.57,300,8,-Inf,1
409.93,9.2315,-641,-339.44,23.068,-800,-535.36,-300,1,-769.51,1
409.93,9.2315,-641,-339.44,23.068,-800,-535.36,-300,1.3043,-628.06,1
409.93,9.2315,-641,-339.44,23.068,-800,-535.36,-300,1.6087,-522.23,1
409.93,9.2315,-641,-339.44,23.068,-800,-535.36,-300,1.913,-445.15,1
409.93,9.2315,-641,-339.44,23.068,-800,-535.36,-300,2.2174,-392.48,1
409.93,9.2315,-641,-339.44,23.068,-800,-535.36,-300,2.5217,-361.73,1
409.93,9.2315,-641,-339.44,23.068,-800,-535.36,-300,2.8261,-352.04,1
409.93,9.2315,-641,-339.44,23.068,-800,-535.36,-300,3.1304,-364.21,1
409.93,9.2315,-641,-339.44,23.068,-800,-535.36,-300,3.4348,-401.06,1
409.93,9.2315,-641,-339.44,23.068,-800,-535.36,-300,3.7391,-468.46,1
409.93,9.2315,-641,-339.44,23.068,-800,-535.36,-300,4.0435,-577.6,1
409.93,9.2315,-641,-339.44,23.068,-800,-535.36,-300,4.3478,-750.32,1
409.93,9.2315,-641,-339.44,23.068,-800,-535.36,-300,4.6522,-1033.7,1
409.93,9.2315,-641,-339.44,23.068,-800,-535.36,-300,4.9565,-1548.4,1
409.93,9.2315,-641,-339.44,23.068,-800,-535.36,-300,5.2609,-Inf,1
409.93,9.2315,-641,-339.44,23.068,-800,-535.36,-300,5.5652,-Inf,1
409.93,9.2315,-641,-339.44,23.068,-800,-535.36,-300,5.8696,-Inf,1
409.93,9.2315,-641,-339.44,23.068,-800,-535.36,-300,6.1739,-Inf,1
409.93,9.2315,-641,-339.44,23.068,-800,-535.36,-300,6.4783,-Inf,1
409.93,9.2315,-641,-339.44,23.068,-800,-535.36,-300,6.7826,-Inf,1
409.93,9.2315,-641,-339.44,23.068,-800,-535.36,-300,7.087,-Inf,1
409.93,9.2315,-641,-339.44,23.068,-800,-535.36,-300,7.3913,-Inf,1
409.93,9.2315,-641,-339.44,23.068,-800,-535.36,-300,7.6957,-Inf,1
409.93,9.2315,-641,-339.44,23.068,-800,-535.36,-300,8,-Inf,1
336.79,7.7345,-641,-339.44,23.068,-800,-535.36,-200,1,-857.65,1
336.79,7.7345,-641,-339.44,23.068,-800,-535.36,-200,1.3043,-698.96,1
336.79,7.7345,-641,-339.44,23.068,-800,-535.36,-200,1.6087,-579.17,1
336.79,7.7345,-641,-339.44,23.068,-800,-535.36,-200,1.913,-489.82,1
336.79,7.7345,-641,-339.44,23.068,-800,-535.36,-200,2.2174,-425.42,1
336.79,7.7345,-641,-339.44,23.068,-800,-535.36,-200,2.5217,-382.53,1
336.79,7.7345,-641,-339.44,23.068,-800,-535.36,-200,2.8261,-359.37,1
336.79,7.7345,-641,-339.44,23.068,-800,-535.36,-200,3.1304,-355.62,1
336.79,7.7345,-641,-339.44,23.068,-800,-535.36,-200,3.4348,-372.59,1
336.79,7.7345,-641,-339.44,23.068,-800,-535.36,-200,3.7391,-413.79,1
336.79,7.7345,-641,-339.44,23.068,-800,-535.36,-200,4.0435,-486.18,1
336.79,7.7345,-641,-339.44,23.068,-800,-535.36,-200,4.3478,-603.22,1
336.79,7.7345,-641,-339.44,23.068,-800,-535.36,-200,4.6522,-792.41,1
336.79,7.7345,-641,-339.44,23.068,-800,-535.36,-200,4.9565,-1117.8,1
336.79,7.7345,-641,-339.44,23.068,-800,-535.36,-200,5.2609,-1767.2,1
336.79,7.7345,-641,-339.44,23.068,-800,-535.36,-200,5.5652,-Inf,1
336.79,7.7345,-641,-339.44,23.068,-800,-535.36,-200,5.8696,-Inf,1
336.79,7.7345,-641,-339.44,23.068,-800,-535.36,-200,6.1739,-Inf,1
336.79,7.7345,-641,-339.44,23.068,-800,-535.36,-200,6.4783,-Inf,1
336.79,7.7345,-641,-339.44,23.068,-800,-535.36,-200,6.7826,-Inf,1
336.79,7.7345,-641,-339.44,23.068,-800,-535.36,-200,7.087,-Inf,1
336.79,7.7345,-641,-339.44,23.068,-800,-535.36,-200,7.3913,-Inf,1
336.79,7.7345,-641,-339.44,23.068,-800,-535.36,-200,7.6957,-Inf,1
336.79,7.7345,-641,-339.44,23.068,-800,-535.36,-200,8,-Inf,1
280.73,7.8032,-641,-339.44,23.068,-800,-535.36,-100,1,-971.21,1
280.73,7.8032,-641,-339.44,23.068,-800,-535.36,-100,1.3043,-788.89,1
280.73,7.8032,-641,-339.44,23.068,-800,-535.36,-100,1.6087,-651.06,1
280.73,7.8032,-641,-339.44,23.068,-800,-535.36,-100,1.913,-546.92,1
280.73,7.8032,-641,-339.44,23.068,-800,-535.36,-100,2.2174,-469.43,1
280.73,7.8032,-641,-339.44,23.068,-800,-535.36,-100,2.5217,-413.98,1
280.73,7.8032,-641,-339.44,23.068,-800,-535.36,-100,2.8261,-377.79,1
280.73,7.8032,-641,-339.44,23.068,-800,-535.36,-100,3.1304,-359.52,1
280.73,7.8032,-641,-339.44,23.068,-800,-535.36,-100,3.4348,-359.24,1
280.73,7.8032,-641,-339.44,23.068,-800,-535.36,-100,3.7391,-378.62,1
280.73,7.8032,-641,-339.44,23.068,-800,-535.36,-100,4.0435,-421.67,1
280.73,7.8032,-641,-339.44,23.068,-800,-535.36,-100,4.3478,-496.3,1
280.73,7.8032,-641,-339.44,23.068,-800,-535.36,-100,4.6522,-618.21,1
280.73,7.8032,-641,-339.44,23.068,-800,-535.36,-100,4.9565,-821.09,1
280.73,7.8032,-641,-339.44,23.068,-800,-535.36,-100,5.2609,-1190.5,1
280.73,7.8032,-641,-339.44,23.068,-800,-535.36,-100,5.5652,-Inf,1
280.73,7.8032,-641,-339.44,23.068,-800,-535.36,-100,5.8696,-Inf,1
280.73,7.8032,-641,-339.44,23.068,-800,-535.36,-100,6.1739,-Inf,1
280.73,7.8032,-641,-339.44,23.068,-800,-535.36,-100,6.4783,-Inf,1
280.73,7.8032,-641,-339.44,23.068,-800,-535.36,-100,6.7826,-Inf,1
280.73,7.8032,-641,-339.44,23.068,-800,-535.36,-100,7.087,-Inf,1
280.73,7.8032,-641,-339.44,23.068,-800,-535.36,-100,7.3913,-Inf,1
280.73,7.8032,-641,-339.44,23.068,-800,-535.36,-100,7.6957,-Inf,1
280.73,7.8032,-641,-339.44,23.068,-800,-535.36,-100,8,-Inf,1
253.37,9.916,-641,-339.44,23.068,-800,-535.36,0,1,-1114.3,1
253.37,9.916,-641,-339.44,23.068,-800,-535.36,0,1.3043,-899.87,1
253.37,9.916,-641,-339.44,23.068,-800,-535.36,0,1.6087,-738.81,1
253.37,9.916,-641,-339.44,23.068,-800,-535.36,0,1.913,-616.79,1
253.37,9.916,-641,-339.44,23.068,-800,-535.36,0,2.2174,-524.5,1
253.37,9.916,-641,-339.44,23.068,-800,-535.36,0,2.5217,-455.83,1
253.37,9.916,-641,-339.44,23.068,-800,-535.36,0,2.8261,-406.81,1
253.37,9.916,-641,-339.44,23.068,-800,-535.36,0,3.1304,-375.08,1
253.37,9.916,-641,-339.44,23.068,-800,-535.36,0,3.4348,-359.57,1
253.37,9.916,-641,-339.44,23.068,-800,-535.36,0,3.7391,-360.56,1
253.37,9.916,-641,-339.44,23.068,-800,-535.36,0,4.0435,-379.93,1
253.37,9.916,-641,-339.44,23.068,-800,-535.36,0,4.3478,-421.93,1
253.37,9.916,-641,-339.44,23.068,-800,-535.36,0,4.6522,-495.07,1
253.37,9.916,-641,-339.44,23.068,-800,-535.36,0,4.9565,-616.69,1
253.37,9.916,-641,-339.44,23.068,-800,-535.36,0,5.2609,-826.13,1
253.37,9.916,-641,-339.44,23.068,-800,-535.36,0,5.5652,-1232.5,1
253.37,9.916,-641,-339.44,23.068,-800,-535.36,0,5.8696,-Inf,1
253.37,9.916,-641,-339.44,23.068,-800,-535.36,0,6.1739,-Inf,1
253.37,9.916,-641,-339.44,23.068,-800,-535.36,0,6.4783,-Inf,1
253.37,9.916,-641,-339.44,23.068,-800,-535.36,0,6.7826,-Inf,1
253.37,9.916,-641,-339.44,23.068,-800,-535.36,0,7.087,-Inf,1
253.37,9.916,-641,-339.44,23.068,-800,-535.36,0,7.3913,-Inf,1
253.37,9.916,-641,-339.44,23.068,-800,-535.36,0,7.6957,-Inf,1
253.37,9.916,-641,-339.44,23.068,-800,-535.36,0,8,-Inf,1
263.79,13.558,-641,-339.44,23.068,-800,-535.36,100,1,-1272.4,1
263.79,13.558,-641,-339.44,23.068,-800,-535.36,100,1.3043,-1018.5,1
263.79,13.558,-641,-339.44,23.068,-800,-535.36,100,1.6087,-830.83,1
263.79,13.558,-641,-339.44,23.068,-800,-535.36,100,1.913,-689.71,1
263.79,13.558,-641,-339.44,23.068,-800,-535.36,100,2.2174,-582.67,1
263.79,13.558,-641,-339.44,23.068,-800,-535.36,100,2.5217,-501.58,1
263.79,13.558,-641,-339.44,23.068,-800,-535.36,100,2.8261,-441.08,1
263.79,13.558,-641,-339.44,23.068,-800,-535.36,100,3.1304,-397.73,1
263.79,13.558,-641,-339.44,23.068,-800,-535.36,100,3.4348,-369.45,1
263.79,13.558,-641,-339.44,23.068,-800,-535.36,100,3.7391,-355.36,1
263.79,13.558,-641,-339.44,23.068,-800,-535.36,100,4.0435,-355.78,1
263.79,13.558,-641,-339.44,23.068,-800,-535.36,100,4.3478,-372.51,1
263.79,13.558,-641,-339.44,23.068,-800,-535.36,100,4.6522,-409.65,1
263.79,13.558,-641,-339.44,23.068,-800,-535.36,100,4.9565,-475.52,1
263.79,13.558,-641,-339.44,23.068,-800,-535.36,100,5.2609,-587.66,1
263.79,13.558,-641,-339.44,23.068,-800,-535.36,100,5.5652,-787.8,1
263.79,13.558,-641,-339.44,23.068,-800,-535.36,100,5.8696,-1201.8,1
263.79,13.558,-641,-339.44,23.068,-800,-535.36,100,6.1739,-Inf,1
263.79,13.558,-641,-339.44,23.068,-800,-535.36,100,6.4783,-Inf,1
263.79,13.558,-641,-339.44,23.068,-800,-535.36,100,6.7826,-Inf,1
263.79,13.558,-641,-339.44,23.068,-800,-535.36,100,7.087,-Inf,1
263.79,13.558,-641,-339.44,23.068,-800,-535.36,100,7.3913,-Inf,1
263.79,13.558,-641,-339.44,23.068,-800,-535.36,100,7.6957,-Inf,1
263.79,13.558,-641,-339.44,23.068,-800,-535.36,100,8,-Inf,1
308.17,18.169,-641,-339.44,23.068,-800,-535.36,200,1,-1371.3,1
308.17,18.169,-641,-339.44,23.068,-800,-535.36,200,1.3043,-1084.9,1
308.17,18.169,-641,-339.44,23.068,-800,-535.36,200,1.6087,-879.23,1
308.17,18.169,-641,-339.44,23.068,-800,-535.36,200,1.913,-727.52,1
308.17,18.169,-641,-339.44,23.068,-800,-535.36,200,2.2174,-613.55,1
308.17,18.169,-641,-339.44,23.068,-800,-535.36,200,2.5217,-527.09,1
308.17,18.169,-641,-339.44,23.068,-800,-535.36,200,2.8261,-461.47,1
308.17,18.169,-641,-339.44,23.068,-800,-535.36,200,3.1304,-412.28,1
308.17,18.169,-641,-339.44,23.068,-800,-535.36,200,3.4348,-376.69,1
308.17,18.169,-641,-339.44,23.068,-800,-535.36,200,3.7391,-352.98,1
308.17,18.169,-641,-339.44,23.068,-800,-535.36,200,4.0435,-340.39,1
308.17,18.169,-641,-339.44,23.068,-800,-535.36,200,4.3478,-339.11,1
308.17,18.169,-641,-339.44,23.068,-800,-535.36,200,4.6522,-350.58,1
308.17,18.169,-641,-339.44,23.068,-800,-535.36,200,4.9565,-378.09,1
308.17,18.169,-641,-339.44,23.068,-800,-535.36,200,5.2609,-428.52,1
308.17,18.169,-641,-339.44,23.068,-800,-535.36,200,5.5652,-516.71,1
308.17,18.169,-641,-339.44,23.068,-800,-535.36,200,5.8696,-679.55,1
308.17,18.169,-641,-339.44,23.068,-800,-535.36,200,6.1739,-1036.3,1
308.17,18.169,-641,-339.44,23.068,-800,-535.36,200,6.4783,-Inf,1
308.17,18.169,-641,-339.44,23.068,-800,-535.36,200,6.7826,-Inf,1
308.17,18.169,-641,-339.44,23.068,-800,-535.36,200,7.087,-Inf,1
308.17,18.169,-641,-339.44,23.068,-800,-535.36,200,7.3913,-Inf,1
308.17,18.169,-641,-339.44,23.068,-800,-535.36,200,7.6957,-Inf,1
308.17,18.169,-641,-339.44,23.068,-800,-535.36,200,8,-Inf,1
374.64,23.441,-641,-339.44,23.068,-800,-535.36,300,1,-1267,1
374.64,23.441,-641,-339.44,23.068,-800,-535.36,300,1.3043,-990.57,1
374.64,23.441,-641,-339.44,23.068,-800,-535.36,300,1.6087,-801.09,1
374.64,23.441,-641,-339.44,23.068,-800,-535.36,300,1.913,-666.04,1
374.64,23.441,-641,-339.44,23.068,-800,-535.36,300,2.2174,-567,1
374.64,23.441,-641,-339.44,23.068,-800,-535.36,300,2.5217,-492.88,1
374.64,23.441,-641,-339.44,23.068,-800,-535.36,300,2.8261,-436.75,1
374.64,23.441,-641,-339.44,23.068,-800,-535.36,300,3.1304,-394.09,1
374.64,23.441,-641,-339.44,23.068,-800,-535.36,300,3.4348,-361.95,1
374.64,23.441,-641,-339.44,23.068,-800,-535.36,300,3.7391,-338.39,1
374.64,23.441,-641,-339.44,23.068,-800,-535.36,300,4.0435,-322.23,1
374.64,23.441,-641,-339.44,23.068,-800,-535.36,300,4.3478,-312.91,1
374.64,23.441,-641,-339.44,23.068,-800,-535.36,300,4.6522,-310.46,1
374.64,23.441,-641,-339.44,23.068,-800,-535.36,300,4.9565,-315.65,1
374.64,23.441,-641,-339.44,23.068,-800,-535.36,300,5.2609,-330.45,1
374.64,23.441,-641,-339.44,23.068,-800,-535.36,300,5.5652,-359,1
374.64,23.441,-641,-339.44,23.068,-800,-535.36,300,5.8696,-410.5,1
374.64,23.441,-641,-339.44,23.068,-800,-535.36,300,6.1739,-508.51,1
374.64,23.441,-641,-339.44,23.068,-800,-535.36,300,6.4783,-732.9,1
374.64,23.441,-641,-339.44,23.068,-800,-535.36,300,6.7826,-Inf,1
374.64,23.441,-641,-339.44,23.068,-800,-535.36,300,7.087,-Inf,1
374.64,23.441,-641,-339.44,23.068,-800,-535.36,300,7.3913,-Inf,1
374.64,23.441,-641,-339.44,23.068,-800,-535.36,300,7.6957,-Inf,1
374.64,23.441,-641,-339.44,23.068,-800,-535.36,300,8,-Inf,1
375.84,7.5011,-641,-339.44,23.068,-800,-447.14,-300,1,-687.7,1
375.84,7.5011,-641,-339.44,23.068,-800,-447.14,-300,1.3043,-557.38,1
375.84,7.5011,-641,-339.44,23.068,-800,-447.14,-300,1.6087,-459.91,1
375.84,7.5011,-641,-339.44,23.068,-800,-447.14,-300,1.913,-388.97,1
375.84,7.5011,-641,-339.44,23.068,-800,-447.14,-300,2.2174,-340.54,1
375.84,7.5011,-641,-339.44,23.068,-800,-447.14,-300,2.5217,-312.35,1
375.84,7.5011,-641,-339.44,23.068,-800,-447.14,-300,2.8261,-303.62,1
375.84,7.5011,-641,-339.44,23.068,-800,-447.14,-300,3.1304,-315.06,1
375.84,7.5011,-641,-339.44,23.068,-800,-447.14,-300,3.4348,-349.3,1
375.84,7.5011,-641,-339.44,23.068,-800,-447.14,-300,3.7391,-411.72,1
375.84,7.5011,-641,-339.44,23.068,-800,-447.14,-300,4.0435,-512.6,1
375.84,7.5011,-641,-339.44,23.068,-800,-447.14,-300,4.3478,-671.98,1
375.84,7.5011,-641,-339.44,23.068,-800,-447.14,-300,4.6522,-932.88,1
375.84,7.5011,-641,-339.44,23.068,-800,-447.14,-300,4.9565,-1405.3,1
375.84,7.5011,-641,-339.44,23.068,-800,-447.14,-300,5.2609,-Inf,1
375.84,7.5011,-641,-339.44,23.068,-800,-447.14,-300,5.5652,-Inf,1
375.84,7.5011,-641,-339.44,23.068,-800,-447.14,-300,5.8696,-Inf,1
375.84,7.5011,-641,-339.44,23.068,-800,-447.14,-300,6.1739,-Inf,1
375.84,7.5011,-641,-339.44,23.068,-800,-447.14,-300,6.4783,-Inf,1
375.84,7.5011,-641,-339.44,23.068,-800,-447.14,-300,6.7826,-Inf,1
375.84,7.5011,-641,-339.44,23.068,-800,-447.14,-300,7.087,-Inf,1
375.84,7.5011,-641,-339.44,23.068,-800,-447.14,-300,7.3913,-Inf,1
375.84,7.5011,-641,-339.44,23.068,-800,-447.14,-300,7.6957,-Inf,1
375.84,7.5011,-641,-339.44,23.068,-800,-447.14,-300,8,-Inf,1
294.35,4.5989,-641,-339.44,23.068,-800,-447.14,-200,1,-764.61,1
294.35,4.5989,-641,-339.44,23.068,-800,-447.14,-200,1.3043,-619.6,1
294.35,4.5989,-641,-339.44,23.068,-800,-447.14,-200,1.6087,-510.13,1
294.35,4.5989,-641,-339.44,23.068,-800,-447.14,-200,1.913,-428.5,1
294.35,4.5989,-641,-339.44,23.068,-800,-447.14,-200,2.2174,-369.68,1
294.35,4.5989,-641,-339.44,23.068,-800,-447.14,-200,2.5217,-330.55,1
294.35,4.5989,-641,-339.44,23.068,-800,-447.14,-200,2.8261,-309.47,1
294.35,4.5989,-641,-339.44,23.068,-800,-447.14,-200,3.1304,-306.15,1
294.35,4.5989,-641,-339.44,23.068,-800,-447.14,-200,3.4348,-321.81,1
294.35,4.5989,-641,-339.44,23.068,-800,-447.14,-200,3.7391,-359.62,1
294.35,4.5989,-641,-339.44,23.068,-800,-447.14,-200,4.0435,-425.92,1
294.35,4.5989,-641,-339.44,23.068,-800,-447.14,-200,4.3478,-532.95,1
294.35,4.5989,-641,-339.44,23.068,-800,-447.14,-200,4.6522,-705.64,1
294.35,4.5989,-641,-339.44,23.068,-800,-447.14,-200,4.9565,-1001.9,1
294.35,4.5989,-641,-339.44,23.068,-800,-447.14,-200,5.2609,-1590.8,1
294.35,4.5989,-641,-339.44,23.068,-800,-447.14,-200,5.5652,-Inf,1
294.35,4.5989,-641,-339.44,23.068,-800,-447.14,-200,5.8696,-Inf,1
294.35,4.5989,-641,-339.44,23.068,-800,-447.14,-200,6.1739,-Inf,1
294.35,4.5989,-641,-339.44,23.068,-800,-447.14,-200,6.4783,-Inf,1
294.35,4.5989,-641,-339.44,23.068,-800,-447.14,-200,6.7826,-Inf,1
294.35,4.5989,-641,-339.44,23.068,-800,-447.14,-200,7.087,-Inf,1
294.35,4.5989,-641,-339.44,23.068,-800,-447.14,-200,7.3913,-Inf,1
294.35,4.5989,-641,-339.44,23.068,-800,-447.14,-200,7.6957,-Inf,1
294.35,4.5989,-641,-339.44,23.068,-800,-447.14,-200,8,-Inf,1
228.1,3.4319,-641,-339.44,23.068,-800,-447.14,-100,1,-864.43,1
228.1,3.4319,-641,-339.44,23.068,-800,-447.14,-100,1.3043,-698.99,1
228.1,3.4319,-641,-339.44,23.068,-800,-447.14,-100,1.6087,-573.87,1
228.1,3.4319,-641,-339.44,23.068,-800,-447.14,-100,1.913,-479.34,1
228.1,3.4319,-641,-339.44,23.068,-800,-447.14,-100,2.2174,-408.97,1
228.1,3.4319,-641,-339.44,23.068,-800,-447.14,-100,2.5217,-358.64,1
228.1,3.4319,-641,-339.44,23.068,-800,-447.14,-100,2.8261,-325.79,1
228.1,3.4319,-641,-339.44,23.068,-800,-447.14,-100,3.1304,-309.22,1
228.1,3.4319,-641,-339.44,23.068,-800,-447.14,-100,3.4348,-308.99,1
228.1,3.4319,-641,-339.44,23.068,-800,-447.14,-100,3.7391,-326.6,1
228.1,3.4319,-641,-339.44,23.068,-800,-447.14,-100,4.0435,-365.68,1
228.1,3.4319,-641,-339.44,23.068,-800,-447.14,-100,4.3478,-433.36,1
228.1,3.4319,-641,-339.44,23.068,-800,-447.14,-100,4.6522,-543.75,1
228.1,3.4319,-641,-339.44,23.068,-800,-447.14,-100,4.9565,-727.15,1
228.1,3.4319,-641,-339.44,23.068,-800,-447.14,-100,5.2609,-1060.1,1
228.1,3.4319,-641,-339.44,23.068,-800,-447.14,-100,5.5652,-1803,1
228.1,3.4319,-641,-339.44,23.068,-800,-447.14,-100,5.8696,-Inf,1
228.1,3.4319,-641,-339.44,23.068,-800,-447.14,-100,6.1739,-Inf,1
228.1,3.4319,-641,-339.44,23.068,-800,-447.14,-100,6.4783,-Inf,1
228.1,3.4319,-641,-339.44,23.068,-800,-447.14,-100,6.7826,-Inf,1
228.1,3.4319,-641,-339.44,23.068,-800,-447.14,-100,7.087,-Inf,1
228.1,3.4319,-641,-339.44,23.068,-800,-447.14,-100,7.3913,-Inf,1
228.1,3.4319,-641,-339.44,23.068,-800,-447.14,-100,7.6957,-Inf,1
228.1,3.4319,-641,-339.44,23.068,-800,-447.14,-100,8,-Inf,1
193.43,6.2168,-641,-339.44,23.068,-800,-447.14,0,1,-993.09,1
193.43,6.2168,-641,-339.44,23.068,-800,-447.14,0,1.3043,-799.15,1
193.43,6.2168,-641,-339.44,23.068,-800,-447.14,0,1.6087,-653.42,1
193.43,6.2168,-641,-339.44,23.068,-800,-447.14,0,1.913,-542.96,1
193.43,6.2168,-641,-339.44,23.068,-800,-447.14,0,2.2174,-459.39,1
193.43,6.2168,-641,-339.44,23.068,-800,-447.14,0,2.5217,-397.18,1
193.43,6.2168,-641,-339.44,23.068,-800,-447.14,0,2.8261,-352.76,1
193.43,6.2168,-641,-339.44,23.068,-800,-447.14,0,3.1304,-323.97,1
193.43,6.2168,-641,-339.44,23.068,-800,-447.14,0,3.4348,-309.87,1
193.43,6.2168,-641,-339.44,23.068,-800,-447.14,0,3.7391,-310.68,1
193.43,6.2168,-641,-339.44,23.068,-800,-447.14,0,4.0435,-328.1,1
193.43,6.2168,-641,-339.44,23.068,-800,-447.14,0,4.3478,-365.93,1
193.43,6.2168,-641,-339.44,23.068,-800,-447.14,0,4.6522,-431.8,1
193.43,6.2168,-641,-339.44,23.068,-800,-447.14,0,4.9565,-541.24,1
193.43,6.2168,-641,-339.44,23.068,-800,-447.14,0,5.2609,-729.38,1
193.43,6.2168,-641,-339.44,23.068,-800,-447.14,0,5.5652,-1093.2,1
193.43,6.2168,-641,-339.44,23.068,-800,-447.14,0,5.8696,-Inf,1
193.43,6.2168,-641,-339.44,23.068,-800,-447.14,0,6.1739,-Inf,1
193.43,6.2168,-641,-339.44,23.068,-800,-447.14,0,6.4783,-Inf,1
193.43,6.2168,-641,-339.44,23.068,-800,-447.14,0,6.7826,-Inf,1
193.43,6.2168,-641,-339.44,23.068,-800,-447.14,0,7.087,-Inf,1
193.43,6.2168,-641,-339.44,23.068,-800,-447.14,0,7.3913,-Inf,1
193.43,6.2168,-641,-339.44,23.068,-800,-447.14,0,7.6957,-Inf,1
193.43,6.2168,-641,-339.44,23.068,-800,-447.14,0,8,-Inf,1
206.88,10.697,-641,-339.44,23.068,-800,-447.14,100,1,-1143.6,1
206.88,10.697,-641,-339.44,23.068,-800,-447.14,100,1.3043,-912.91,1
206.88,10.697,-641,-339.44,23.068,-800,-447.14,100,1.6087,-742.3,1
206.88,10.697,-641,-339.44,23.068,-800,-447.14,100,1.913,-613.93,1
206.88,10.697,-641,-339.44,23.068,-800,-447.14,100,2.2174,-516.5,1
206.88,10.697,-641,-339.44,23.068,-800,-447.14,100,2.5217,-442.64,1
206.88,10.697,-641,-339.44,23.068,-800,-447.14,100,2.8261,-387.5,1
206.88,10.697,-641,-339.44,23.068,-800,-447.14,100,3.1304,-347.94,1
206.88,10.697,-641,-339.44,23.068,-800,-447.14,100,3.4348,-322.08,1
206.88,10.697,-641,-339.44,23.068,-800,-447.14,100,3.7391,-309.11,1
206.88,10.697,-641,-339.44,23.068,-800,-447.14,100,4.0435,-309.31,1
206.88,10.697,-641,-339.44,23.068,-800,-447.14,100,4.3478,-324.28,1
206.88,10.697,-641,-339.44,23.068,-800,-447.14,100,4.6522,-357.71,1
206.88,10.697,-641,-339.44,23.068,-800,-447.14,100,4.9565,-417.09,1
206.88,10.697,-641,-339.44,23.068,-800,-447.14,100,5.2609,-518.12,1
206.88,10.697,-641,-339.44,23.068,-800,-447.14,100,5.5652,-698.18,1
206.88,10.697,-641,-339.44,23.068,-800,-447.14,100,5.8696,-1069.4,1
206.88,10.697,-641,-339.44,23.068,-800,-447.14,100,6.1739,-Inf,1
206.88,10.697,-641,-339.44,23.068,-800,-447.14,100,6.4783,-Inf,1
206.88,10.697,-641,-339.44,23.068,-800,-447.14,100,6.7826,-Inf,1
206.88,10.697,-641,-339.44,23.068,-800,-447.14,100,7.087,-Inf,1
206.88,10.697,-641,-339.44,23.068,-800,-447.14,100,7.3913,-Inf,1
206.88,10.697,-641,-339.44,23.068,-800,-447.14,100,7.6957,-Inf,1
206.88,10.697,-641,-339.44,23.068,-800,-447.14,100,8,-Inf,1
261.13,15.915,-641,-339.44,23.068,-800,-447.14,200,1,-1258.3,1
261.13,15.915,-641,-339.44,23.068,-800,-447.14,200,1.3043,-993.55,1
261.13,15.915,-641,-339.44,23.068,-800,-447.14,200,1.6087,-803.24,1
261.13,15.915,-641,-339.44,23.068,-800,-447.14,200,1.913,-662.74,1
261.13,15.915,-641,-339.44,23.068,-800,-447.14,200,2.2174,-557.12,1
261.13,15.915,-641,-339.44,23.068,-800,-447.14,200,2.5217,-476.93,1
261.13,15.915,-641,-339.44,23.068,-800,-447.14,200,2.8261,-416.01,1
261.13,15.915,-641,-339.44,23.068,-800,-447.14,200,3.1304,-370.31,1
261.13,15.915,-641,-339.44,23.068,-800,-447.14,200,3.4348,-337.17,1
261.13,15.915,-641,-339.44,23.068,-800,-447.14,200,3.7391,-315.03,1
261.13,15.915,-641,-339.44,23.068,-800,-447.14,200,4.0435,-303.15,1
261.13,15.915,-641,-339.44,23.068,-800,-447.14,200,4.3478,-301.72,1
261.13,15.915,-641,-339.44,23.068,-800,-447.14,200,4.6522,-312.02,1
261.13,15.915,-641,-339.44,23.068,-800,-447.14,200,4.9565,-337.07,1
261.13,15.915,-641,-339.44,23.068,-800,-447.14,200,5.2609,-383.11,1
261.13,15.915,-641,-339.44,23.068,-800,-447.14,200,5.5652,-463.69,1
261.13,15.915,-641,-339.44,23.068,-800,-447.14,200,5.8696,-612.34,1
261.13,15.915,-641,-339.44,23.068,-800,-447.14,200,6.1739,-936.96,1
261.13,15.915,-641,-339.44,23.068,-800,-447.14,200,6.4783,-Inf,1
261.13,15.915,-641,-339.44,23.068,-800,-447.14,200,6.7826,-Inf,1
261.13,15.915,-641,-339.44,23.068,-800,-447.14,200,7.087,-Inf,1
261.13,15.915,-641,-339.44,23.068,-800,-447.14,200,7.3913,-Inf,1
261.13,15.915,-641,-339.44,23.068,-800,-447.14,200,7.6957,-Inf,1
261.13,15.915,-641,-339.44,23.068,-800,-447.14,200,8,-Inf,1
337.01,21.661,-641,-339.44,23.068,-800,-447.14,300,1,-1198.3,1
337.01,21.661,-641,-339.44,23.068,-800,-447.14,300,1.3043,-935.77,1
337.01,21.661,-641,-339.44,23.068,-800,-447.14,300,1.6087,-755.64,1
337.01,21.661,-641,-339.44,23.068,-800,-447.14,300,1.913,-627.13,1
337.01,21.661,-641,-339.44,23.068,-800,-447.14,300,2.2174,-532.8,1
337.01,21.661,-641,-339.44,23.068,-800,-447.14,300,2.5217,-462.15,1
337.01,21.661,-641,-339.44,23.068,-800,-447.14,300,2.8261,-408.59,1
337.01,21.661,-641,-339.44,23.068,-800,-447.14,300,3.1304,-367.85,1
337.01,21.661,-641,-339.44,23.068,-800,-447.14,300,3.4348,-337.1,1
337.01,21.661,-641,-339.44,23.068,-800,-447.14,300,3.7391,-314.53,1
337.01,21.661,-641,-339.44,23.068,-800,-447.14,300,4.0435,-298.98,1
337.01,21.661,-641,-339.44,23.068,-800,-447.14,300,4.3478,-289.92,1
337.01,21.661,-641,-339.44,23.068,-800,-447.14,300,4.6522,-287.36,1
337.01,21.661,-641,-339.44,23.068,-800,-447.14,300,4.9565,-292.02,1
337.01,21.661,-641,-339.44,23.068,-800,-447.14,300,5.2609,-305.73,1
337.01,21.661,-641,-339.44,23.068,-800,-447.14,300,5.5652,-332.36,1
337.01,21.661,-641,-339.44,23.068,-800,-447.14,300,5.8696,-380.52,1
337.01,21.661,-641,-339.44,23.068,-800,-447.14,300,6.1739,-472.15,1
337.01,21.661,-641,-339.44,23.068,-800,-447.14,300,6.4783,-681.46,1
337.01,21.661,-641,-339.44,23.068,-800,-447.14,300,6.7826,-Inf,1
337.01,21.661,-641,-339.44,23.068,-800,-447.14,300,7.087,-Inf,1
337.01,21.661,-641,-339.44,23.068,-800,-447.14,300,7.3913,-Inf,1
337.01,21.661,-641,-339.44,23.068,-800,-447.14,300,7.6957,-Inf,1
337.01,21.661,-641,-339.44,23.068,-800,-447.14,300,8,-Inf,1
360.6,7.681,-641,-339.44,23.068,-800,-358.93,-300,1,-631.42,1
360.6,7.681,-641,-339.44,23.068,-800,-358.93,-300,1.3043,-509.43,1
360.6,7.681,-641,-339.44,23.068,-800,-358.93,-300,1.6087,-418.2,1
360.6,7.681,-641,-339.44,23.068,-800,-358.93,-300,1.913,-351.84,1
360.6,7.681,-641,-339.44,23.068,-800,-358.93,-300,2.2174,-306.61,1
360.6,7.681,-641,-339.44,23.068,-800,-358.93,-300,2.5217,-280.39,1
360.6,7.681,-641,-339.44,23.068,-800,-358.93,-300,2.8261,-272.42,1
360.6,7.681,-641,-339.44,23.068,-800,-358.93,-300,3.1304,-283.41,1
360.6,7.681,-641,-339.44,23.068,-800,-358.93,-300,3.4348,-315.8,1
360.6,7.681,-641,-339.44,23.068,-800,-358.93,-300,3.7391,-374.65,1
360.6,7.681,-641,-339.44,23.068,-800,-358.93,-300,4.0435,-469.54,1
360.6,7.681,-641,-339.44,23.068,-800,-358.93,-300,4.3478,-619.18,1
360.6,7.681,-641,-339.44,23.068,-800,-358.93,-300,4.6522,-863.61,1
360.6,7.681,-641,-339.44,23.068,-800,-358.93,-300,4.9565,-1304.9,1
360.6,7.681,-641,-339.44,23.068,-800,-358.93,-300,5.2609,-Inf,1
360.6,7.681,-641,-339.44,23.068,-800,-358.93,-300,5.5652,-Inf,1
360.6,7.681,-641,-339.44,23.068,-800,-358.93,-300,5.8696,-Inf,1
360.6,7.681,-641,-339.44,23.068,-800,-358.93,-300,6.1739,-Inf,1
360.6,7.681,-641,-339.44,23.068,-800,-358.93,-300,6.4783,-Inf,1
360.6,7.681,-641,-339.44,23.068,-800,-358.93,-300,6.7826,-Inf,1
360.6,7.681,-641,-339.44,23.068,-800,-358.93,-300,7.087,-Inf,1
360.6,7.681,-641,-339.44,23.068,-800,-358.93,-300,7.3913,-Inf,1
360.6,7.681,-641,-339.44,23.068,-800,-358.93,-300,7.6957,-Inf,1
360.6,7.681,-641,-339.44,23.068,-800,-358.93,-300,8,-Inf,1
274.63,4.192,-641,-339.44,23.068,-800,-358.93,-200,1,-700.32,1
274.63,4.192,-641,-339.44,23.068,-800,-358.93,-200,1.3043,-565.49,1
274.63,4.192,-641,-339.44,23.068,-800,-358.93,-200,1.6087,-463.71,1
274.63,4.192,-641,-339.44,23.068,-800,-358.93,-200,1.913,-387.83,1
274.63,4.192,-641,-339.44,23.068,-800,-358.93,-200,2.2174,-333.18,1
274.63,4.192,-641,-339.44,23.068,-800,-358.93,-200,2.5217,-296.88,1
274.63,4.192,-641,-339.44,23.068,-800,-358.93,-200,2.8261,-277.39,1
274.63,4.192,-641,-339.44,23.068,-800,-358.93,-200,3.1304,-274.46,1
274.63,4.192,-641,-339.44,23.068,-800,-358.93,-200,3.4348,-289.21,1
274.63,4.192,-641,-339.44,23.068,-800,-358.93,-200,3.7391,-324.59,1
274.63,4.192,-641,-339.44,23.068,-800,-358.93,-200,4.0435,-386.48,1
274.63,4.192,-641,-339.44,23.068,-800,-358.93,-200,4.3478,-486.21,1
274.63,4.192,-641,-339.44,23.068,-800,-358.93,-200,4.6522,-646.84,1
274.63,4.192,-641,-339.44,23.068,-800,-358.93,-200,4.9565,-921.72,1
274.63,4.192,-641,-339.44,23.068,-800,-358.93,-200,5.2609,-1465.8,1
274.63,4.192,-641,-339.44,23.068,-800,-358.93,-200,5.5652,-Inf,1
274.63,4.192,-641,-339.44,23.068,-800,-358.93,-200,5.8696,-Inf,1
274.63,4.192,-641,-339.44,23.068,-800,-358.93,-200,6.1739,-Inf,1
274.63,4.192,-641,-339.44,23.068,-800,-358.93,-200,6.4783,-Inf,1
274.63,4.192,-641,-339.44,23.068,-800,-358.93,-200,6.7826,-Inf,1
274.63,4.192,-641,-339.44,23.068,-800,-358.93,-200,7.087,-Inf,1
274.63,4.192,-641,-339.44,23.068,-800,-358.93,-200,7.3913,-Inf,1
274.63,4.192,-641,-339.44,23.068,-800,-358.93,-200,7.6957,-Inf,1
274.63,4.192,-641,-339.44,23.068,-800,-358.93,-200,8,-Inf,1
202.01,1.1358,-641,-339.44,23.068,-800,-358.93,-100,1,-789.88,1
202.01,1.1358,-641,-339.44,23.068,-800,-358.93,-100,1.3043,-637.05,1
202.01,1.1358,-641,-339.44,23.068,-800,-358.93,-100,1.6087,-521.45,1
202.01,1.1358,-641,-339.44,23.068,-800,-358.93,-100,1.913,-434.08,1
202.01,1.1358,-641,-339.44,23.068,-800,-358.93,-100,2.2174,-369.07,1
202.01,1.1358,-641,-339.44,23.068,-800,-358.93,-100,2.5217,-322.57,1
202.01,1.1358,-641,-339.44,23.068,-800,-358.93,-100,2.8261,-292.25,1
202.01,1.1358,-641,-339.44,23.068,-800,-358.93,-100,3.1304,-276.99,1
202.01,1.1358,-641,-339.44,23.068,-800,-358.93,-100,3.4348,-276.84,1
202.01,1.1358,-641,-339.44,23.068,-800,-358.93,-100,3.7391,-293.21,1
202.01,1.1358,-641,-339.44,23.068,-800,-358.93,-100,4.0435,-329.4,1
202.01,1.1358,-641,-339.44,23.068,-800,-358.93,-100,4.3478,-391.98,1
202.01,1.1358,-641,-339.44,23.068,-800,-358.93,-100,4.6522,-493.91,1
202.01,1.1358,-641,-339.44,23.068,-800,-358.93,-100,4.9565,-662.93,1
202.01,1.1358,-641,-339.44,23.068,-800,-358.93,-100,5.2609,-968.92,1
202.01,1.1358,-641,-339.44,23.068,-800,-358.93,-100,5.5652,-1647.9,1
202.01,1.1358,-641,-339.44,23.068,-800,-358.93,-100,5.8696,-Inf,1
202.01,1.1358,-641,-339.44,23.068,-800,-358.93,-100,6.1739,-Inf,1
202.01,1.1358,-641,-339.44,23.068,-800,-358.93,-100,6.4783,-Inf,1
202.01,1.1358,-641,-339.44,23.068,-800,-358.93,-100,6.7826,-Inf,1
202.01,1.1358,-641,-339.44,23.068,-800,-358.93,-100,7.087,-Inf,1
202.01,1.1358,-641,-339.44,23.068,-800,-358.93,-100,7.3913,-Inf,1
202.01,1.1358,-641,-339.44,23.068,-800,-358.93,-100,7.6957,-Inf,1
202.01,1.1358,-641,-339.44,23.068,-800,-358.93,-100,8,-Inf,1
161.85,4.5909,-641,-339.44,23.068,-800,-358.93,0,1,-906.59,1
161.85,4.5909,-641,-339.44,23.068,-800,-358.93,0,1.3043,-728.26,1
161.85,4.5909,-641,-339.44,23.068,-800,-358.93,0,1.6087,-594.18,1
161.85,4.5909,-641,-339.44,23.068,-800,-358.93,0,1.913,-492.53,1
161.85,4.5909,-641,-339.44,23.068,-800,-358.93,0,2.2174,-415.6,1
161.85,4.5909,-641,-339.44,23.068,-800,-358.93,0,2.5217,-358.32,1
161.85,4.5909,-641,-339.44,23.068,-800,-358.93,0,2.8261,-317.4,1
161.85,4.5909,-641,-339.44,23.068,-800,-358.93,0,3.1304,-290.88,1
161.85,4.5909,-641,-339.44,23.068,-800,-358.93,0,3.4348,-277.88,1
161.85,4.5909,-641,-339.44,23.068,-800,-358.93,0,3.7391,-278.61,1
161.85,4.5909,-641,-339.44,23.068,-800,-358.93,0,4.0435,-294.6,1
161.85,4.5909,-641,-339.44,23.068,-800,-358.93,0,4.3478,-329.34,1
161.85,4.5909,-641,-339.44,23.068,-800,-358.93,0,4.6522,-389.77,1
161.85,4.5909,-641,-339.44,23.068,-800,-358.93,0,4.9565,-490.07,1
161.85,4.5909,-641,-339.44,23.068,-800,-358.93,0,5.2609,-662.18,1
161.85,4.5909,-641,-339.44,23.068,-800,-358.93,0,5.5652,-993.92,1
161.85,4.5909,-641,-339.44,23.068,-800,-358.93,0,5.8696,-Inf,1
161.85,4.5909,-641,-339.44,23.068,-800,-358.93,0,6.1739,-Inf,1
161.85,4.5909,-641,-339.44,23.068,-800,-358.93,0,6.4783,-Inf,1
161.85,4.5909,-641,-339.44,23.068,-800,-358.93,0,6.7826,-Inf,1
161.85,4.5909,-641,-339.44,23.068,-800,-358.93,0,7.087,-Inf,1
161.85,4.5909,-641,-339.44,23.068,-800,-358.93,0,7.3913,-Inf,1
161.85,4.5909,-641,-339.44,23.068,-800,-358.93,0,7.6957,-Inf,1
161.85,4.5909,-641,-339.44,23.068,-800,-358.93,0,8,-Inf,1
177.71,9.5054,-641,-339.44,23.068,-800,-358.93,100,1,-1047.5,1
177.71,9.5054,-641,-339.44,23.068,-800,-358.93,100,1.3043,-835.34,1
177.71,9.5054,-641,-339.44,23.068,-800,-358.93,100,1.6087,-678.29,1
177.71,9.5054,-641,-339.44,23.068,-800,-358.93,100,1.913,-560.06,1
177.71,9.5054,-641,-339.44,23.068,-800,-358.93,100,2.2174,-470.27,1
177.71,9.5054,-641,-339.44,23.068,-800,-358.93,100,2.5217,-402.17,1
177.71,9.5054,-641,-339.44,23.068,-800,-358.93,100,2.8261,-351.3,1
177.71,9.5054,-641,-339.44,23.068,-800,-358.93,100,3.1304,-314.78,1
177.71,9.5054,-641,-339.44,23.068,-800,-358.93,100,3.4348,-290.87,1
177.71,9.5054,-641,-339.44,23.068,-800,-358.93,100,3.7391,-278.82,1
177.71,9.5054,-641,-339.44,23.068,-800,-358.93,100,4.0435,-278.88,1
177.71,9.5054,-641,-339.44,23.068,-800,-358.93,100,4.3478,-292.51,1
177.71,9.5054,-641,-339.44,23.068,-800,-358.93,100,4.6522,-323.07,1
177.71,9.5054,-641,-339.44,23.068,-800,-358.93,100,4.9565,-377.37,1
177.71,9.5054,-641,-339.44,23.068,-800,-358.93,100,5.2609,-469.72,1
177.71,9.5054,-641,-339.44,23.068,-800,-358.93,100,5.5652,-634.01,1
177.71,9.5054,-641,-339.44,23.068,-800,-358.93,100,5.8696,-971.53,1
177.71,9.5054,-641,-339.44,23.068,-800,-358.93,100,6.1739,-Inf,1
177.71,9.5054,-641,-339.44,23.068,-800,-358.93,100,6.4783,-Inf,1
177.71,9.5054,-641,-339.44,23.068,-800,-358.93,100,6.7826,-Inf,1
177.71,9.5054,-641,-339.44,23.068,-800,-358.93,100,7.087,-Inf,1
177.71,9.5054,-641,-339.44,23.068,-800,-358.93,100,7.3913,-Inf,1
177.71,9.5054,-641,-339.44,23.068,-800,-358.93,100,7.6957,-Inf,1
177.71,9.5054,-641,-339.44,23.068,-800,-358.93,100,8,-Inf,1
238.68,14.979,-641,-339.44,23.068,-800,-358.93,200,1,-1166.7,1
238.68,14.979,-641,-339.44,23.068,-800,-358.93,200,1.3043,-920.86,1
238.68,14.979,-641,-339.44,23.068,-800,-358.93,200,1.6087,-743.96,1
238.68,14.979,-641,-339.44,23.068,-800,-358.93,200,1.913,-613.25,1
238.68,14.979,-641,-339.44,23.068,-800,-358.93,200,2.2174,-514.92,1
238.68,14.979,-641,-339.44,23.068,-800,-358.93,200,2.5217,-440.21,1
238.68,14.979,-641,-339.44,23.068,-800,-358.93,200,2.8261,-383.41,1
238.68,14.979,-641,-339.44,23.068,-800,-358.93,200,3.1304,-340.75,1
238.68,14.979,-641,-339.44,23.068,-800,-358.93,200,3.4348,-309.79,1
238.68,14.979,-641,-339.44,23.068,-800,-358.93,200,3.7391,-289.04,1
238.68,14.979,-641,-339.44,23.068,-800,-358.93,200,4.0435,-277.83,1
238.68,14.979,-641,-339.44,23.068,-800,-358.93,200,4.3478,-276.31,1
238.68,14.979,-641,-339.44,23.068,-800,-358.93,200,4.6522,-285.65,1
238.68,14.979,-641,-339.44,23.068,-800,-358.93,200,4.9565,-308.62,1
238.68,14.979,-641,-339.44,23.068,-800,-358.93,200,5.2609,-350.95,1
238.68,14.979,-641,-339.44,23.068,-800,-358.93,200,5.5652,-425.07,1
238.68,14.979,-641,-339.44,23.068,-800,-358.93,200,5.8696,-561.62,1
238.68,14.979,-641,-339.44,23.068,-800,-358.93,200,6.1739,-858.83,1
238.68,14.979,-641,-339.44,23.068,-800,-358.93,200,6.4783,-Inf,1
238.68,14.979,-641,-339.44,23.068,-800,-358.93,200,6.7826,-Inf,1
238.68,14.979,-641,-339.44,23.068,-800,-358.93,200,7.087,-Inf,1
238.68,14.979,-641,-339.44,23.068,-800,-358.93,200,7.3913,-Inf,1
238.68,14.979,-641,-339.44,23.068,-800,-358.93,200,7.6957,-Inf,1
238.68,14.979,-641,-339.44,23.068,-800,-358.93,200,8,-Inf,1
319.93,20.94,-641,-339.44,23.068,-800,-358.93,300,1,-1135,1
319.93,20.94,-641,-339.44,23.068,-800,-358.93,300,1.3043,-886.64,1
319.93,20.94,-641,-339.44,23.068,-800,-358.93,300,1.6087,-716.05,1
319.93,20.94,-641,-339.44,23.068,-800,-358.93,300,1.913,-594.23,1
319.93,20.94,-641,-339.44,23.068,-800,-358.93,300,2.2174,-504.73,1
319.93,20.94,-641,-339.44,23.068,-800,-358.93,300,2.5217,-437.65,1
319.93,20.94,-641,-339.44,23.068,-800,-358.93,300,2.8261,-386.75,1
319.93,20.94,-641,-339.44,23.068,-800,-358.93,300,3.1304,-348,1
319.93,20.94,-641,-339.44,23.068,-800,-358.93,300,3.4348,-318.72,1
319.93,20.94,-641,-339.44,23.068,-800,-358.93,300,3.7391,-297.17,1
319.93,20.94,-641,-339.44,23.068,-800,-358.93,300,4.0435,-282.29,1
319.93,20.94,-641,-339.44,23.068,-800,-358.93,300,4.3478,-273.54,1
319.93,20.94,-641,-339.44,23.068,-800,-358.93,300,4.6522,-270.92,1
319.93,20.94,-641,-339.44,23.068,-800,-358.93,300,4.9565,-275.12,1
319.93,20.94,-641,-339.44,23.068,-800,-358.93,300,5.2609,-287.81,1
319.93,20.94,-641,-339.44,23.068,-800,-358.93,300,5.5652,-312.62,1
319.93,20.94,-641,-339.44,23.068,-800,-358.93,300,5.8696,-357.55,1
319.93,20.94,-641,-339.44,23.068,-800,-358.93,300,6.1739,-443.04,1
319.93,20.94,-641,-339.44,23.068,-800,-358.93,300,6.4783,-637.83,1
319.93,20.94,-641,-339.44,23.068,-800,-358.93,300,6.7826,-Inf,1
319.93,20.94,-641,-339.44,23.068,-800,-358.93,300,7.087,-Inf,1
319.93,20.94,-641,-339.44,23.068,-800,-358.93,300,7.3913,-Inf,1
319.93,20.94,-641,-339.44,23.068,-800,-358.93,300,7.6957,-Inf,1
319.93,20.94,-641,-339.44,23.068,-800,-358.93,300,8,-Inf,1
366.58,9.8077,-641,-339.44,23.068,-800,-270.71,-300,1,-598.4,0
366.58,9.8077,-641,-339.44,23.068,-800,-270.71,-300,1.3043,-482,0
366.58,9.8077,-641,-339.44,23.068,-800,-270.71,-300,1.6087,-395,0
366.58,9.8077,-641,-339.44,23.068,-800,-270.71,-300,1.913,-331.76,0
366.58,9.8077,-641,-339.44,23.068,-800,-270.71,-300,2.2174,-288.73,0
366.58,9.8077,-641,-339.44,23.068,-800,-270.71,-300,2.5217,-263.89,0
366.58,9.8077,-641,-339.44,23.068,-800,-270.71,-300,2.8261,-256.54,0
366.58,9.8077,-641,-339.44,23.068,-800,-270.71,-300,3.1304,-267.35,0
366.58,9.8077,-641,-339.44,23.068,-800,-270.71,-300,3.4348,-298.65,0
366.58,9.8077,-641,-339.44,23.068,-800,-270.71,-300,3.7391,-355.28,0
366.58,9.8077,-641,-339.44,23.068,-800,-270.71,-300,4.0435,-446.38,0
366.58,9.8077,-641,-339.44,23.068,-800,-270.71,-300,4.3478,-589.76,0
366.58,9.8077,-641,-339.44,23.068,-800,-270.71,-300,4.6522,-823.45,0
366.58,9.8077,-641,-339.44,23.068,-800,-270.71,-300,4.9565,-1244,0
366.58,9.8077,-641,-339.44,23.068,-800,-270.71,-300,5.2609,-Inf,0
366.58,9.8077,-641,-339.44,23.068,-800,-270.71,-300,5.5652,-Inf,0
366.58,9.8077,-641,-339.44,23.068,-800,-270.71,-300,5.8696,-Inf,0
366.58,9.8077,-641,-339.44,23.068,-800,-270.71,-300,6.1739,-Inf,0
366.58,9.8077,-641,-339.44,23.068,-800,-270.71,-300,6.4783,-Inf,0
366.58,9.8077,-641,-339.44,23.068,-800,-270.71,-300,6.7826,-Inf,0
366.58,9.8077,-641,-339.44,23.068,-800,-270.71,-300,7.087,-Inf,0
366.58,9.8077,-641,-339.44,23.068,-800,-270.71,-300,7.3913,-Inf,0
366.58,9.8077,-641,-339.44,23.068,-800,-270.71,-300,7.6957,-Inf,0
366.58,9.8077,-641,-339.44,23.068,-800,-270.71,-300,8,-Inf,0
282.43,7.2559,-641,-339.44,23.068,-800,-270.71,-200,1,-662.19,1
282.43,7.2559,-641,-339.44,23.068,-800,-270.71,-200,1.3043,-534.19,1
282.43,7.2559,-641,-339.44,23.068,-800,-270.71,-200,1.6087,-437.57,1
282.43,7.2559,-641,-339.44,23.068,-800,-270.71,-200,1.913,-365.56,1
282.43,7.2559,-641,-339.44,23.068,-800,-270.71,-200,2.2174,-313.74,1
282.43,7.2559,-641,-339.44,23.068,-800,-270.71,-200,2.5217,-279.37,1
282.43,7.2559,-641,-339.44,23.068,-800,-270.71,-200,2.8261,-261.01,1
282.43,7.2559,-641,-339.44,23.068,-800,-270.71,-200,3.1304,-258.43,1
282.43,7.2559,-641,-339.44,23.068,-800,-270.71,-200,3.4348,-272.68,1
282.43,7.2559,-641,-339.44,23.068,-800,-270.71,-200,3.7391,-306.56,1
282.43,7.2559,-641,-339.44,23.068,-800,-270.71,-200,4.0435,-365.67,1
282.43,7.2559,-641,-339.44,23.068,-800,-270.71,-200,4.3478,-460.73,1
282.43,7.2559,-641,-339.44,23.068,-800,-270.71,-200,4.6522,-613.51,1
282.43,7.2559,-641,-339.44,23.068,-800,-270.71,-200,4.9565,-874.31,1
282.43,7.2559,-641,-339.44,23.068,-800,-270.71,-200,5.2609,-1388.3,1
282.43,7.2559,-641,-339.44,23.068,-800,-270.71,-200,5.5652,-Inf,1
282.43,7.2559,-641,-339.44,23.068,-800,-270.71,-200,5.8696,-Inf,1
282.43,7.2559,-641,-339.44,23.068,-800,-270.71,-200,6.1739,-Inf,1
282.43,7.2559,-641,-339.44,23.068,-800,-270.71,-200,6.4783,-Inf,1
282.43,7.2559,-641,-339.44,23.068,-800,-270.71,-200,6.7826,-Inf,1
282.43,7.2559,-641,-339.44,23.068,-800,-270.71,-200,7.087,-Inf,1
282.43,7.2559,-641,-339.44,23.068,-800,-270.71,-200,7.3913,-Inf,1
282.43,7.2559,-641,-339.44,23.068,-800,-270.71,-200,7.6957,-Inf,1
282.43,7.2559,-641,-339.44,23.068,-800,-270.71,-200,8,-Inf,1
212.49,5.8253,-641,-339.44,23.068,-800,-270.71,-100,1,-744.96,1
212.49,5.8253,-641,-339.44,23.068,-800,-270.71,-100,1.3043,-600.61,1
212.49,5.8253,-641,-339.44,23.068,-800,-270.71,-100,1.6087,-491.4,1
212.49,5.8253,-641,-339.44,23.068,-800,-270.71,-100,1.913,-408.86,1
212.49,5.8253,-641,-339.44,23.068,-800,-270.71,-100,2.2174,-347.45,1
212.49,5.8253,-641,-339.44,23.068,-800,-270.71,-100,2.5217,-303.55,1
212.49,5.8253,-641,-339.44,23.068,-800,-270.71,-100,2.8261,-274.97,1
212.49,5.8253,-641,-339.44,23.068,-800,-270.71,-100,3.1304,-260.64,1
212.49,5.8253,-641,-339.44,23.068,-800,-270.71,-100,3.4348,-260.63,1
212.49,5.8253,-641,-339.44,23.068,-800,-270.71,-100,3.7391,-276.24,1
212.49,5.8253,-641,-339.44,23.068,-800,-270.71,-100,4.0435,-310.6,1
212.49,5.8253,-641,-339.44,23.068,-800,-270.71,-100,4.3478,-369.91,1
212.49,5.8253,-641,-339.44,23.068,-800,-270.71,-100,4.6522,-466.32,1
212.49,5.8253,-641,-339.44,23.068,-800,-270.71,-100,4.9565,-625.87,1
212.49,5.8253,-641,-339.44,23.068,-800,-270.71,-100,5.2609,-913.84,1
212.49,5.8253,-641,-339.44,23.068,-800,-270.71,-100,5.5652,-1549.2,1
212.49,5.8253,-641,-339.44,23.068,-800,-270.71,-100,5.8696,-Inf,1
212.49,5.8253,-641,-339.44,23.068,-800,-270.71,-100,6.1739,-Inf,1
212.49,5.8253,-641,-339.44,23.068,-800,-270.71,-100,6.4783,-Inf,1
212.49,5.8253,-641,-339.44,23.068,-800,-270.71,-100,6.7826,-Inf,1
212.49,5.8253,-641,-339.44,23.068,-800,-270.71,-100,7.087,-Inf,1
212.49,5.8253,-641,-339.44,23.068,-800,-270.71,-100,7.3913,-Inf,1
212.49,5.8253,-641,-339.44,23.068,-800,-270.71,-100,7.6957,-Inf,1
212.49,5.8253,-641,-339.44,23.068,-800,-270.71,-100,8,-Inf,1
174.75,7.1572,-641,-339.44,23.068,-800,-270.71,0,1,-853.05,1
174.75,7.1572,-641,-339.44,23.068,-800,-270.71,0,1.3043,-685.38,1
174.75,7.1572,-641,-339.44,23.068,-800,-270.71,0,1.6087,-559.28,1
174.75,7.1572,-641,-339.44,23.068,-800,-270.71,0,1.913,-463.64,1
174.75,7.1572,-641,-339.44,23.068,-800,-270.71,0,2.2174,-391.24,1
174.75,7.1572,-641,-339.44,23.068,-800,-270.71,0,2.5217,-337.34,1
174.75,7.1572,-641,-339.44,23.068,-800,-270.71,0,2.8261,-298.84,1
174.75,7.1572,-641,-339.44,23.068,-800,-270.71,0,3.1304,-273.89,1
174.75,7.1572,-641,-339.44,23.068,-800,-270.71,0,3.4348,-261.68,1
174.75,7.1572,-641,-339.44,23.068,-800,-270.71,0,3.7391,-262.41,1
174.75,7.1572,-641,-339.44,23.068,-800,-270.71,0,4.0435,-277.49,1
174.75,7.1572,-641,-339.44,23.068,-800,-270.71,0,4.3478,-310.2,1
174.75,7.1572,-641,-339.44,23.068,-800,-270.71,0,4.6522,-367.04,1
174.75,7.1572,-641,-339.44,23.068,-800,-270.71,0,4.9565,-461.22,1
174.75,7.1572,-641,-339.44,23.068,-800,-270.71,0,5.2609,-622.5,1
174.75,7.1572,-641,-339.44,23.068,-800,-270.71,0,5.5652,-932.31,1
174.75,7.1572,-641,-339.44,23.068,-800,-270.71,0,5.8696,-Inf,1
174.75,7.1572,-641,-339.44,23.068,-800,-270.71,0,6.1739,-Inf,1
174.75,7.1572,-641,-339.44,23.068,-800,-270.71,0,6.4783,-Inf,1
174.75,7.1572,-641,-339.44,23.068,-800,-270.71,0,6.7826,-Inf,1
174.75,7.1572,-641,-339.44,23.068,-800,-270.71,0,7.087,-Inf,1
174.75,7.1572,-641,-339.44,23.068,-800,-270.71,0,7.3913,-Inf,1
174.75,7.1572,-641,-339.44,23.068,-800,-270.71,0,7.6957,-Inf,1
174.75,7.1572,-641,-339.44,23.068,-800,-270.71,0,8,-Inf,1
189.54,10.881,-641,-339.44,23.068,-800,-270.71,100,1,-985.03,1
189.54,10.881,-641,-339.44,23.068,-800,-270.71,100,1.3043,-786.06,1
189.54,10.881,-641,-339.44,23.068,-800,-270.71,100,1.6087,-638.71,1
189.54,10.881,-641,-339.44,23.068,-800,-270.71,100,1.913,-527.72,1
189.54,10.881,-641,-339.44,23.068,-800,-270.71,100,2.2174,-443.38,1
189.54,10.881,-641,-339.44,23.068,-800,-270.71,100,2.5217,-379.39,1
189.54,10.881,-641,-339.44,23.068,-800,-270.71,100,2.8261,-331.58,1
189.54,10.881,-641,-339.44,23.068,-800,-270.71,100,3.1304,-297.23,1
189.54,10.881,-641,-339.44,23.068,-800,-270.71,100,3.4348,-274.73,1
189.54,10.881,-641,-339.44,23.068,-800,-270.71,100,3.7391,-263.36,1
189.54,10.881,-641,-339.44,23.068,-800,-270.71,100,4.0435,-263.36,1
189.54,10.881,-641,-339.44,23.068,-800,-270.71,100,4.3478,-276.09,1
189.54,10.881,-641,-339.44,23.068,-800,-270.71,100,4.6522,-304.66,1
189.54,10.881,-641,-339.44,23.068,-800,-270.71,100,4.9565,-355.43,1
189.54,10.881,-641,-339.44,23.068,-800,-270.71,100,5.2609,-441.67,1
189.54,10.881,-641,-339.44,23.068,-800,-270.71,100,5.5652,-594.81,1
189.54,10.881,-641,-339.44,23.068,-800,-270.71,100,5.8696,-908.24,1
189.54,10.881,-641,-339.44,23.068,-800,-270.71,100,6.1739,-Inf,1
189.54,10.881,-641,-339.44,23.068,-800,-270.71,100,6.4783,-Inf,1
189.54,10.881,-641,-339.44,23.068,-800,-270.71,100,6.7826,-Inf,1
189.54,10.881,-641,-339.44,23.068,-800,-270.71,100,7.087,-Inf,1
189.54,10.881,-641,-339.44,23.068,-800,-270.71,100,7.3913,-Inf,1
189.54,10.881,-641,-339.44,23.068,-800,-270.71,100,7.6957,-Inf,1
189.54,10.881,-641,-339.44,23.068,-800,-270.71,100,8,-Inf,1
247.61,15.855,-641,-339.44,23.068,-800,-270.71,200,1,-1101.2,1
247.61,15.855,-641,-339.44,23.068,-800,-270.71,200,1.3043,-870.26,1
247.61,15.855,-641,-339.44,23.068,-800,-270.71,200,1.6087,-703.94,1
247.61,15.855,-641,-339.44,23.068,-800,-270.71,200,1.913,-580.96,1
247.61,15.855,-641,-339.44,23.068,-800,-270.71,200,2.2174,-488.37,1
247.61,15.855,-641,-339.44,23.068,-800,-270.71,200,2.5217,-417.98,1
247.61,15.855,-641,-339.44,23.068,-800,-270.71,200,2.8261,-364.43,1
247.61,15.855,-641,-339.44,23.068,-800,-270.71,200,3.1304,-324.19,1
247.61,15.855,-641,-339.44,23.068,-800,-270.71,200,3.4348,-294.94,1
247.61,15.855,-641,-339.44,23.068,-800,-270.71,200,3.7391,-275.31,1
247.61,15.855,-641,-339.44,23.068,-800,-270.71,200,4.0435,-264.64,1
247.61,15.855,-641,-339.44,23.068,-800,-270.71,200,4.3478,-263.08,1
247.61,15.855,-641,-339.44,23.068,-800,-270.71,200,4.6522,-271.72,1
247.61,15.855,-641,-339.44,23.068,-800,-270.71,200,4.9565,-293.11,1
247.61,15.855,-641,-339.44,23.068,-800,-270.71,200,5.2609,-332.6,1
247.61,15.855,-641,-339.44,23.068,-800,-270.71,200,5.5652,-401.73,1
247.61,15.855,-641,-339.44,23.068,-800,-270.71,200,5.8696,-528.9,1
247.61,15.855,-641,-339.44,23.068,-800,-270.71,200,6.1739,-804.68,1
247.61,15.855,-641,-339.44,23.068,-800,-270.71,200,6.4783,-Inf,1
247.61,15.855,-641,-339.44,23.068,-800,-270.71,200,6.7826,-Inf,1
247.61,15.855,-641,-339.44,23.068,-800,-270.71,200,7.087,-Inf,1
247.61,15.855,-641,-339.44,23.068,-800,-270.71,200,7.3913,-Inf,1
247.61,15.855,-641,-339.44,23.068,-800,-270.71,200,7.6957,-Inf,1
247.61,15.855,-641,-339.44,23.068,-800,-270.71,200,8,-Inf,1
326.65,21.598,-641,-339.44,23.068,-800,-270.71,300,1,-1081.9,1
326.65,21.598,-641,-339.44,23.068,-800,-270.71,300,1.3043,-846.91,1
326.65,21.598,-641,-339.44,23.068,-800,-270.71,300,1.6087,-685.31,1
326.65,21.598,-641,-339.44,23.068,-800,-270.71,300,1.913,-569.79,1
326.65,21.598,-641,-339.44,23.068,-800,-270.71,300,2.2174,-484.85,1
326.65,21.598,-641,-339.44,23.068,-800,-270.71,300,2.5217,-421.14,1
326.65,21.598,-641,-339.44,23.068,-800,-270.71,300,2.8261,-372.76,1
326.65,21.598,-641,-339.44,23.068,-800,-270.71,300,3.1304,-335.89,1
326.65,21.598,-641,-339.44,23.068,-800,-270.71,300,3.4348,-308,1
326.65,21.598,-641,-339.44,23.068,-800,-270.71,300,3.7391,-287.46,1
326.65,21.598,-641,-339.44,23.068,-800,-270.71,300,4.0435,-273.22,1
326.65,21.598,-641,-339.44,23.068,-800,-270.71,300,4.3478,-264.8,1
326.65,21.598,-641,-339.44,23.068,-800,-270.71,300,4.6522,-262.18,1
326.65,21.598,-641,-339.44,23.068,-800,-270.71,300,4.9565,-265.99,1
326.65,21.598,-641,-339.44,23.068,-800,-270.71,300,5.2609,-277.8,1
326.65,21.598,-641,-339.44,23.068,-800,-270.71,300,5.5652,-301,1
326.65,21.598,-641,-339.44,23.068,-800,-270.71,300,5.8696,-343.06,1
326.65,21.598,-641,-339.44,23.068,-800,-270.71,300,6.1739,-423.03,1
326.65,21.598,-641,-339.44,23.068,-800,-270.71,300,6.4783,-604.72,1
326.65,21.598,-641,-339.44,23.068,-800,-270.71,300,6.7826,-1274.5,1
326.65,21.598,-641,-339.44,23.068,-800,-270.71,300,7.087,-Inf,1
326.65,21.598,-641,-339.44,23.068,-800,-270.71,300,7.3913,-Inf,1
326.65,21.598,-641,-339.44,23.068,-800,-270.71,300,7.6957,-Inf,1
326.65,21.598,-641,-339.44,23.068,-800,-270.71,300,8,-Inf,1
392.79,13.014,-641,-339.44,23.068,-800,-182.5,-300,1,-586.9,0
392.79,13.014,-641,-339.44,23.068,-800,-182.5,-300,1.3043,-473.53,0
392.79,13.014,-641,-339.44,23.068,-800,-182.5,-300,1.6087,-388.83,0
392.79,13.014,-641,-339.44,23.068,-800,-182.5,-300,1.913,-327.34,0
392.79,13.014,-641,-339.44,23.068,-800,-182.5,-300,2.2174,-285.57,0
392.79,13.014,-641,-339.44,23.068,-800,-182.5,-300,2.5217,-261.59,0
392.79,13.014,-641,-339.44,23.068,-800,-182.5,-300,2.8261,-254.72,0
392.79,13.014,-641,-339.44,23.068,-800,-182.5,-300,3.1304,-265.61,0
392.79,13.014,-641,-339.44,23.068,-800,-182.5,-300,3.4348,-296.56,0
392.79,13.014,-641,-339.44,23.068,-800,-182.5,-300,3.7391,-352.29,0
392.79,13.014,-641,-339.44,23.068,-800,-182.5,-300,4.0435,-441.72,0
392.79,13.014,-641,-339.44,23.068,-800,-182.5,-300,4.3478,-582.16,0
392.79,13.014,-641,-339.44,23.068,-800,-182.5,-300,4.6522,-810.56,0
392.79,13.014,-641,-339.44,23.068,-800,-182.5,-300,4.9565,-1220.3,0
392.79,13.014,-641,-339.44,23.068,-800,-182.5,-300,5.2609,-Inf,0
392.79,13.014,-641,-339.44,23.068,-800,-182.5,-300,5.5652,-Inf,0
392.79,13.014,-641,-339.44,23.068,-800,-182.5,-300,5.8696,-Inf,0
392.79,13.014,-641,-339.44,23.068,-800,-182.5,-300,6.1739,-Inf,0
392.79,13.014,-641,-339.44,23.068,-800,-182.5,-300,6.4783,-Inf,0
392.79,13.014,-641,-339.44,23.068,-800,-182.5,-300,6.7826,-Inf,0
392.79,13.014,-641,-339.44,23.068,-800,-182.5,-300,7.087,-Inf,0
392.79,13.014,-641,-339.44,23.068,-800,-182.5,-300,7.3913,-Inf,0
392.79,13.014,-641,-339.44,23.068,-800,-182.5,-300,7.6957,-Inf,0
392.79,13.014,-641,-339.44,23.068,-800,-182.5,-300,8,-Inf,0
315.71,11.33,-641,-339.44,23.068,-800,-182.5,-200,1,-648.18,0
315.71,11.33,-641,-339.44,23.068,-800,-182.5,-200,1.3043,-523.84,0
315.71,11.33,-641,-339.44,23.068,-800,-182.5,-200,1.6087,-430,0
315.71,11.33,-641,-339.44,23.068,-800,-182.5,-200,1.913,-360.08,0
315.71,11.33,-641,-339.44,23.068,-800,-182.5,-200,2.2174,-309.82,0
315.71,11.33,-641,-339.44,23.068,-800,-182.5,-200,2.5217,-276.56,0
315.71,11.33,-641,-339.44,23.068,-800,-182.5,-200,2.8261,-258.91,0
315.71,11.33,-641,-339.44,23.068,-800,-182.5,-200,3.1304,-256.63,0
315.71,11.33,-641,-339.44,23.068,-800,-182.5,-200,3.4348,-270.78,0
315.71,11.33,-641,-339.44,23.068,-800,-182.5,-200,3.7391,-304.08,0
315.71,11.33,-641,-339.44,23.068,-800,-182.5,-200,4.0435,-361.96,0
315.71,11.33,-641,-339.44,23.068,-800,-182.5,-200,4.3478,-454.83,0
315.71,11.33,-641,-339.44,23.068,-800,-182.5,-200,4.6522,-603.79,0
315.71,11.33,-641,-339.44,23.068,-800,-182.5,-200,4.9565,-857.38,0
315.71,11.33,-641,-339.44,23.068,-800,-182.5,-200,5.2609,-1355,0
315.71,11.33,-641,-339.44,23.068,-800,-182.5,-200,5.5652,-Inf,0
315.71,11.33,-641,-339.44,23.068,-800,-182.5,-200,5.8696,-Inf,0
315.71,11.33,-641,-339.44,23.068,-800,-182.5,-200,6.1739,-Inf,0
315.71,11.33,-641,-339.44,23.068,-800,-182.5,-200,6.4783,-Inf,0
315.71,11.33,-641,-339.44,23.068,-800,-182.5,-200,6.7826,-Inf,0
315.71,11.33,-641,-339.44,23.068,-800,-182.5,-200,7.087,-Inf,0
315.71,11.33,-641,-339.44,23.068,-800,-182.5,-200,7.3913,-Inf,0
315.71,11.33,-641,-339.44,23.068,-800,-182.5,-200,7.6957,-Inf,0
315.71,11.33,-641,-339.44,23.068,-800,-182.5,-200,8,-Inf,0
255.07,10.598,-641,-339.44,23.068,-800,-182.5,-100,1,-727.36,1
255.07,10.598,-641,-339.44,23.068,-800,-182.5,-100,1.3043,-587.58,1
255.07,10.598,-641,-339.44,23.068,-800,-182.5,-100,1.6087,-481.82,1
255.07,10.598,-641,-339.44,23.068,-800,-182.5,-100,1.913,-401.89,1
255.07,10.598,-641,-339.44,23.068,-800,-182.5,-100,2.2174,-342.45,1
255.07,10.598,-641,-339.44,23.068,-800,-182.5,-100,2.5217,-299.99,1
255.07,10.598,-641,-339.44,23.068,-800,-182.5,-100,2.8261,-272.39,1
255.07,10.598,-641,-339.44,23.068,-800,-182.5,-100,3.1304,-258.65,1
255.07,10.598,-641,-339.44,23.068,-800,-182.5,-100,3.4348,-258.8,1
255.07,10.598,-641,-339.44,23.068,-800,-182.5,-100,3.7391,-274.14,1
255.07,10.598,-641,-339.44,23.068,-800,-182.5,-100,4.0435,-307.7,1
255.07,10.598,-641,-339.44,23.068,-800,-182.5,-100,4.3478,-365.45,1
255.07,10.598,-641,-339.44,23.068,-800,-182.5,-100,4.6522,-459.14,1
255.07,10.598,-641,-339.44,23.068,-800,-182.5,-100,4.9565,-613.83,1
255.07,10.598,-641,-339.44,23.068,-800,-182.5,-100,5.2609,-892.19,1
255.07,10.598,-641,-339.44,23.068,-800,-182.5,-100,5.5652,-1502.8,1
255.07,10.598,-641,-339.44,23.068,-800,-182.5,-100,5.8696,-Inf,1
255.07,10.598,-641,-339.44,23.068,-800,-182.5,-100,6.1739,-Inf,1
255.07,10.598,-641,-339.44,23.068,-800,-182.5,-100,6.4783,-Inf,1
255.07,10.598,-641,-339.44,23.068,-800,-182.5,-100,6.7826,-Inf,1
255.07,10.598,-641,-339.44,23.068,-800,-182.5,-100,7.087,-Inf,1
255.07,10.598,-641,-339.44,23.068,-800,-182.5,-100,7.3913,-Inf,1
255.07,10.598,-641,-339.44,23.068,-800,-182.5,-100,7.6957,-Inf,1
255.07,10.598,-641,-339.44,23.068,-800,-182.5,-100,8,-Inf,1
224.6,11.508,-641,-339.44,23.068,-800,-182.5,0,1,-830.18,1
224.6,11.508,-641,-339.44,23.068,-800,-182.5,0,1.3043,-668.48,1
224.6,11.508,-641,-339.44,23.068,-800,-182.5,0,1.6087,-546.82,1
224.6,11.508,-641,-339.44,23.068,-800,-182.5,0,1.913,-454.53,1
224.6,11.508,-641,-339.44,23.068,-800,-182.5,0,2.2174,-384.65,1
224.6,11.508,-641,-339.44,23.068,-800,-182.5,0,2.5217,-332.63,1
224.6,11.508,-641,-339.44,23.068,-800,-182.5,0,2.8261,-295.5,1
224.6,11.508,-641,-339.44,23.068,-800,-182.5,0,3.1304,-271.47,1
224.6,11.508,-641,-339.44,23.068,-800,-182.5,0,3.4348,-259.76,1
224.6,11.508,-641,-339.44,23.068,-800,-182.5,0,3.7391,-260.55,1
224.6,11.508,-641,-339.44,23.068,-800,-182.5,0,4.0435,-275.23,1
224.6,11.508,-641,-339.44,23.068,-800,-182.5,0,4.3478,-306.93,1
224.6,11.508,-641,-339.44,23.068,-800,-182.5,0,4.6522,-361.92,1
224.6,11.508,-641,-339.44,23.068,-800,-182.5,0,4.9565,-452.86,1
224.6,11.508,-641,-339.44,23.068,-800,-182.5,0,5.2609,-608.25,1
224.6,11.508,-641,-339.44,23.068,-800,-182.5,0,5.5652,-905.65,1
224.6,11.508,-641,-339.44,23.068,-800,-182.5,0,5.8696,-Inf,1
224.6,11.508,-641,-339.44,23.068,-800,-182.5,0,6.1739,-Inf,1
224.6,11.508,-641,-339.44,23.068,-800,-182.5,0,6.4783,-Inf,1
224.6,11.508,-641,-339.44,23.068,-800,-182.5,0,6.7826,-Inf,1
224.6,11.508,-641,-339.44,23.068,-800,-182.5,0,7.087,-Inf,1
224.6,11.508,-641,-339.44,23.068,-800,-182.5,0,7.3913,-Inf,1
224.6,11.508,-641,-339.44,23.068,-800,-182.5,0,7.6957,-Inf,1
224.6,11.508,-641,-339.44,23.068,-800,-182.5,0,8,-Inf,1
236.29,14.238,-641,-339.44,23.068,-800,-182.5,100,1,-954.74,1
236.29,14.238,-641,-339.44,23.068,-800,-182.5,100,1.3043,-763.8,1
236.29,14.238,-641,-339.44,23.068,-800,-182.5,100,1.6087,-622.32,1
236.29,14.238,-641,-339.44,23.068,-800,-182.5,100,1.913,-515.68,1
236.29,14.238,-641,-339.44,23.068,-800,-182.5,100,2.2174,-434.62,1
236.29,14.238,-641,-339.44,23.068,-800,-182.5,100,2.5217,-373.1,1
236.29,14.238,-641,-339.44,23.068,-800,-182.5,100,2.8261,-327.12,1
236.29,14.238,-641,-339.44,23.068,-800,-182.5,100,3.1304,-294.09,1
236.29,14.238,-641,-339.44,23.068,-800,-182.5,100,3.4348,-272.46,1
236.29,14.238,-641,-339.44,23.068,-800,-182.5,100,3.7391,-261.54,1
236.29,14.238,-641,-339.44,23.068,-800,-182.5,100,4.0435,-261.55,1
236.29,14.238,-641,-339.44,23.068,-800,-182.5,100,4.3478,-273.79,1
236.29,14.238,-641,-339.44,23.068,-800,-182.5,100,4.6522,-301.25,1
236.29,14.238,-641,-339.44,23.068,-800,-182.5,100,4.9565,-349.98,1
236.29,14.238,-641,-339.44,23.068,-800,-182.5,100,5.2609,-432.64,1
236.29,14.238,-641,-339.44,23.068,-800,-182.5,100,5.5652,-579.09,1
236.29,14.238,-641,-339.44,23.068,-800,-182.5,100,5.8696,-877.63,1
236.29,14.238,-641,-339.44,23.068,-800,-182.5,100,6.1739,-Inf,1
236.29,14.238,-641,-339.44,23.068,-800,-182.5,100,6.4783,-Inf,1
236.29,14.238,-641,-339.44,23.068,-800,-182.5,100,6.7826,-Inf,1
236.29,14.238,-641,-339.44,23.068,-800,-182.5,100,7.087,-Inf,1
236.29,14.238,-641,-339.44,23.068,-800,-182.5,100,7.3913,-Inf,1
236.29,14.238,-641,-339.44,23.068,-800,-182.5,100,7.6957,-Inf,1
236.29,14.238,-641,-339.44,23.068,-800,-182.5,100,8,-Inf,1
284.99,18.42,-641,-339.44,23.068,-800,-182.5,200,1,-1062.7,1
284.99,18.42,-641,-339.44,23.068,-800,-182.5,200,1.3043,-842.31,1
284.99,18.42,-641,-339.44,23.068,-800,-182.5,200,1.6087,-683.48,1
284.99,18.42,-641,-339.44,23.068,-800,-182.5,200,1.913,-565.94,1
284.99,18.42,-641,-339.44,23.068,-800,-182.5,200,2.2174,-477.4,1
284.99,18.42,-641,-339.44,23.068,-800,-182.5,200,2.5217,-410.04,1
284.99,18.42,-641,-339.44,23.068,-800,-182.5,200,2.8261,-358.77,1
284.99,18.42,-641,-339.44,23.068,-800,-182.5,200,3.1304,-320.22,1
284.99,18.42,-641,-339.44,23.068,-800,-182.5,200,3.4348,-292.19,1
284.99,18.42,-641,-339.44,23.068,-800,-182.5,200,3.7391,-273.35,1
284.99,18.42,-641,-339.44,23.068,-800,-182.5,200,4.0435,-263.1,1
284.99,18.42,-641,-339.44,23.068,-800,-182.5,200,4.3478,-261.54,1
284.99,18.42,-641,-339.44,23.068,-800,-182.5,200,4.6522,-269.72,1
284.99,18.42,-641,-339.44,23.068,-800,-182.5,200,4.9565,-290.06,1
284.99,18.42,-641,-339.44,23.068,-800,-182.5,200,5.2609,-327.63,1
284.99,18.42,-641,-339.44,23.068,-800,-182.5,200,5.5652,-393.32,1
284.99,18.42,-641,-339.44,23.068,-800,-182.5,200,5.8696,-513.95,1
284.99,18.42,-641,-339.44,23.068,-800,-182.5,200,6.1739,-774.51,1
284.99,18.42,-641,-339.44,23.068,-800,-182.5,200,6.4783,-Inf,1
284.99,18.42,-641,-339.44,23.068,-800,-182.5,200,6.7826,-Inf,1
284.99,18.42,-641,-339.44,23.068,-800,-182.5,200,7.087,-Inf,1
284.99,18.42,-641,-339.44,23.068,-800,-182.5,200,7.3913,-Inf,1
284.99,18.42,-641,-339.44,23.068,-800,-182.5,200,7.6957,-Inf,1
284.99,18.42,-641,-339.44,23.068,-800,-182.5,200,8,-Inf,1
355.81,23.636,-641,-339.44,23.068,-800,-182.5,300,1,-1041.4,1
355.81,23.636,-641,-339.44,23.068,-800,-182.5,300,1.3043,-818.33,1
355.81,23.636,-641,-339.44,23.068,-800,-182.5,300,1.6087,-664.73,1
355.81,23.636,-641,-339.44,23.068,-800,-182.5,300,1.913,-554.83,1
355.81,23.636,-641,-339.44,23.068,-800,-182.5,300,2.2174,-473.95,1
355.81,23.636,-641,-339.44,23.068,-800,-182.5,300,2.5217,-413.23,1
355.81,23.636,-641,-339.44,23.068,-800,-182.5,300,2.8261,-367.09,1
355.81,23.636,-641,-339.44,23.068,-800,-182.5,300,3.1304,-331.91,1
355.81,23.636,-641,-339.44,23.068,-800,-182.5,300,3.4348,-305.28,1
355.81,23.636,-641,-339.44,23.068,-800,-182.5,300,3.7391,-285.63,1
355.81,23.636,-641,-339.44,23.068,-800,-182.5,300,4.0435,-272,1
355.81,23.636,-641,-339.44,23.068,-800,-182.5,300,4.3478,-263.89,1
355.81,23.636,-641,-339.44,23.068,-800,-182.5,300,4.6522,-261.31,1
355.81,23.636,-641,-339.44,23.068,-800,-182.5,300,4.9565,-264.82,1
355.81,23.636,-641,-339.44,23.068,-800,-182.5,300,5.2609,-275.91,1
355.81,23.636,-641,-339.44,23.068,-800,-182.5,300,5.5652,-297.77,1
355.81,23.636,-641,-339.44,23.068,-800,-182.5,300,5.8696,-337.42,1
355.81,23.636,-641,-339.44,23.068,-800,-182.5,300,6.1739,-412.7,1
355.81,23.636,-641,-339.44,23.068,-800,-182.5,300,6.4783,-583.17,1
355.81,23.636,-641,-339.44,23.068,-800,-182.5,300,6.7826,-1205.7,1
355.81,23.636,-641,-339.44,23.068,-800,-182.5,300,7.087,-Inf,1
355.81,23.636,-641,-339.44,23.068,-800,-182.5,300,7.3913,-Inf,1
355.81,23.636,-641,-339.44,23.068,-800,-182.5,300,7.6957,-Inf,1
355.81,23.636,-641,-339.44,23.068,-800,-182.5,300,8,-Inf,1
564.35,21.175,-641,-339.44,23.068,-685.71,-800,-300,1,-1028.9,1
564.35,21.175,-641,-339.44,23.068,-685.71,-800,-300,1.3043,-885.02,1
564.35,21.175,-641,-339.44,23.068,-685.71,-800,-300,1.6087,-779.71,1
564.35,21.175,-641,-339.44,23.068,-685.71,-800,-300,1.913,-706.68,1
564.35,21.175,-641,-339.44,23.068,-685.71,-800,-300,2.2174,-662.26,1
564.35,21.175,-641,-339.44,23.068,-685.71,-800,-300,2.5217,-644.88,1
564.35,21.175,-641,-339.44,23.068,-685.71,-800,-300,2.8261,-655.06,1
564.35,21.175,-641,-339.44,23.068,-685.71,-800,-300,3.1304,-695.7,1
564.35,21.175,-641,-339.44,23.068,-685.71,-800,-300,3.4348,-773.17,1
564.35,21.175,-641,-339.44,23.068,-685.71,-800,-300,3.7391,-899.53,1
564.35,21.175,-641,-339.44,23.068,-685.71,-800,-300,4.0435,-1097.8,1
564.35,21.175,-641,-339.44,23.068,-685.71,-800,-300,4.3478,-1415.6,1
564.35,21.175,-641,-339.44,23.068,-685.71,-800,-300,4.6522,-1966.6,1
564.35,21.175,-641,-339.44,23.068,-685.71,-800,-300,4.9565,-Inf,1
564.35,21.175,-641,-339.44,23.068,-685.71,-800,-300,5.2609,-Inf,1
564.35,21.175,-641,-339.44,23.068,-685.71,-800,-300,5.5652,-Inf,1
564.35,21.175,-641,-339.44,23.068,-685.71,-800,-300,5.8696,-Inf,1
564.35,21.175,-641,-339.44,23.068,-685.71,-800,-300,6.1739,-Inf,1
564.35,21.175,-641,-339.44,23.068,-685.71,-800,-300,6.4783,-Inf,1
564.35,21.175,-641,-339.44,23.068,-685.71,-800,-300,6.7826,-Inf,1
564.35,21.175,-641,-339.44,23.068,-685.71,-800,-300,7.087,-Inf,1
564.35,21.175,-641,-339.44,23.068,-685.71,-800,-300,7.3913,-Inf,1
564.35,21.175,-641,-339.44,23.068,-685.71,-800,-300,7.6957,-Inf,1
564.35,21.175,-641,-339.44,23.068,-685.71,-800,-300,8,-Inf,1
513.69,21.289,-641,-339.44,23.068,-685.71,-800,-200,1,-1152.2,1
513.69,21.289,-641,-339.44,23.068,-685.71,-800,-200,1.3043,-984.57,1
513.69,21.289,-641,-339.44,23.068,-685.71,-800,-200,1.6087,-859.36,1
513.69,21.289,-641,-339.44,23.068,-685.71,-800,-200,1.913,-768.52,1
513.69,21.289,-641,-339.44,23.068,-685.71,-800,-200,2.2174,-706.99,1
513.69,21.289,-641,-339.44,23.068,-685.71,-800,-200,2.5217,-671.95,1
513.69,21.289,-641,-339.44,23.068,-685.71,-800,-200,2.8261,-662.56,1
513.69,21.289,-641,-339.44,23.068,-685.71,-800,-200,3.1304,-680.05,1
513.69,21.289,-641,-339.44,23.068,-685.71,-800,-200,3.4348,-728.27,1
513.69,21.289,-641,-339.44,23.068,-685.71,-800,-200,3.7391,-815.06,1
513.69,21.289,-641,-339.44,23.068,-685.71,-800,-200,4.0435,-955.42,1
513.69,21.289,-641,-339.44,23.068,-685.71,-800,-200,4.3478,-1179,1
513.69,21.289,-641,-339.44,23.068,-685.71,-800,-200,4.6522,-1551.2,1
513.69,21.289,-641,-339.44,23.068,-685.71,-800,-200,4.9565,-2247.1,1
513.69,21.289,-641,-339.44,23.068,-685.71,-800,-200,5.2609,-Inf,1
513.69,21.289,-641,-339.44,23.068,-685.71,-800,-200,5.5652,-Inf,1
513.69,21.289,-641,-339.44,23.068,-685.71,-800,-200,5.8696,-Inf,1
513.69,21.289,-641,-339.44,23.068,-685.71,-800,-200,6.1739,-Inf,1
513.69,21.289,-641,-339.44,23.068,-685.71,-800,-200,6.4783,-Inf,1
513.69,21.289,-641,-339.44,23.068,-685.71,-800,-200,6.7826,-Inf,1
513.69,21.289,-641,-339.44,23.068,-685.71,-800,-200,7.087,-Inf,1
513.69,21.289,-641,-339.44,23.068,-685.71,-800,-200,7.3913,-Inf,1
513.69,21.289,-641,-339.44,23.068,-685.71,-800,-200,7.6957,-Inf,1
513.69,21.289,-641,-339.44,23.068,-685.71,-800,-200,8,-Inf,1
478.81,22.048,-641,-339.44,23.068,-685.71,-800,-100,1,-1314.9,1
478.81,22.048,-641,-339.44,23.068,-685.71,-800,-100,1.3043,-1114.4,1
478.81,22.048,-641,-339.44,23.068,-685.71,-800,-100,1.6087,-963.17,1
478.81,22.048,-641,-339.44,23.068,-685.71,-800,-100,1.913,-850.4,1
478.81,22.048,-641,-339.44,23.068,-685.71,-800,-100,2.2174,-769.13,1
478.81,22.048,-641,-339.44,23.068,-685.71,-800,-100,2.5217,-715.03,1
478.81,22.048,-641,-339.44,23.068,-685.71,-800,-100,2.8261,-685.85,1
478.81,22.048,-641,-339.44,23.068,-685.71,-800,-100,3.1304,-681.24,1
478.81,22.048,-641,-339.44,23.068,-685.71,-800,-100,3.4348,-702.98,1
478.81,22.048,-641,-339.44,23.068,-685.71,-800,-100,3.7391,-755.67,1
478.81,22.048,-641,-339.44,23.068,-685.71,-800,-100,4.0435,-848.51,1
478.81,22.048,-641,-339.44,23.068,-685.71,-800,-100,4.3478,-999.41,1
478.81,22.048,-641,-339.44,23.068,-685.71,-800,-100,4.6522,-1245.3,1
478.81,22.048,-641,-339.44,23.068,-685.71,-800,-100,4.9565,-1673.7,1
478.81,22.048,-641,-339.44,23.068,-685.71,-800,-100,5.2609,-Inf,1
478.81,22.048,-641,-339.44,23.068,-685.71,-800,-100,5.5652,-Inf,1
478.81,22.048,-641,-339.44,23.068,-685.71,-800,-100,5.8696,-Inf,1
478.81,22.048,-641,-339.44,23.068,-685.71,-800,-100,6.1739,-Inf,1
478.81,22.048,-641,-339.44,23.068,-685.71,-800,-100,6.4783,-Inf,1
478.81,22.048,-641,-339.44,23.068,-685.71,-800,-100,6.7826,-Inf,1
478.81,22.048,-641,-339.44,23.068,-685.71,-800,-100,7.087,-Inf,1
478.81,22.048,-641,-339.44,23.068,-685.71,-800,-100,7.3913,-Inf,1
478.81,22.048,-641,-339.44,23.068,-685.71,-800,-100,7.6957,-Inf,1
478.81,22.048,-641,-339.44,23.068,-685.71,-800,-100,8,-Inf,1
463.3,23.575,-641,-339.44,23.068,-685.71,-800,0,1,-1524.3,1
463.3,23.575,-641,-339.44,23.068,-685.71,-800,0,1.3043,-1278.3,1
463.3,23.575,-641,-339.44,23.068,-685.71,-800,0,1.6087,-1092.7,1
463.3,23.575,-641,-339.44,23.068,-685.71,-800,0,1.913,-952.45,1
463.3,23.575,-641,-339.44,23.068,-685.71,-800,0,2.2174,-847.87,1
463.3,23.575,-641,-339.44,23.068,-685.71,-800,0,2.5217,-772.62,1
463.3,23.575,-641,-339.44,23.068,-685.71,-800,0,2.8261,-722.78,1
463.3,23.575,-641,-339.44,23.068,-685.71,-800,0,3.1304,-696.43,1
463.3,23.575,-641,-339.44,23.068,-685.71,-800,0,3.4348,-693.49,1
463.3,23.575,-641,-339.44,23.068,-685.71,-800,0,3.7391,-716.02,1
463.3,23.575,-641,-339.44,23.068,-685.71,-800,0,4.0435,-769.06,1
463.3,23.575,-641,-339.44,23.068,-685.71,-800,0,4.3478,-862.74,1
463.3,23.575,-641,-339.44,23.068,-685.71,-800,0,4.6522,-1017.1,1
463.3,23.575,-641,-339.44,23.068,-685.71,-800,0,4.9565,-1275.5,1
463.3,23.575,-641,-339.44,23.068,-685.71,-800,0,5.2609,-1748,1
463.3,23.575,-641,-339.44,23.068,-685.71,-800,0,5.5652,-Inf,1
463.3,23.575,-641,-339.44,23.068,-685.71,-800,0,5.8696,-Inf,1
463.3,23.575,-641,-339.44,23.068,-685.71,-800,0,6.1739,-Inf,1
463.3,23.575,-641,-339.44,23.068,-685.71,-800,0,6.4783,-Inf,1
463.3,23.575,-641,-339.44,23.068,-685.71,-800,0,6.7826,-Inf,1
463.3,23.575,-641,-339.44,23.068,-685.71,-800,0,7.087,-Inf,1
463.3,23.575,-641,-339.44,23.068,-685.71,-800,0,7.3913,-Inf,1
463.3,23.575,-641,-339.44,23.068,-685.71,-800,0,7.6957,-Inf,1
463.3,23.575,-641,-339.44,23.068,-685.71,-800,0,8,-Inf,1
469.08,25.928,-641,-339.44,23.068,-685.71,-800,100,1,-1758.9,1
469.08,25.928,-641,-339.44,23.068,-685.71,-800,100,1.3043,-1454.8,1
469.08,25.928,-641,-339.44,23.068,-685.71,-800,100,1.6087,-1227.7,1
469.08,25.928,-641,-339.44,23.068,-685.71,-800,100,1.913,-1056.2,1
469.08,25.928,-641,-339.44,23.068,-685.71,-800,100,2.2174,-926.38,1
469.08,25.928,-641,-339.44,23.068,-685.71,-800,100,2.5217,-829.34,1
469.08,25.928,-641,-339.44,23.068,-685.71,-800,100,2.8261,-759.14,1
469.08,25.928,-641,-339.44,23.068,-685.71,-800,100,3.1304,-712.16,1
469.08,25.928,-641,-339.44,23.068,-685.71,-800,100,3.4348,-686.61,1
469.08,25.928,-641,-339.44,23.068,-685.71,-800,100,3.7391,-682.45,1
469.08,25.928,-641,-339.44,23.068,-685.71,-800,100,4.0435,-701.64,1
469.08,25.928,-641,-339.44,23.068,-685.71,-800,100,4.3478,-749.09,1
469.08,25.928,-641,-339.44,23.068,-685.71,-800,100,4.6522,-834.74,1
469.08,25.928,-641,-339.44,23.068,-685.71,-800,100,4.9565,-978.82,1
469.08,25.928,-641,-339.44,23.068,-685.71,-800,100,5.2609,-1226.5,1
469.08,25.928,-641,-339.44,23.068,-685.71,-800,100,5.5652,-1699.6,1
469.08,25.928,-641,-339.44,23.068,-685.71,-800,100,5.8696,-Inf,1
469.08,25.928,-641,-339.44,23.068,-685.71,-800,100,6.1739,-Inf,1
469.08,25.928,-641,-339.44,23.068,-685.71,-800,100,6.4783,-Inf,1
469.08,25.928,-641,-339.44,23.068,-685.71,-800,100,6.7826,-Inf,1
469.08,25.928,-641,-339.44,23.068,-685.71,-800,100,7.087,-Inf,1
469.08,25.928,-641,-339.44,23.068,-685.71,-800,100,7.3913,-Inf,1
469.08,25.928,-641,-339.44,23.068,-685.71,-800,100,7.6957,-Inf,1
469.08,25.928,-641,-339.44,23.068,-685.71,-800,100,8,-Inf,1
495.4,29.085,-641,-339.44,23.068,-685.71,-800,200,1,-1900.3,1
495.4,29.085,-641,-339.44,23.068,-685.71,-800,200,1.3043,-1543.9,1
495.4,29.085,-641,-339.44,23.068,-685.71,-800,200,1.6087,-1284.2,1
495.4,29.085,-641,-339.44,23.068,-685.71,-800,200,1.913,-1090.7,1
495.4,29.085,-641,-339.44,23.068,-685.71,-800,200,2.2174,-944.72,1
495.4,29.085,-641,-339.44,23.068,-685.71,-800,200,2.5217,-834.16,1
495.4,29.085,-641,-339.44,23.068,-685.71,-800,200,2.8261,-751.1,1
495.4,29.085,-641,-339.44,23.068,-685.71,-800,200,3.1304,-690.36,1
495.4,29.085,-641,-339.44,23.068,-685.71,-800,200,3.4348,-648.74,1
495.4,29.085,-641,-339.44,23.068,-685.71,-800,200,3.7391,-624.55,1
495.4,29.085,-641,-339.44,23.068,-685.71,-800,200,4.0435,-617.59,1
495.4,29.085,-641,-339.44,23.068,-685.71,-800,200,4.3478,-629.28,1
495.4,29.085,-641,-339.44,23.068,-685.71,-800,200,4.6522,-663.46,1
495.4,29.085,-641,-339.44,23.068,-685.71,-800,200,4.9565,-728.11,1
495.4,29.085,-641,-339.44,23.068,-685.71,-800,200,5.2609,-839.82,1
495.4,29.085,-641,-339.44,23.068,-685.71,-800,200,5.5652,-1036.5,1
495.4,29.085,-641,-339.44,23.068,-685.71,-800,200,5.8696,-1423.9,1
495.4,29.085,-641,-339.44,23.068,-685.71,-800,200,6.1739,-Inf,1
495.4,29.085,-641,-339.44,23.068,-685.71,-800,200,6.4783,-Inf,1
495.4,29.085,-641,-339.44,23.068,-685.71,-800,200,6.7826,-Inf,1
495.4,29.085,-641,-339.44,23.068,-685.71,-800,200,7.087,-Inf,1
495.4,29.085,-641,-339.44,23.068,-685.71,-800,200,7.3913,-Inf,1
495.4,29.085,-641,-339.44,23.068,-685.71,-800,200,7.6957,-Inf,1
495.4,29.085,-641,-339.44,23.068,-685.71,-800,200,8,-Inf,1
539.26,32.961,-641,-339.44,23.068,-685.71,-800,300,1,-1717.1,1
539.26,32.961,-641,-339.44,23.068,-685.71,-800,300,1.3043,-1365.7,1
539.26,32.961,-641,-339.44,23.068,-685.71,-800,300,1.6087,-1120.6,1
539.26,32.961,-641,-339.44,23.068,-685.71,-800,300,1.913,-943.74,1
539.26,32.961,-641,-339.44,23.068,-685.71,-800,300,2.2174,-812.93,1
539.26,32.961,-641,-339.44,23.068,-685.71,-800,300,2.5217,-714.62,1
539.26,32.961,-641,-339.44,23.068,-685.71,-800,300,2.8261,-640.19,1
539.26,32.961,-641,-339.44,23.068,-685.71,-800,300,3.1304,-584.01,1
539.26,32.961,-641,-339.44,23.068,-685.71,-800,300,3.4348,-542.4,1
539.26,32.961,-641,-339.44,23.068,-685.71,-800,300,3.7391,-513.02,1
539.26,32.961,-641,-339.44,23.068,-685.71,-800,300,4.0435,-494.56,1
539.26,32.961,-641,-339.44,23.068,-685.71,-800,300,4.3478,-486.64,1
539.26,32.961,-641,-339.44,23.068,-685.71,-800,300,4.6522,-489.9,1
539.26,32.961,-641,-339.44,23.068,-685.71,-800,300,4.9565,-506.37,1
539.26,32.961,-641,-339.44,23.068,-685.71,-800,300,5.2609,-540.52,1
539.26,32.961,-641,-339.44,23.068,-685.71,-800,300,5.5652,-601.76,1
539.26,32.961,-641,-339.44,23.068,-685.71,-800,300,5.8696,-711.85,1
539.26,32.961,-641,-339.44,23.068,-685.71,-800,300,6.1739,-931.87,1
539.26,32.961,-641,-339.44,23.068,-685.71,-800,300,6.4783,-1512.2,1
539.26,32.961,-641,-339.44,23.068,-685.71,-800,300,6.7826,-Inf,1
539.26,32.961,-641,-339.44,23.068,-685.71,-800,300,7.087,-Inf,1
539.26,32.961,-641,-339.44,23.068,-685.71,-800,300,7.3913,-Inf,1
539.26,32.961,-641,-339.44,23.068,-685.71,-800,300,7.6957,-Inf,1
539.26,32.961,-641,-339.44,23.068,-685.71,-800,300,8,-Inf,1
494.99,18.313,-641,-339.44,23.068,-685.71,-711.79,-300,1,-854.89,1
494.99,18.313,-641,-339.44,23.068,-685.71,-711.79,-300,1.3043,-728.87,1
494.99,18.313,-641,-339.44,23.068,-685.71,-711.79,-300,1.6087,-636.64,1
494.99,18.313,-641,-339.44,23.068,-685.71,-711.79,-300,1.913,-572.73,1
494.99,18.313,-641,-339.44,23.068,-685.71,-711.79,-300,2.2174,-533.95,1
494.99,18.313,-641,-339.44,23.068,-685.71,-711.79,-300,2.5217,-518.92,1
494.99,18.313,-641,-339.44,23.068,-685.71,-711.79,-300,2.8261,-528.07,1
494.99,18.313,-641,-339.44,23.068,-685.71,-711.79,-300,3.1304,-563.96,1
494.99,18.313,-641,-339.44,23.068,-685.71,-711.79,-300,3.4348,-632.15,1
494.99,18.313,-641,-339.44,23.068,-685.71,-711.79,-300,3.7391,-743.15,1
494.99,18.313,-641,-339.44,23.068,-685.71,-711.79,-300,4.0435,-917.04,1
494.99,18.313,-641,-339.44,23.068,-685.71,-711.79,-300,4.3478,-1195.1,1
494.99,18.313,-641,-339.44,23.068,-685.71,-711.79,-300,4.6522,-1675.8,1
494.99,18.313,-641,-339.44,23.068,-685.71,-711.79,-300,4.9565,-Inf,1
494.99,18.313,-641,-339.44,23.068,-685.71,-711.79,-300,5.2609,-Inf,1
494.99,18.313,-641,-339.44,23.068,-685.71,-711.79,-300,5.5652,-Inf,1
494.99,18.313,-641,-339.44,23.068,-685.71,-711.79,-300,5.8696,-Inf,1
494.99,18.313,-641,-339.44,23.068,-685.71,-711.79,-300,6.1739,-Inf,1
494.99,18.313,-641,-339.44,23.068,-685.71,-711.79,-300,6.4783,-Inf,1
494.99,18.313,-641,-339.44,23.068,-685.71,-711.79,-300,6.7826,-Inf,1
494.99,18.313,-641,-339.44,23.068,-685.71,-711.79,-300,7.087,-Inf,1
494.99,18.313,-641,-339.44,23.068,-685.71,-711.79,-300,7.3913,-Inf,1
494.99,18.313,-641,-339.44,23.068,-685.71,-711.79,-300,7.6957,-Inf,1
494.99,18.313,-641,-339.44,23.068,-685.71,-711.79,-300,8,-Inf,1
436.35,17.943,-641,-339.44,23.068,-685.71,-711.79,-200,1,-953.08,1
436.35,17.943,-641,-339.44,23.068,-685.71,-711.79,-200,1.3043,-808.05,1
436.35,17.943,-641,-339.44,23.068,-685.71,-711.79,-200,1.6087,-699.74,1
436.35,17.943,-641,-339.44,23.068,-685.71,-711.79,-200,1.913,-621.18,1
436.35,17.943,-641,-339.44,23.068,-685.71,-711.79,-200,2.2174,-568,1
436.35,17.943,-641,-339.44,23.068,-685.71,-711.79,-200,2.5217,-537.76,1
436.35,17.943,-641,-339.44,23.068,-685.71,-711.79,-200,2.8261,-529.73,1
436.35,17.943,-641,-339.44,23.068,-685.71,-711.79,-200,3.1304,-544.98,1
436.35,17.943,-641,-339.44,23.068,-685.71,-711.79,-200,3.4348,-586.8,1
436.35,17.943,-641,-339.44,23.068,-685.71,-711.79,-200,3.7391,-661.94,1
436.35,17.943,-641,-339.44,23.068,-685.71,-711.79,-200,4.0435,-783.28,1
436.35,17.943,-641,-339.44,23.068,-685.71,-711.79,-200,4.3478,-976.22,1
436.35,17.943,-641,-339.44,23.068,-685.71,-711.79,-200,4.6522,-1296.7,1
436.35,17.943,-641,-339.44,23.068,-685.71,-711.79,-200,4.9565,-1893.4,1
436.35,17.943,-641,-339.44,23.068,-685.71,-711.79,-200,5.2609,-Inf,1
436.35,17.943,-641,-339.44,23.068,-685.71,-711.79,-200,5.5652,-Inf,1
436.35,17.943,-641,-339.44,23.068,-685.71,-711.79,-200,5.8696,-Inf,1
436.35,17.943,-641,-339.44,23.068,-685.71,-711.79,-200,6.1739,-Inf,1
436.35,17.943,-641,-339.44,23.068,-685.71,-711.79,-200,6.4783,-Inf,1
436.35,17.943,-641,-339.44,23.068,-685.71,-711.79,-200,6.7826,-Inf,1
436.35,17.943,-641,-339.44,23.068,-685.71,-711.79,-200,7.087,-Inf,1
436.35,17.943,-641,-339.44,23.068,-685.71,-711.79,-200,7.3913,-Inf,1
436.35,17.943,-641,-339.44,23.068,-685.71,-711.79,-200,7.6957,-Inf,1
436.35,17.943,-641,-339.44,23.068,-685.71,-711.79,-200,8,-Inf,1
394.7,18.321,-641,-339.44,23.068,-685.71,-711.79,-100,1,-1085.4,1
394.7,18.321,-641,-339.44,23.068,-685.71,-711.79,-100,1.3043,-913.63,1
394.7,18.321,-641,-339.44,23.068,-685.71,-711.79,-100,1.6087,-784.04,1
394.7,18.321,-641,-339.44,23.068,-685.71,-711.79,-100,1.913,-687.4,1
394.7,18.321,-641,-339.44,23.068,-685.71,-711.79,-100,2.2174,-617.74,1
394.7,18.321,-641,-339.44,23.068,-685.71,-711.79,-100,2.5217,-571.37,1
394.7,18.321,-641,-339.44,23.068,-685.71,-711.79,-100,2.8261,-546.35,1
394.7,18.321,-641,-339.44,23.068,-685.71,-711.79,-100,3.1304,-542.37,1
394.7,18.321,-641,-339.44,23.068,-685.71,-711.79,-100,3.4348,-560.94,1
394.7,18.321,-641,-339.44,23.068,-685.71,-711.79,-100,3.7391,-605.96,1
394.7,18.321,-641,-339.44,23.068,-685.71,-711.79,-100,4.0435,-685.25,1
394.7,18.321,-641,-339.44,23.068,-685.71,-711.79,-100,4.3478,-813.97,1
394.7,18.321,-641,-339.44,23.068,-685.71,-711.79,-100,4.6522,-1023.4,1
394.7,18.321,-641,-339.44,23.068,-685.71,-711.79,-100,4.9565,-1387.2,1
394.7,18.321,-641,-339.44,23.068,-685.71,-711.79,-100,5.2609,-Inf,1
394.7,18.321,-641,-339.44,23.068,-685.71,-711.79,-100,5.5652,-Inf,1
394.7,18.321,-641,-339.44,23.068,-685.71,-711.79,-100,5.8696,-Inf,1
394.7,18.321,-641,-339.44,23.068,-685.71,-711.79,-100,6.1739,-Inf,1
394.7,18.321,-641,-339.44,23.068,-685.71,-711.79,-100,6.4783,-Inf,1
394.7,18.321,-641,-339.44,23.068,-685.71,-711.79,-100,6.7826,-Inf,1
394.7,18.321,-641,-339.44,23.068,-685.71,-711.79,-100,7.087,-Inf,1
394.7,18.321,-641,-339.44,23.068,-685.71,-711.79,-100,7.3913,-Inf,1
394.7,18.321,-641,-339.44,23.068,-685.71,-711.79,-100,7.6957,-Inf,1
394.7,18.321,-641,-339.44,23.068,-685.71,-711.79,-100,8,-Inf,1
375.73,19.656,-641,-339.44,23.068,-685.71,-711.79,0,1,-1263.9,1
375.73,19.656,-641,-339.44,23.068,-685.71,-711.79,0,1.3043,-1053.7,1
375.73,19.656,-641,-339.44,23.068,-685.71,-711.79,0,1.6087,-895.01,1
375.73,19.656,-641,-339.44,23.068,-685.71,-711.79,0,1.913,-775.06,1
375.73,19.656,-641,-339.44,23.068,-685.71,-711.79,0,2.2174,-685.57,1
375.73,19.656,-641,-339.44,23.068,-685.71,-711.79,0,2.5217,-621.12,1
375.73,19.656,-641,-339.44,23.068,-685.71,-711.79,0,2.8261,-578.38,1
375.73,19.656,-641,-339.44,23.068,-685.71,-711.79,0,3.1304,-555.71,1
375.73,19.656,-641,-339.44,23.068,-685.71,-711.79,0,3.4348,-553.01,1
375.73,19.656,-641,-339.44,23.068,-685.71,-711.79,0,3.7391,-572.02,1
375.73,19.656,-641,-339.44,23.068,-685.71,-711.79,0,4.0435,-616.99,1
375.73,19.656,-641,-339.44,23.068,-685.71,-711.79,0,4.3478,-696.46,1
375.73,19.656,-641,-339.44,23.068,-685.71,-711.79,0,4.6522,-827.35,1
375.73,19.656,-641,-339.44,23.068,-685.71,-711.79,0,4.9565,-1046.1,1
375.73,19.656,-641,-339.44,23.068,-685.71,-711.79,0,5.2609,-1444.8,1
375.73,19.656,-641,-339.44,23.068,-685.71,-711.79,0,5.5652,-Inf,1
375.73,19.656,-641,-339.44,23.068,-685.71,-711.79,0,5.8696,-Inf,1
375.73,19.656,-641,-339.44,23.068,-685.71,-711.79,0,6.1739,-Inf,1
375.73,19.656,-641,-339.44,23.068,-685.71,-711.79,0,6.4783,-Inf,1
375.73,19.656,-641,-339.44,23.068,-685.71,-711.79,0,6.7826,-Inf,1
375.73,19.656,-641,-339.44,23.068,-685.71,-711.79,0,7.087,-Inf,1
375.73,19.656,-641,-339.44,23.068,-685.71,-711.79,0,7.3913,-Inf,1
375.73,19.656,-641,-339.44,23.068,-685.71,-711.79,0,7.6957,-Inf,1
375.73,19.656,-641,-339.44,23.068,-685.71,-711.79,0,8,-Inf,1
382.83,22.039,-641,-339.44,23.068,-685.71,-711.79,100,1,-1487.1,1
382.83,22.039,-641,-339.44,23.068,-685.71,-711.79,100,1.3043,-1223.7,1
382.83,22.039,-641,-339.44,23.068,-685.71,-711.79,100,1.6087,-1026.8,1
382.83,22.039,-641,-339.44,23.068,-685.71,-711.79,100,1.913,-877.98,1
382.83,22.039,-641,-339.44,23.068,-685.71,-711.79,100,2.2174,-765.32,1
382.83,22.039,-641,-339.44,23.068,-685.71,-711.79,100,2.5217,-681.01,1
382.83,22.039,-641,-339.44,23.068,-685.71,-711.79,100,2.8261,-619.93,1
382.83,22.039,-641,-339.44,23.068,-685.71,-711.79,100,3.1304,-578.95,1
382.83,22.039,-641,-339.44,23.068,-685.71,-711.79,100,3.4348,-556.51,1
382.83,22.039,-641,-339.44,23.068,-685.71,-711.79,100,3.7391,-552.55,1
382.83,22.039,-641,-339.44,23.068,-685.71,-711.79,100,4.0435,-568.73,1
382.83,22.039,-641,-339.44,23.068,-685.71,-711.79,100,4.3478,-609.24,1
382.83,22.039,-641,-339.44,23.068,-685.71,-711.79,100,4.6522,-682.55,1
382.83,22.039,-641,-339.44,23.068,-685.71,-711.79,100,4.9565,-805.9,1
382.83,22.039,-641,-339.44,23.068,-685.71,-711.79,100,5.2609,-1017.7,1
382.83,22.039,-641,-339.44,23.068,-685.71,-711.79,100,5.5652,-1421,1
382.83,22.039,-641,-339.44,23.068,-685.71,-711.79,100,5.8696,-Inf,1
382.83,22.039,-641,-339.44,23.068,-685.71,-711.79,100,6.1739,-Inf,1
382.83,22.039,-641,-339.44,23.068,-685.71,-711.79,100,6.4783,-Inf,1
382.83,22.039,-641,-339.44,23.068,-685.71,-711.79,100,6.7826,-Inf,1
382.83,22.039,-641,-339.44,23.068,-685.71,-711.79,100,7.087,-Inf,1
382.83,22.039,-641,-339.44,23.068,-685.71,-711.79,100,7.3913,-Inf,1
382.83,22.039,-641,-339.44,23.068,-685.71,-711.79,100,7.6957,-Inf,1
382.83,22.039,-641,-339.44,23.068,-685.71,-711.79,100,8,-Inf,1
414.66,25.424,-641,-339.44,23.068,-685.71,-711.79,200,1,-1679.5,1
414.66,25.424,-641,-339.44,23.068,-685.71,-711.79,200,1.3043,-1358.3,1
414.66,25.424,-641,-339.44,23.068,-685.71,-711.79,200,1.6087,-1124,1
414.66,25.424,-641,-339.44,23.068,-685.71,-711.79,200,1.913,-949.27,1
414.66,25.424,-641,-339.44,23.068,-685.71,-711.79,200,2.2174,-817.35,1
414.66,25.424,-641,-339.44,23.068,-685.71,-711.79,200,2.5217,-717.33,1
414.66,25.424,-641,-339.44,23.068,-685.71,-711.79,200,2.8261,-642.1,1
414.66,25.424,-641,-339.44,23.068,-685.71,-711.79,200,3.1304,-586.99,1
414.66,25.424,-641,-339.44,23.068,-685.71,-711.79,200,3.4348,-549.08,1
414.66,25.424,-641,-339.44,23.068,-685.71,-711.79,200,3.7391,-526.87,1
414.66,25.424,-641,-339.44,23.068,-685.71,-711.79,200,4.0435,-520.12,1
414.66,25.424,-641,-339.44,23.068,-685.71,-711.79,200,4.3478,-530.1,1
414.66,25.424,-641,-339.44,23.068,-685.71,-711.79,200,4.6522,-560.17,1
414.66,25.424,-641,-339.44,23.068,-685.71,-711.79,200,4.9565,-617.42,1
414.66,25.424,-641,-339.44,23.068,-685.71,-711.79,200,5.2609,-716.5,1
414.66,25.424,-641,-339.44,23.068,-685.71,-711.79,200,5.5652,-890.88,1
414.66,25.424,-641,-339.44,23.068,-685.71,-711.79,200,5.8696,-1233.5,1
414.66,25.424,-641,-339.44,23.068,-685.71,-711.79,200,6.1739,-Inf,1
414.66,25.424,-641,-339.44,23.068,-685.71,-711.79,200,6.4783,-Inf,1
414.66,25.424,-641,-339.44,23.068,-685.71,-711.79,200,6.7826,-Inf,1
414.66,25.424,-641,-339.44,23.068,-685.71,-711.79,200,7.087,-Inf,1
414.66,25.424,-641,-339.44,23.068,-685.71,-711.79,200,7.3913,-Inf,1
414.66,25.424,-641,-339.44,23.068,-685.71,-711.79,200,7.6957,-Inf,1
414.66,25.424,-641,-339.44,23.068,-685.71,-711.79,200,8,-Inf,1
466.19,29.674,-641,-339.44,23.068,-685.71,-711.79,300,1,-1612.5,1
466.19,29.674,-641,-339.44,23.068,-685.71,-711.79,300,1.3043,-1277.4,1
466.19,29.674,-641,-339.44,23.068,-685.71,-711.79,300,1.6087,-1043.4,1
466.19,29.674,-641,-339.44,23.068,-685.71,-711.79,300,1.913,-874.28,1
466.19,29.674,-641,-339.44,23.068,-685.71,-711.79,300,2.2174,-749.12,1
466.19,29.674,-641,-339.44,23.068,-685.71,-711.79,300,2.5217,-654.97,1
466.19,29.674,-641,-339.44,23.068,-685.71,-711.79,300,2.8261,-583.6,1
466.19,29.674,-641,-339.44,23.068,-685.71,-711.79,300,3.1304,-529.65,1
466.19,29.674,-641,-339.44,23.068,-685.71,-711.79,300,3.4348,-489.61,1
466.19,29.674,-641,-339.44,23.068,-685.71,-711.79,300,3.7391,-461.22,1
466.19,29.674,-641,-339.44,23.068,-685.71,-711.79,300,4.0435,-443.24,1
466.19,29.674,-641,-339.44,23.068,-685.71,-711.79,300,4.3478,-435.27,1
466.19,29.674,-641,-339.44,23.068,-685.71,-711.79,300,4.6522,-437.89,1
466.19,29.674,-641,-339.44,23.068,-685.71,-711.79,300,4.9565,-453,1
466.19,29.674,-641,-339.44,23.068,-685.71,-711.79,300,5.2609,-484.74,1
466.19,29.674,-641,-339.44,23.068,-685.71,-711.79,300,5.5652,-541.93,1
466.19,29.674,-641,-339.44,23.068,-685.71,-711.79,300,5.8696,-644.85,1
466.19,29.674,-641,-339.44,23.068,-685.71,-711.79,300,6.1739,-850.31,1
466.19,29.674,-641,-339.44,23.068,-685.71,-711.79,300,6.4783,-1389.6,1
466.19,29.674,-641,-339.44,23.068,-685.71,-711.79,300,6.7826,-Inf,1
466.19,29.674,-641,-339.44,23.068,-685.71,-711.79,300,7.087,-Inf,1
466.19,29.674,-641,-339.44,23.068,-685.71,-711.79,300,7.3913,-Inf,1
466.19,29.674,-641,-339.44,23.068,-685.71,-711.79,300,7.6957,-Inf,1
466.19,29.674,-641,-339.44,23.068,-685.71,-711.79,300,8,-Inf,1
432.55,15.565,-641,-339.44,23.068,-685.71,-623.57,-300,1,-716.84,1
432.55,15.565,-641,-339.44,23.068,-685.71,-623.57,-300,1.3043,-605.83,1
432.55,15.565,-641,-339.44,23.068,-685.71,-623.57,-300,1.6087,-524.63,1
432.55,15.565,-641,-339.44,23.068,-685.71,-623.57,-300,1.913,-468.44,1
432.55,15.565,-641,-339.44,23.068,-685.71,-623.57,-300,2.2174,-434.41,1
432.55,15.565,-641,-339.44,23.068,-685.71,-623.57,-300,2.5217,-421.36,1
432.55,15.565,-641,-339.44,23.068,-685.71,-623.57,-300,2.8261,-429.67,1
432.55,15.565,-641,-339.44,23.068,-685.71,-623.57,-300,3.1304,-461.59,1
432.55,15.565,-641,-339.44,23.068,-685.71,-623.57,-300,3.4348,-521.98,1
432.55,15.565,-641,-339.44,23.068,-685.71,-623.57,-300,3.7391,-620.09,1
432.55,15.565,-641,-339.44,23.068,-685.71,-623.57,-300,4.0435,-773.51,1
432.55,15.565,-641,-339.44,23.068,-685.71,-623.57,-300,4.3478,-1018.3,1
432.55,15.565,-641,-339.44,23.068,-685.71,-623.57,-300,4.6522,-1440.2,1
432.55,15.565,-641,-339.44,23.068,-685.71,-623.57,-300,4.9565,-Inf,1
432.55,15.565,-641,-339.44,23.068,-685.71,-623.57,-300,5.2609,-Inf,1
432.55,15.565,-641,-339.44,23.068,-685.71,-623.57,-300,5.5652,-Inf,1
432.55,15.565,-641,-339.44,23.068,-685.71,-623.57,-300,5.8696,-Inf,1
432.55,15.565,-641,-339.44,23.068,-685.71,-623.57,-300,6.1739,-Inf,1
432.55,15.565,-641,-339.44,23.068,-685.71,-623.57,-300,6.4783,-Inf,1
432.55,15.565,-641,-339.44,23.068,-685.71,-623.57,-300,6.7826,-Inf,1
432.55,15.565,-641,-339.44,23.068,-685.71,-623.57,-300,7.087,-Inf,1
432.55,15.565,-641,-339.44,23.068,-685.71,-623.57,-300,7.3913,-Inf,1
432.55,15.565,-641,-339.44,23.068,-685.71,-623.57,-300,7.6957,-Inf,1
432.55,15.565,-641,-339.44,23.068,-685.71,-623.57,-300,8,-Inf,1
363.99,14.526,-641,-339.44,23.068,-685.71,-623.57,-200,1,-794.71,1
363.99,14.526,-641,-339.44,23.068,-685.71,-623.57,-200,1.3043,-668.75,1
363.99,14.526,-641,-339.44,23.068,-685.71,-623.57,-200,1.6087,-574.68,1
363.99,14.526,-641,-339.44,23.068,-685.71,-623.57,-200,1.913,-506.49,1
363.99,14.526,-641,-339.44,23.068,-685.71,-623.57,-200,2.2174,-460.36,1
363.99,14.526,-641,-339.44,23.068,-685.71,-623.57,-200,2.5217,-434.18,1
363.99,14.526,-641,-339.44,23.068,-685.71,-623.57,-200,2.8261,-427.32,1
363.99,14.526,-641,-339.44,23.068,-685.71,-623.57,-200,3.1304,-440.69,1
363.99,14.526,-641,-339.44,23.068,-685.71,-623.57,-200,3.4348,-477.15,1
363.99,14.526,-641,-339.44,23.068,-685.71,-623.57,-200,3.7391,-542.54,1
363.99,14.526,-641,-339.44,23.068,-685.71,-623.57,-200,4.0435,-647.93,1
363.99,14.526,-641,-339.44,23.068,-685.71,-623.57,-200,4.3478,-815.23,1
363.99,14.526,-641,-339.44,23.068,-685.71,-623.57,-200,4.6522,-1092.4,1
363.99,14.526,-641,-339.44,23.068,-685.71,-623.57,-200,4.9565,-1606.6,1
363.99,14.526,-641,-339.44,23.068,-685.71,-623.57,-200,5.2609,-Inf,1
363.99,14.526,-641,-339.44,23.068,-685.71,-623.57,-200,5.5652,-Inf,1
363.99,14.526,-641,-339.44,23.068,-685.71,-623.57,-200,5.8696,-Inf,1
363.99,14.526,-641,-339.44,23.068,-685.71,-623.57,-200,6.1739,-Inf,1
363.99,14.526,-641,-339.44,23.068,-685.71,-623.57,-200,6.4783,-Inf,1
363.99,14.526,-641,-339.44,23.068,-685.71,-623.57,-200,6.7826,-Inf,1
363.99,14.526,-641,-339.44,23.068,-685.71,-623.57,-200,7.087,-Inf,1
363.99,14.526,-641,-339.44,23.068,-685.71,-623.57,-200,7.3913,-Inf,1
363.99,14.526,-641,-339.44,23.068,-685.71,-623.57,-200,7.6957,-Inf,1
363.99,14.526,-641,-339.44,23.068,-685.71,-623.57,-200,8,-Inf,1
312.85,14.337,-641,-339.44,23.068,-685.71,-623.57,-100,1,-900.67,1
312.85,14.337,-641,-339.44,23.068,-685.71,-623.57,-100,1.3043,-753.41,1
312.85,14.337,-641,-339.44,23.068,-685.71,-623.57,-100,1.6087,-642.25,1
312.85,14.337,-641,-339.44,23.068,-685.71,-623.57,-100,1.913,-559.35,1
312.85,14.337,-641,-339.44,23.068,-685.71,-623.57,-100,2.2174,-499.6,1
312.85,14.337,-641,-339.44,23.068,-685.71,-623.57,-100,2.5217,-459.83,1
312.85,14.337,-641,-339.44,23.068,-685.71,-623.57,-100,2.8261,-438.37,1
312.85,14.337,-641,-339.44,23.068,-685.71,-623.57,-100,3.1304,-434.96,1
312.85,14.337,-641,-339.44,23.068,-685.71,-623.57,-100,3.4348,-450.87,1
312.85,14.337,-641,-339.44,23.068,-685.71,-623.57,-100,3.7391,-489.43,1
312.85,14.337,-641,-339.44,23.068,-685.71,-623.57,-100,4.0435,-557.28,1
312.85,14.337,-641,-339.44,23.068,-685.71,-623.57,-100,4.3478,-667.28,1
312.85,14.337,-641,-339.44,23.068,-685.71,-623.57,-100,4.6522,-845.91,1
312.85,14.337,-641,-339.44,23.068,-685.71,-623.57,-100,4.9565,-1155.5,1
312.85,14.337,-641,-339.44,23.068,-685.71,-623.57,-100,5.2609,-1782.5,1
312.85,14.337,-641,-339.44,23.068,-685.71,-623.57,-100,5.5652,-Inf,1
312.85,14.337,-641,-339.44,23.068,-685.71,-623.57,-100,5.8696,-Inf,1
312.85,14.337,-641,-339.44,23.068,-685.71,-623.57,-100,6.1739,-Inf,1
312.85,14.337,-641,-339.44,23.068,-685.71,-623.57,-100,6.4783,-Inf,1
312.85,14.337,-641,-339.44,23.068,-685.71,-623.57,-100,6.7826,-Inf,1
312.85,14.337,-641,-339.44,23.068,-685.71,-623.57,-100,7.087,-Inf,1
312.85,14.337,-641,-339.44,23.068,-685.71,-623.57,-100,7.3913,-Inf,1
312.85,14.337,-641,-339.44,23.068,-685.71,-623.57,-100,7.6957,-Inf,1
312.85,14.337,-641,-339.44,23.068,-685.71,-623.57,-100,8,-Inf,1
288.55,15.385,-641,-339.44,23.068,-685.71,-623.57,0,1,-1048,1
288.55,15.385,-641,-339.44,23.068,-685.71,-623.57,0,1.3043,-869.16,1
288.55,15.385,-641,-339.44,23.068,-685.71,-623.57,0,1.6087,-734.03,1
288.55,15.385,-641,-339.44,23.068,-685.71,-623.57,0,1.913,-631.87,1
288.55,15.385,-641,-339.44,23.068,-685.71,-623.57,0,2.2174,-555.62,1
288.55,15.385,-641,-339.44,23.068,-685.71,-623.57,0,2.5217,-500.67,1
288.55,15.385,-641,-339.44,23.068,-685.71,-623.57,0,2.8261,-464.19,1
288.55,15.385,-641,-339.44,23.068,-685.71,-623.57,0,3.1304,-444.78,1
288.55,15.385,-641,-339.44,23.068,-685.71,-623.57,0,3.4348,-442.35,1
288.55,15.385,-641,-339.44,23.068,-685.71,-623.57,0,3.7391,-458.34,1
288.55,15.385,-641,-339.44,23.068,-685.71,-623.57,0,4.0435,-496.34,1
288.55,15.385,-641,-339.44,23.068,-685.71,-623.57,0,4.3478,-563.53,1
288.55,15.385,-641,-339.44,23.068,-685.71,-623.57,0,4.6522,-674.11,1
288.55,15.385,-641,-339.44,23.068,-685.71,-623.57,0,4.9565,-858.6,1
288.55,15.385,-641,-339.44,23.068,-685.71,-623.57,0,5.2609,-1193.9,1
288.55,15.385,-641,-339.44,23.068,-685.71,-623.57,0,5.5652,-Inf,1
288.55,15.385,-641,-339.44,23.068,-685.71,-623.57,0,5.8696,-Inf,1
288.55,15.385,-641,-339.44,23.068,-685.71,-623.57,0,6.1739,-Inf,1
288.55,15.385,-641,-339.44,23.068,-685.71,-623.57,0,6.4783,-Inf,1
288.55,15.385,-641,-339.44,23.068,-685.71,-623.57,0,6.7826,-Inf,1
288.55,15.385,-641,-339.44,23.068,-685.71,-623.57,0,7.087,-Inf,1
288.55,15.385,-641,-339.44,23.068,-685.71,-623.57,0,7.3913,-Inf,1
288.55,15.385,-641,-339.44,23.068,-685.71,-623.57,0,7.6957,-Inf,1
288.55,15.385,-641,-339.44,23.068,-685.71,-623.57,0,8,-Inf,1
297.74,17.827,-641,-339.44,23.068,-685.71,-623.57,100,1,-1246.3,1
297.74,17.827,-641,-339.44,23.068,-685.71,-623.57,100,1.3043,-1021,1
297.74,17.827,-641,-339.44,23.068,-685.71,-623.57,100,1.6087,-852.45,1
297.74,17.827,-641,-339.44,23.068,-685.71,-623.57,100,1.913,-724.99,1
297.74,17.827,-641,-339.44,23.068,-685.71,-623.57,100,2.2174,-628.43,1
297.74,17.827,-641,-339.44,23.068,-685.71,-623.57,100,2.5217,-556.1,1
297.74,17.827,-641,-339.44,23.068,-685.71,-623.57,100,2.8261,-503.63,1
297.74,17.827,-641,-339.44,23.068,-685.71,-623.57,100,3.1304,-468.35,1
297.74,17.827,-641,-339.44,23.068,-685.71,-623.57,100,3.4348,-448.91,1
297.74,17.827,-641,-339.44,23.068,-685.71,-623.57,100,3.7391,-445.24,1
297.74,17.827,-641,-339.44,23.068,-685.71,-623.57,100,4.0435,-458.72,1
297.74,17.827,-641,-339.44,23.068,-685.71,-623.57,100,4.3478,-492.88,1
297.74,17.827,-641,-339.44,23.068,-685.71,-623.57,100,4.6522,-554.86,1
297.74,17.827,-641,-339.44,23.068,-685.71,-623.57,100,4.9565,-659.17,1
297.74,17.827,-641,-339.44,23.068,-685.71,-623.57,100,5.2609,-838.09,1
297.74,17.827,-641,-339.44,23.068,-685.71,-623.57,100,5.5652,-1177.7,1
297.74,17.827,-641,-339.44,23.068,-685.71,-623.57,100,5.8696,-Inf,1
297.74,17.827,-641,-339.44,23.068,-685.71,-623.57,100,6.1739,-Inf,1
297.74,17.827,-641,-339.44,23.068,-685.71,-623.57,100,6.4783,-Inf,1
297.74,17.827,-641,-339.44,23.068,-685.71,-623.57,100,6.7826,-Inf,1
297.74,17.827,-641,-339.44,23.068,-685.71,-623.57,100,7.087,-Inf,1
297.74,17.827,-641,-339.44,23.068,-685.71,-623.57,100,7.3913,-Inf,1
297.74,17.827,-641,-339.44,23.068,-685.71,-623.57,100,7.6957,-Inf,1
297.74,17.827,-641,-339.44,23.068,-685.71,-623.57,100,8,-Inf,1
337.69,21.536,-641,-339.44,23.068,-685.71,-623.57,200,1,-1457.5,1
337.69,21.536,-641,-339.44,23.068,-685.71,-623.57,200,1.3043,-1174.1,1
337.69,21.536,-641,-339.44,23.068,-685.71,-623.57,200,1.6087,-967.18,1
337.69,21.536,-641,-339.44,23.068,-685.71,-623.57,200,1.913,-812.8,1
337.69,21.536,-641,-339.44,23.068,-685.71,-623.57,200,2.2174,-696.12,1
337.69,21.536,-641,-339.44,23.068,-685.71,-623.57,200,2.5217,-607.57,1
337.69,21.536,-641,-339.44,23.068,-685.71,-623.57,200,2.8261,-540.88,1
337.69,21.536,-641,-339.44,23.068,-685.71,-623.57,200,3.1304,-491.93,1
337.69,21.536,-641,-339.44,23.068,-685.71,-623.57,200,3.4348,-458.16,1
337.69,21.536,-641,-339.44,23.068,-685.71,-623.57,200,3.7391,-438.2,1
337.69,21.536,-641,-339.44,23.068,-685.71,-623.57,200,4.0435,-431.84,1
337.69,21.536,-641,-339.44,23.068,-685.71,-623.57,200,4.3478,-440.15,1
337.69,21.536,-641,-339.44,23.068,-685.71,-623.57,200,4.6522,-466.05,1
337.69,21.536,-641,-339.44,23.068,-685.71,-623.57,200,4.9565,-515.65,1
337.69,21.536,-641,-339.44,23.068,-685.71,-623.57,200,5.2609,-601.66,1
337.69,21.536,-641,-339.44,23.068,-685.71,-623.57,200,5.5652,-753,1
337.69,21.536,-641,-339.44,23.068,-685.71,-623.57,200,5.8696,-1049.7,1
337.69,21.536,-641,-339.44,23.068,-685.71,-623.57,200,6.1739,-Inf,1
337.69,21.536,-641,-339.44,23.068,-685.71,-623.57,200,6.4783,-Inf,1
337.69,21.536,-641,-339.44,23.068,-685.71,-623.57,200,6.7826,-Inf,1
337.69,21.536,-641,-339.44,23.068,-685.71,-623.57,200,7.087,-Inf,1
337.69,21.536,-641,-339.44,23.068,-685.71,-623.57,200,7.3913,-Inf,1
337.69,21.536,-641,-339.44,23.068,-685.71,-623.57,200,7.6957,-Inf,1
337.69,21.536,-641,-339.44,23.068,-685.71,-623.57,200,8,-Inf,1
399.28,26.264,-641,-339.44,23.068,-685.71,-623.57,300,1,-1487.5,1
399.28,26.264,-641,-339.44,23.068,-685.71,-623.57,300,1.3043,-1174.2,1
399.28,26.264,-641,-339.44,23.068,-685.71,-623.57,300,1.6087,-955.18,1
399.28,26.264,-641,-339.44,23.068,-685.71,-623.57,300,1.913,-796.79,1
399.28,26.264,-641,-339.44,23.068,-685.71,-623.57,300,2.2174,-679.42,1
399.28,26.264,-641,-339.44,23.068,-685.71,-623.57,300,2.5217,-591.04,1
399.28,26.264,-641,-339.44,23.068,-685.71,-623.57,300,2.8261,-523.97,1
399.28,26.264,-641,-339.44,23.068,-685.71,-623.57,300,3.1304,-473.2,1
399.28,26.264,-641,-339.44,23.068,-685.71,-623.57,300,3.4348,-435.43,1
399.28,26.264,-641,-339.44,23.068,-685.71,-623.57,300,3.7391,-408.56,1
399.28,26.264,-641,-339.44,23.068,-685.71,-623.57,300,4.0435,-391.39,1
399.28,26.264,-641,-339.44,23.068,-685.71,-623.57,300,4.3478,-383.54,1
399.28,26.264,-641,-339.44,23.068,-685.71,-623.57,300,4.6522,-385.53,1
399.28,26.264,-641,-339.44,23.068,-685.71,-623.57,300,4.9565,-399.08,1
399.28,26.264,-641,-339.44,23.068,-685.71,-623.57,300,5.2609,-427.98,1
399.28,26.264,-641,-339.44,23.068,-685.71,-623.57,300,5.5652,-480.29,1
399.28,26.264,-641,-339.44,23.068,-685.71,-623.57,300,5.8696,-574.56,1
399.28,26.264,-641,-339.44,23.068,-685.71,-623.57,300,6.1739,-762.58,1
399.28,26.264,-641,-339.44,23.068,-685.71,-623.57,300,6.4783,-1253.7,1
399.28,26.264,-641,-339.44,23.068,-685.71,-623.57,300,6.7826,-Inf,1
399.28,26.264,-641,-339.44,23.068,-685.71,-623.57,300,7.087,-Inf,1
399.28,26.264,-641,-339.44,23.068,-685.71,-623.57,300,7.3913,-Inf,1
399.28,26.264,-641,-339.44,23.068,-685.71,-623.57,300,7.6957,-Inf,1
399.28,26.264,-641,-339.44,23.068,-685.71,-623.57,300,8,-Inf,1
380.47,13.206,-641,-339.44,23.068,-685.71,-535.36,-300,1,-611.84,1
380.47,13.206,-641,-339.44,23.068,-685.71,-535.36,-300,1.3043,-512.98,1
380.47,13.206,-641,-339.44,23.068,-685.71,-535.36,-300,1.6087,-440.72,1
380.47,13.206,-641,-339.44,23.068,-685.71,-535.36,-300,1.913,-390.76,1
380.47,13.206,-641,-339.44,23.068,-685.71,-535.36,-300,2.2174,-360.61,1
380.47,13.206,-641,-339.44,23.068,-685.71,-535.36,-300,2.5217,-349.19,1
380.47,13.206,-641,-339.44,23.068,-685.71,-535.36,-300,2.8261,-356.85,1
380.47,13.206,-641,-339.44,23.068,-685.71,-535.36,-300,3.1304,-385.59,1
380.47,13.206,-641,-339.44,23.068,-685.71,-535.36,-300,3.4348,-439.73,1
380.47,13.206,-641,-339.44,23.068,-685.71,-535.36,-300,3.7391,-527.5,1
380.47,13.206,-641,-339.44,23.068,-685.71,-535.36,-300,4.0435,-664.48,1
380.47,13.206,-641,-339.44,23.068,-685.71,-535.36,-300,4.3478,-882.63,1
380.47,13.206,-641,-339.44,23.068,-685.71,-535.36,-300,4.6522,-1257.4,1
380.47,13.206,-641,-339.44,23.068,-685.71,-535.36,-300,4.9565,-2018,1
380.47,13.206,-641,-339.44,23.068,-685.71,-535.36,-300,5.2609,-Inf,1
380.47,13.206,-641,-339.44,23.068,-685.71,-535.36,-300,5.5652,-Inf,1
380.47,13.206,-641,-339.44,23.068,-685.71,-535.36,-300,5.8696,-Inf,1
380.47,13.206,-641,-339.44,23.068,-685.71,-535.36,-300,6.1739,-Inf,1
380.47,13.206,-641,-339.44,23.068,-685.71,-535.36,-300,6.4783,-Inf,1
380.47,13.206,-641,-339.44,23.068,-685.71,-535.36,-300,6.7826,-Inf,1
380.47,13.206,-641,-339.44,23.068,-685.71,-535.36,-300,7.087,-Inf,1
380.47,13.206,-641,-339.44,23.068,-685.71,-535.36,-300,7.3913,-Inf,1
380.47,13.206,-641,-339.44,23.068,-685.71,-535.36,-300,7.6957,-Inf,1
380.47,13.206,-641,-339.44,23.068,-685.71,-535.36,-300,8,-Inf,1
300.24,11.265,-641,-339.44,23.068,-685.71,-535.36,-200,1,-674.44,1
300.24,11.265,-641,-339.44,23.068,-685.71,-535.36,-200,1.3043,-563.83,1
300.24,11.265,-641,-339.44,23.068,-685.71,-535.36,-200,1.6087,-481.25,1
300.24,11.265,-641,-339.44,23.068,-685.71,-535.36,-200,1.913,-421.41,1
300.24,11.265,-641,-339.44,23.068,-685.71,-535.36,-200,2.2174,-380.97,1
300.24,11.265,-641,-339.44,23.068,-685.71,-535.36,-200,2.5217,-358.08,1
300.24,11.265,-641,-339.44,23.068,-685.71,-535.36,-200,2.8261,-352.19,1
300.24,11.265,-641,-339.44,23.068,-685.71,-535.36,-200,3.1304,-364.09,1
300.24,11.265,-641,-339.44,23.068,-685.71,-535.36,-200,3.4348,-396.29,1
300.24,11.265,-641,-339.44,23.068,-685.71,-535.36,-200,3.7391,-453.88,1
300.24,11.265,-641,-339.44,23.068,-685.71,-535.36,-200,4.0435,-546.54,1
300.24,11.265,-641,-339.44,23.068,-685.71,-535.36,-200,4.3478,-693.35,1
300.24,11.265,-641,-339.44,23.068,-685.71,-535.36,-200,4.6522,-936,1
300.24,11.265,-641,-339.44,23.068,-685.71,-535.36,-200,4.9565,-1384.4,1
300.24,11.265,-641,-339.44,23.068,-685.71,-535.36,-200,5.2609,-Inf,1
300.24,11.265,-641,-339.44,23.068,-685.71,-535.36,-200,5.5652,-Inf,1
300.24,11.265,-641,-339.44,23.068,-685.71,-535.36,-200,5.8696,-Inf,1
300.24,11.265,-641,-339.44,23.068,-685.71,-535.36,-200,6.1739,-Inf,1
300.24,11.265,-641,-339.44,23.068,-685.71,-535.36,-200,6.4783,-Inf,1
300.24,11.265,-641,-339.44,23.068,-685.71,-535.36,-200,6.7826,-Inf,1
300.24,11.265,-641,-339.44,23.068,-685.71,-535.36,-200,7.087,-Inf,1
300.24,11.265,-641,-339.44,23.068,-685.71,-535.36,-200,7.3913,-Inf,1
300.24,11.265,-641,-339.44,23.068,-685.71,-535.36,-200,7.6957,-Inf,1
300.24,11.265,-641,-339.44,23.068,-685.71,-535.36,-200,8,-Inf,1
235.65,10.175,-641,-339.44,23.068,-685.71,-535.36,-100,1,-759.69,1
235.65,10.175,-641,-339.44,23.068,-685.71,-535.36,-100,1.3043,-632.17,1
235.65,10.175,-641,-339.44,23.068,-685.71,-535.36,-100,1.6087,-535.9,1
235.65,10.175,-641,-339.44,23.068,-685.71,-535.36,-100,1.913,-464.1,1
235.65,10.175,-641,-339.44,23.068,-685.71,-535.36,-100,2.2174,-412.36,1
235.65,10.175,-641,-339.44,23.068,-685.71,-535.36,-100,2.5217,-377.93,1
235.65,10.175,-641,-339.44,23.068,-685.71,-535.36,-100,2.8261,-359.37,1
235.65,10.175,-641,-339.44,23.068,-685.71,-535.36,-100,3.1304,-356.46,1
235.65,10.175,-641,-339.44,23.068,-685.71,-535.36,-100,3.4348,-370.27,1
235.65,10.175,-641,-339.44,23.068,-685.71,-535.36,-100,3.7391,-403.67,1
235.65,10.175,-641,-339.44,23.068,-685.71,-535.36,-100,4.0435,-462.36,1
235.65,10.175,-641,-339.44,23.068,-685.71,-535.36,-100,4.3478,-557.4,1
235.65,10.175,-641,-339.44,23.068,-685.71,-535.36,-100,4.6522,-711.44,1
235.65,10.175,-641,-339.44,23.068,-685.71,-535.36,-100,4.9565,-977.68,1
235.65,10.175,-641,-339.44,23.068,-685.71,-535.36,-100,5.2609,-1514.2,1
235.65,10.175,-641,-339.44,23.068,-685.71,-535.36,-100,5.5652,-Inf,1
235.65,10.175,-641,-339.44,23.068,-685.71,-535.36,-100,5.8696,-Inf,1
235.65,10.175,-641,-339.44,23.068,-685.71,-535.36,-100,6.1739,-Inf,1
235.65,10.175,-641,-339.44,23.068,-685.71,-535.36,-100,6.4783,-Inf,1
235.65,10.175,-641,-339.44,23.068,-685.71,-535.36,-100,6.7826,-Inf,1
235.65,10.175,-641,-339.44,23.068,-685.71,-535.36,-100,7.087,-Inf,1
235.65,10.175,-641,-339.44,23.068,-685.71,-535.36,-100,7.3913,-Inf,1
235.65,10.175,-641,-339.44,23.068,-685.71,-535.36,-100,7.6957,-Inf,1
235.65,10.175,-641,-339.44,23.068,-685.71,-535.36,-100,8,-Inf,1
202.28,10.768,-641,-339.44,23.068,-685.71,-535.36,0,1,-880.06,1
202.28,10.768,-641,-339.44,23.068,-685.71,-535.36,0,1.3043,-726.9,1
202.28,10.768,-641,-339.44,23.068,-685.71,-535.36,0,1.6087,-611.13,1
202.28,10.768,-641,-339.44,23.068,-685.71,-535.36,0,1.913,-523.58,1
202.28,10.768,-641,-339.44,23.068,-685.71,-535.36,0,2.2174,-458.2,1
202.28,10.768,-641,-339.44,23.068,-685.71,-535.36,0,2.5217,-411.07,1
202.28,10.768,-641,-339.44,23.068,-685.71,-535.36,0,2.8261,-379.76,1
202.28,10.768,-641,-339.44,23.068,-685.71,-535.36,0,3.1304,-363.06,1
202.28,10.768,-641,-339.44,23.068,-685.71,-535.36,0,3.4348,-360.89,1
202.28,10.768,-641,-339.44,23.068,-685.71,-535.36,0,3.7391,-374.48,1
202.28,10.768,-641,-339.44,23.068,-685.71,-535.36,0,4.0435,-406.84,1
202.28,10.768,-641,-339.44,23.068,-685.71,-535.36,0,4.3478,-464.06,1
202.28,10.768,-641,-339.44,23.068,-685.71,-535.36,0,4.6522,-558.17,1
202.28,10.768,-641,-339.44,23.068,-685.71,-535.36,0,4.9565,-714.93,1
202.28,10.768,-641,-339.44,23.068,-685.71,-535.36,0,5.2609,-999,1
202.28,10.768,-641,-339.44,23.068,-685.71,-535.36,0,5.5652,-1627.3,1
202.28,10.768,-641,-339.44,23.068,-685.71,-535.36,0,5.8696,-Inf,1
202.28,10.768,-641,-339.44,23.068,-685.71,-535.36,0,6.1739,-Inf,1
202.28,10.768,-641,-339.44,23.068,-685.71,-535.36,0,6.4783,-Inf,1
202.28,10.768,-641,-339.44,23.068,-685.71,-535.36,0,6.7826,-Inf,1
202.28,10.768,-641,-339.44,23.068,-685.71,-535.36,0,7.087,-Inf,1
202.28,10.768,-641,-339.44,23.068,-685.71,-535.36,0,7.3913,-Inf,1
202.28,10.768,-641,-339.44,23.068,-685.71,-535.36,0,7.6957,-Inf,1
202.28,10.768,-641,-339.44,23.068,-685.71,-535.36,0,8,-Inf,1
215.18,13.376,-641,-339.44,23.068,-685.71,-535.36,100,1,-1049.8,1
215.18,13.376,-641,-339.44,23.068,-685.71,-535.36,100,1.3043,-857.18,1
215.18,13.376,-641,-339.44,23.068,-685.71,-535.36,100,1.6087,-713.06,1
215.18,13.376,-641,-339.44,23.068,-685.71,-535.36,100,1.913,-603.99,1
215.18,13.376,-641,-339.44,23.068,-685.71,-535.36,100,2.2174,-521.3,1
215.18,13.376,-641,-339.44,23.068,-685.71,-535.36,100,2.5217,-459.32,1
215.18,13.376,-641,-339.44,23.068,-685.71,-535.36,100,2.8261,-414.31,1
215.18,13.376,-641,-339.44,23.068,-685.71,-535.36,100,3.1304,-383.98,1
215.18,13.376,-641,-339.44,23.068,-685.71,-535.36,100,3.4348,-367.17,1
215.18,13.376,-641,-339.44,23.068,-685.71,-535.36,100,3.7391,-363.81,1
215.18,13.376,-641,-339.44,23.068,-685.71,-535.36,100,4.0435,-375.06,1
215.18,13.376,-641,-339.44,23.068,-685.71,-535.36,100,4.3478,-403.89,1
215.18,13.376,-641,-339.44,23.068,-685.71,-535.36,100,4.6522,-456.3,1
215.18,13.376,-641,-339.44,23.068,-685.71,-535.36,100,4.9565,-544.51,1
215.18,13.376,-641,-339.44,23.068,-685.71,-535.36,100,5.2609,-695.63,1
215.18,13.376,-641,-339.44,23.068,-685.71,-535.36,100,5.5652,-981.68,1
215.18,13.376,-641,-339.44,23.068,-685.71,-535.36,100,5.8696,-1670.5,1
215.18,13.376,-641,-339.44,23.068,-685.71,-535.36,100,6.1739,-Inf,1
215.18,13.376,-641,-339.44,23.068,-685.71,-535.36,100,6.4783,-Inf,1
215.18,13.376,-641,-339.44,23.068,-685.71,-535.36,100,6.7826,-Inf,1
215.18,13.376,-641,-339.44,23.068,-685.71,-535.36,100,7.087,-Inf,1
215.18,13.376,-641,-339.44,23.068,-685.71,-535.36,100,7.3913,-Inf,1
215.18,13.376,-641,-339.44,23.068,-685.71,-535.36,100,7.6957,-Inf,1
215.18,13.376,-641,-339.44,23.068,-685.71,-535.36,100,8,-Inf,1
267.75,17.602,-641,-339.44,23.068,-685.71,-535.36,200,1,-1256.2,1
267.75,17.602,-641,-339.44,23.068,-685.71,-535.36,200,1.3043,-1009.2,1
267.75,17.602,-641,-339.44,23.068,-685.71,-535.36,200,1.6087,-828.66,1
267.75,17.602,-641,-339.44,23.068,-685.71,-535.36,200,1.913,-693.84,1
267.75,17.602,-641,-339.44,23.068,-685.71,-535.36,200,2.2174,-591.85,1
267.75,17.602,-641,-339.44,23.068,-685.71,-535.36,200,2.5217,-514.39,1
267.75,17.602,-641,-339.44,23.068,-685.71,-535.36,200,2.8261,-455.97,1
267.75,17.602,-641,-339.44,23.068,-685.71,-535.36,200,3.1304,-413.03,1
267.75,17.602,-641,-339.44,23.068,-685.71,-535.36,200,3.4348,-383.3,1
267.75,17.602,-641,-339.44,23.068,-685.71,-535.36,200,3.7391,-365.61,1
267.75,17.602,-641,-339.44,23.068,-685.71,-535.36,200,4.0435,-359.72,1
267.75,17.602,-641,-339.44,23.068,-685.71,-535.36,200,4.3478,-366.56,1
267.75,17.602,-641,-339.44,23.068,-685.71,-535.36,200,4.6522,-388.62,1
267.75,17.602,-641,-339.44,23.068,-685.71,-535.36,200,4.9565,-431.12,1
267.75,17.602,-641,-339.44,23.068,-685.71,-535.36,200,5.2609,-504.95,1
267.75,17.602,-641,-339.44,23.068,-685.71,-535.36,200,5.5652,-634.82,1
267.75,17.602,-641,-339.44,23.068,-685.71,-535.36,200,5.8696,-888.84,1
267.75,17.602,-641,-339.44,23.068,-685.71,-535.36,200,6.1739,-1537.2,1
267.75,17.602,-641,-339.44,23.068,-685.71,-535.36,200,6.4783,-Inf,1
267.75,17.602,-641,-339.44,23.068,-685.71,-535.36,200,6.7826,-Inf,1
267.75,17.602,-641,-339.44,23.068,-685.71,-535.36,200,7.087,-Inf,1
267.75,17.602,-641,-339.44,23.068,-685.71,-535.36,200,7.3913,-Inf,1
267.75,17.602,-641,-339.44,23.068,-685.71,-535.36,200,7.6957,-Inf,1
267.75,17.602,-641,-339.44,23.068,-685.71,-535.36,200,8,-Inf,1
342.16,22.952,-641,-339.44,23.068,-685.71,-535.36,300,1,-1352.9,1
342.16,22.952,-641,-339.44,23.068,-685.71,-535.36,300,1.3043,-1065.3,1
342.16,22.952,-641,-339.44,23.068,-685.71,-535.36,300,1.6087,-864.02,1
342.16,22.952,-641,-339.44,23.068,-685.71,-535.36,300,1.913,-718.29,1
342.16,22.952,-641,-339.44,23.068,-685.71,-535.36,300,2.2174,-610.2,1
342.16,22.952,-641,-339.44,23.068,-685.71,-535.36,300,2.5217,-528.73,1
342.16,22.952,-641,-339.44,23.068,-685.71,-535.36,300,2.8261,-466.83,1
342.16,22.952,-641,-339.44,23.068,-685.71,-535.36,300,3.1304,-419.91,1
342.16,22.952,-641,-339.44,23.068,-685.71,-535.36,300,3.4348,-384.92,1
342.16,22.952,-641,-339.44,23.068,-685.71,-535.36,300,3.7391,-359.94,1
342.16,22.952,-641,-339.44,23.068,-685.71,-535.36,300,4.0435,-343.85,1
342.16,22.952,-641,-339.44,23.068,-685.71,-535.36,300,4.3478,-336.29,1
342.16,22.952,-641,-339.44,23.068,-685.71,-535.36,300,4.6522,-337.71,1
342.16,22.952,-641,-339.44,23.068,-685.71,-535.36,300,4.9565,-349.63,1
342.16,22.952,-641,-339.44,23.068,-685.71,-535.36,300,5.2609,-375.47,1
342.16,22.952,-641,-339.44,23.068,-685.71,-535.36,300,5.5652,-422.47,1
342.16,22.952,-641,-339.44,23.068,-685.71,-535.36,300,5.8696,-507.29,1
342.16,22.952,-641,-339.44,23.068,-685.71,-535.36,300,6.1739,-676.31,1
342.16,22.952,-641,-339.44,23.068,-685.71,-535.36,300,6.4783,-1115.8,1
342.16,22.952,-641,-339.44,23.068,-685.71,-535.36,300,6.7826,-Inf,1
342.16,22.952,-641,-339.44,23.068,-685.71,-535.36,300,7.087,-Inf,1
342.16,22.952,-641,-339.44,23.068,-685.71,-535.36,300,7.3913,-Inf,1
342.16,22.952,-641,-339.44,23.068,-685.71,-535.36,300,7.6957,-Inf,1
342.16,22.952,-641,-339.44,23.068,-685.71,-535.36,300,8,-Inf,1
343.47,11.702,-641,-339.44,23.068,-685.71,-447.14,-300,1,-535.93,1
343.47,11.702,-641,-339.44,23.068,-685.71,-447.14,-300,1.3043,-446.46,1
343.47,11.702,-641,-339.44,23.068,-685.71,-447.14,-300,1.6087,-381.11,1
343.47,11.702,-641,-339.44,23.068,-685.71,-447.14,-300,1.913,-336,1
343.47,11.702,-641,-339.44,23.068,-685.71,-447.14,-300,2.2174,-308.86,1
343.47,11.702,-641,-339.44,23.068,-685.71,-447.14,-300,2.5217,-298.74,1
343.47,11.702,-641,-339.44,23.068,-685.71,-447.14,-300,2.8261,-305.95,1
343.47,11.702,-641,-339.44,23.068,-685.71,-447.14,-300,3.1304,-332.31,1
343.47,11.702,-641,-339.44,23.068,-685.71,-447.14,-300,3.4348,-381.72,1
343.47,11.702,-641,-339.44,23.068,-685.71,-447.14,-300,3.7391,-461.62,1
343.47,11.702,-641,-339.44,23.068,-685.71,-447.14,-300,4.0435,-586.07,1
343.47,11.702,-641,-339.44,23.068,-685.71,-447.14,-300,4.3478,-783.83,1
343.47,11.702,-641,-339.44,23.068,-685.71,-447.14,-300,4.6522,-1122.6,1
343.47,11.702,-641,-339.44,23.068,-685.71,-447.14,-300,4.9565,-1806.5,1
343.47,11.702,-641,-339.44,23.068,-685.71,-447.14,-300,5.2609,-Inf,1
343.47,11.702,-641,-339.44,23.068,-685.71,-447.14,-300,5.5652,-Inf,1
343.47,11.702,-641,-339.44,23.068,-685.71,-447.14,-300,5.8696,-Inf,1
343.47,11.702,-641,-339.44,23.068,-685.71,-447.14,-300,6.1739,-Inf,1
343.47,11.702,-641,-339.44,23.068,-685.71,-447.14,-300,6.4783,-Inf,1
343.47,11.702,-641,-339.44,23.068,-685.71,-447.14,-300,6.7826,-Inf,1
343.47,11.702,-641,-339.44,23.068,-685.71,-447.14,-300,7.087,-Inf,1
343.47,11.702,-641,-339.44,23.068,-685.71,-447.14,-300,7.3913,-Inf,1
343.47,11.702,-641,-339.44,23.068,-685.71,-447.14,-300,7.6957,-Inf,1
343.47,11.702,-641,-339.44,23.068,-685.71,-447.14,-300,8,-Inf,1
251.71,8.7259,-641,-339.44,23.068,-685.71,-447.14,-200,1,-587.76,1
251.71,8.7259,-641,-339.44,23.068,-685.71,-447.14,-200,1.3043,-488.93,1
251.71,8.7259,-641,-339.44,23.068,-685.71,-447.14,-200,1.6087,-415.16,1
251.71,8.7259,-641,-339.44,23.068,-685.71,-447.14,-200,1.913,-361.74,1
251.71,8.7259,-641,-339.44,23.068,-685.71,-447.14,-200,2.2174,-325.68,1
251.71,8.7259,-641,-339.44,23.068,-685.71,-447.14,-200,2.5217,-305.35,1
251.71,8.7259,-641,-339.44,23.068,-685.71,-447.14,-200,2.8261,-300.24,1
251.71,8.7259,-641,-339.44,23.068,-685.71,-447.14,-200,3.1304,-311.07,1
251.71,8.7259,-641,-339.44,23.068,-685.71,-447.14,-200,3.4348,-340.06,1
251.71,8.7259,-641,-339.44,23.068,-685.71,-447.14,-200,3.7391,-391.76,1
251.71,8.7259,-641,-339.44,23.068,-685.71,-447.14,-200,4.0435,-474.78,1
251.71,8.7259,-641,-339.44,23.068,-685.71,-447.14,-200,4.3478,-606.05,1
251.71,8.7259,-641,-339.44,23.068,-685.71,-447.14,-200,4.6522,-822.48,1
251.71,8.7259,-641,-339.44,23.068,-685.71,-447.14,-200,4.9565,-1220.9,1
251.71,8.7259,-641,-339.44,23.068,-685.71,-447.14,-200,5.2609,-Inf,1
251.71,8.7259,-641,-339.44,23.068,-685.71,-447.14,-200,5.5652,-Inf,1
251.71,8.7259,-641,-339.44,23.068,-685.71,-447.14,-200,5.8696,-Inf,1
251.71,8.7259,-641,-339.44,23.068,-685.71,-447.14,-200,6.1739,-Inf,1
251.71,8.7259,-641,-339.44,23.068,-685.71,-447.14,-200,6.4783,-Inf,1
251.71,8.7259,-641,-339.44,23.068,-685.71,-447.14,-200,6.7826,-Inf,1
251.71,8.7259,-641,-339.44,23.068,-685.71,-447.14,-200,7.087,-Inf,1
251.71,8.7259,-641,-339.44,23.068,-685.71,-447.14,-200,7.3913,-Inf,1
251.71,8.7259,-641,-339.44,23.068,-685.71,-447.14,-200,7.6957,-Inf,1
251.71,8.7259,-641,-339.44,23.068,-685.71,-447.14,-200,8,-Inf,1
169.54,6.1443,-641,-339.44,23.068,-685.71,-447.14,-100,1,-657.94,1
169.54,6.1443,-641,-339.44,23.068,-685.71,-447.14,-100,1.3043,-545.52,1
169.54,6.1443,-641,-339.44,23.068,-685.71,-447.14,-100,1.6087,-460.64,1
169.54,6.1443,-641,-339.44,23.068,-685.71,-447.14,-100,1.913,-397.34,1
169.54,6.1443,-641,-339.44,23.068,-685.71,-447.14,-100,2.2174,-351.74,1
169.54,6.1443,-641,-339.44,23.068,-685.71,-447.14,-100,2.5217,-321.41,1
169.54,6.1443,-641,-339.44,23.068,-685.71,-447.14,-100,2.8261,-305.1,1
169.54,6.1443,-641,-339.44,23.068,-685.71,-447.14,-100,3.1304,-302.6,1
169.54,6.1443,-641,-339.44,23.068,-685.71,-447.14,-100,3.4348,-314.86,1
169.54,6.1443,-641,-339.44,23.068,-685.71,-447.14,-100,3.7391,-344.39,1
169.54,6.1443,-641,-339.44,23.068,-685.71,-447.14,-100,4.0435,-396.18,1
169.54,6.1443,-641,-339.44,23.068,-685.71,-447.14,-100,4.3478,-479.89,1
169.54,6.1443,-641,-339.44,23.068,-685.71,-447.14,-100,4.6522,-615.34,1
169.54,6.1443,-641,-339.44,23.068,-685.71,-447.14,-100,4.9565,-848.77,1
169.54,6.1443,-641,-339.44,23.068,-685.71,-447.14,-100,5.2609,-1316.9,1
169.54,6.1443,-641,-339.44,23.068,-685.71,-447.14,-100,5.5652,-Inf,1
169.54,6.1443,-641,-339.44,23.068,-685.71,-447.14,-100,5.8696,-Inf,1
169.54,6.1443,-641,-339.44,23.068,-685.71,-447.14,-100,6.1739,-Inf,1
169.54,6.1443,-641,-339.44,23.068,-685.71,-447.14,-100,6.4783,-Inf,1
169.54,6.1443,-641,-339.44,23.068,-685.71,-447.14,-100,6.7826,-Inf,1
169.54,6.1443,-641,-339.44,23.068,-685.71,-447.14,-100,7.087,-Inf,1
169.54,6.1443,-641,-339.44,23.068,-685.71,-447.14,-100,7.3913,-Inf,1
169.54,6.1443,-641,-339.44,23.068,-685.71,-447.14,-100,7.6957,-Inf,1
169.54,6.1443,-641,-339.44,23.068,-685.71,-447.14,-100,8,-Inf,1
118.88,5.8328,-641,-339.44,23.068,-685.71,-447.14,0,1,-757.49,1
118.88,5.8328,-641,-339.44,23.068,-685.71,-447.14,0,1.3043,-624.11,1
118.88,5.8328,-641,-339.44,23.068,-685.71,-447.14,0,1.6087,-523.26,1
118.88,5.8328,-641,-339.44,23.068,-685.71,-447.14,0,1.913,-446.97,1
118.88,5.8328,-641,-339.44,23.068,-685.71,-447.14,0,2.2174,-389.98,1
118.88,5.8328,-641,-339.44,23.068,-685.71,-447.14,0,2.5217,-348.88,1
118.88,5.8328,-641,-339.44,23.068,-685.71,-447.14,0,2.8261,-321.58,1
118.88,5.8328,-641,-339.44,23.068,-685.71,-447.14,0,3.1304,-307.01,1
118.88,5.8328,-641,-339.44,23.068,-685.71,-447.14,0,3.4348,-305.08,1
118.88,5.8328,-641,-339.44,23.068,-685.71,-447.14,0,3.7391,-316.86,1
118.88,5.8328,-641,-339.44,23.068,-685.71,-447.14,0,4.0435,-344.96,1
118.88,5.8328,-641,-339.44,23.068,-685.71,-447.14,0,4.3478,-394.62,1
118.88,5.8328,-641,-339.44,23.068,-685.71,-447.14,0,4.6522,-476.2,1
118.88,5.8328,-641,-339.44,23.068,-685.71,-447.14,0,4.9565,-611.83,1
118.88,5.8328,-641,-339.44,23.068,-685.71,-447.14,0,5.2609,-856.88,1
118.88,5.8328,-641,-339.44,23.068,-685.71,-447.14,0,5.5652,-1395.6,1
118.88,5.8328,-641,-339.44,23.068,-685.71,-447.14,0,5.8696,-Inf,1
118.88,5.8328,-641,-339.44,23.068,-685.71,-447.14,0,6.1739,-Inf,1
118.88,5.8328,-641,-339.44,23.068,-685.71,-447.14,0,6.4783,-Inf,1
118.88,5.8328,-641,-339.44,23.068,-685.71,-447.14,0,6.7826,-Inf,1
118.88,5.8328,-641,-339.44,23.068,-685.71,-447.14,0,7.087,-Inf,1
118.88,5.8328,-641,-339.44,23.068,-685.71,-447.14,0,7.3913,-Inf,1
118.88,5.8328,-641,-339.44,23.068,-685.71,-447.14,0,7.6957,-Inf,1
118.88,5.8328,-641,-339.44,23.068,-685.71,-447.14,0,8,-Inf,1
139.71,8.9997,-641,-339.44,23.068,-685.71,-447.14,100,1,-901.53,1
139.71,8.9997,-641,-339.44,23.068,-685.71,-447.14,100,1.3043,-734.95,1
139.71,8.9997,-641,-339.44,23.068,-685.71,-447.14,100,1.6087,-610.2,1
139.71,8.9997,-641,-339.44,23.068,-685.71,-447.14,100,1.913,-515.73,1
139.71,8.9997,-641,-339.44,23.068,-685.71,-447.14,100,2.2174,-444.08,1
139.71,8.9997,-641,-339.44,23.068,-685.71,-447.14,100,2.5217,-390.32,1
139.71,8.9997,-641,-339.44,23.068,-685.71,-447.14,100,2.8261,-351.25,1
139.71,8.9997,-641,-339.44,23.068,-685.71,-447.14,100,3.1304,-324.89,1
139.71,8.9997,-641,-339.44,23.068,-685.71,-447.14,100,3.4348,-310.21,1
139.71,8.9997,-641,-339.44,23.068,-685.71,-447.14,100,3.7391,-307.15,1
139.71,8.9997,-641,-339.44,23.068,-685.71,-447.14,100,4.0435,-316.7,1
139.71,8.9997,-641,-339.44,23.068,-685.71,-447.14,100,4.3478,-341.38,1
139.71,8.9997,-641,-339.44,23.068,-685.71,-447.14,100,4.6522,-386.32,1
139.71,8.9997,-641,-339.44,23.068,-685.71,-447.14,100,4.9565,-461.95,1
139.71,8.9997,-641,-339.44,23.068,-685.71,-447.14,100,5.2609,-591.33,1
139.71,8.9997,-641,-339.44,23.068,-685.71,-447.14,100,5.5652,-835.5,1
139.71,8.9997,-641,-339.44,23.068,-685.71,-447.14,100,5.8696,-1419.5,1
139.71,8.9997,-641,-339.44,23.068,-685.71,-447.14,100,6.1739,-Inf,1
139.71,8.9997,-641,-339.44,23.068,-685.71,-447.14,100,6.4783,-Inf,1
139.71,8.9997,-641,-339.44,23.068,-685.71,-447.14,100,6.7826,-Inf,1
139.71,8.9997,-641,-339.44,23.068,-685.71,-447.14,100,7.087,-Inf,1
139.71,8.9997,-641,-339.44,23.068,-685.71,-447.14,100,7.3913,-Inf,1
139.71,8.9997,-641,-339.44,23.068,-685.71,-447.14,100,7.6957,-Inf,1
139.71,8.9997,-641,-339.44,23.068,-685.71,-447.14,100,8,-Inf,1
211.91,14.077,-641,-339.44,23.068,-685.71,-447.14,200,1,-1091.7,1
211.91,14.077,-641,-339.44,23.068,-685.71,-447.14,200,1.3043,-876.03,1
211.91,14.077,-641,-339.44,23.068,-685.71,-447.14,200,1.6087,-718.22,1
211.91,14.077,-641,-339.44,23.068,-685.71,-447.14,200,1.913,-600.29,1
211.91,14.077,-641,-339.44,23.068,-685.71,-447.14,200,2.2174,-511,1
211.91,14.077,-641,-339.44,23.068,-685.71,-447.14,200,2.5217,-443.12,1
211.91,14.077,-641,-339.44,23.068,-685.71,-447.14,200,2.8261,-391.89,1
211.91,14.077,-641,-339.44,23.068,-685.71,-447.14,200,3.1304,-354.16,1
211.91,14.077,-641,-339.44,23.068,-685.71,-447.14,200,3.4348,-327.97,1
211.91,14.077,-641,-339.44,23.068,-685.71,-447.14,200,3.7391,-312.28,1
211.91,14.077,-641,-339.44,23.068,-685.71,-447.14,200,4.0435,-306.88,1
211.91,14.077,-641,-339.44,23.068,-685.71,-447.14,200,4.3478,-312.54,1
211.91,14.077,-641,-339.44,23.068,-685.71,-447.14,200,4.6522,-331.39,1
211.91,14.077,-641,-339.44,23.068,-685.71,-447.14,200,4.9565,-367.94,1
211.91,14.077,-641,-339.44,23.068,-685.71,-447.14,200,5.2609,-431.51,1
211.91,14.077,-641,-339.44,23.068,-685.71,-447.14,200,5.5652,-543.3,1
211.91,14.077,-641,-339.44,23.068,-685.71,-447.14,200,5.8696,-761.43,1
211.91,14.077,-641,-339.44,23.068,-685.71,-447.14,200,6.1739,-1314.6,1
211.91,14.077,-641,-339.44,23.068,-685.71,-447.14,200,6.4783,-Inf,1
211.91,14.077,-641,-339.44,23.068,-685.71,-447.14,200,6.7826,-Inf,1
211.91,14.077,-641,-339.44,23.068,-685.71,-447.14,200,7.087,-Inf,1
211.91,14.077,-641,-339.44,23.068,-685.71,-447.14,200,7.3913,-Inf,1
211.91,14.077,-641,-339.44,23.068,-685.71,-447.14,200,7.6957,-Inf,1
211.91,14.077,-641,-339.44,23.068,-685.71,-447.14,200,8,-Inf,1
300.48,20.164,-641,-339.44,23.068,-685.71,-447.14,300,1,-1224.2,1
300.48,20.164,-641,-339.44,23.068,-685.71,-447.14,300,1.3043,-963.03,1
300.48,20.164,-641,-339.44,23.068,-685.71,-447.14,300,1.6087,-779.98,1
300.48,20.164,-641,-339.44,23.068,-685.71,-447.14,300,1.913,-647.33,1
300.48,20.164,-641,-339.44,23.068,-685.71,-447.14,300,2.2174,-548.84,1
300.48,20.164,-641,-339.44,23.068,-685.71,-447.14,300,2.5217,-474.53,1
300.48,20.164,-641,-339.44,23.068,-685.71,-447.14,300,2.8261,-418.01,1
300.48,20.164,-641,-339.44,23.068,-685.71,-447.14,300,3.1304,-375.1,1
300.48,20.164,-641,-339.44,23.068,-685.71,-447.14,300,3.4348,-343.05,1
300.48,20.164,-641,-339.44,23.068,-685.71,-447.14,300,3.7391,-320.09,1
300.48,20.164,-641,-339.44,23.068,-685.71,-447.14,300,4.0435,-305.2,1
300.48,20.164,-641,-339.44,23.068,-685.71,-447.14,300,4.3478,-298.03,1
300.48,20.164,-641,-339.44,23.068,-685.71,-447.14,300,4.6522,-298.96,1
300.48,20.164,-641,-339.44,23.068,-685.71,-447.14,300,4.9565,-309.35,1
300.48,20.164,-641,-339.44,23.068,-685.71,-447.14,300,5.2609,-332.25,1
300.48,20.164,-641,-339.44,23.068,-685.71,-447.14,300,5.5652,-374.08,1
300.48,20.164,-641,-339.44,23.068,-685.71,-447.14,300,5.8696,-449.67,1
300.48,20.164,-641,-339.44,23.068,-685.71,-447.14,300,6.1739,-600.16,1
300.48,20.164,-641,-339.44,23.068,-685.71,-447.14,300,6.4783,-989.68,1
300.48,20.164,-641,-339.44,23.068,-685.71,-447.14,300,6.7826,-Inf,1
300.48,20.164,-641,-339.44,23.068,-685.71,-447.14,300,7.087,-Inf,1
300.48,20.164,-641,-339.44,23.068,-685.71,-447.14,300,7.3913,-Inf,1
300.48,20.164,-641,-339.44,23.068,-685.71,-447.14,300,7.6957,-Inf,1
300.48,20.164,-641,-339.44,23.068,-685.71,-447.14,300,8,-Inf,1
326.73,11.601,-641,-339.44,23.068,-685.71,-358.93,-300,1,-485.14,1
326.73,11.601,-641,-339.44,23.068,-685.71,-358.93,-300,1.3043,-402.49,1
326.73,11.601,-641,-339.44,23.068,-685.71,-358.93,-300,1.6087,-342.17,1
326.73,11.601,-641,-339.44,23.068,-685.71,-358.93,-300,1.913,-300.6,1
326.73,11.601,-641,-339.44,23.068,-685.71,-358.93,-300,2.2174,-275.7,1
326.73,11.601,-641,-339.44,23.068,-685.71,-358.93,-300,2.5217,-266.59,1
326.73,11.601,-641,-339.44,23.068,-685.71,-358.93,-300,2.8261,-273.56,1
326.73,11.601,-641,-339.44,23.068,-685.71,-358.93,-300,3.1304,-298.29,1
326.73,11.601,-641,-339.44,23.068,-685.71,-358.93,-300,3.4348,-344.41,1
326.73,11.601,-641,-339.44,23.068,-685.71,-358.93,-300,3.7391,-418.78,1
326.73,11.601,-641,-339.44,23.068,-685.71,-358.93,-300,4.0435,-534.36,1
326.73,11.601,-641,-339.44,23.068,-685.71,-358.93,-300,4.3478,-717.6,1
326.73,11.601,-641,-339.44,23.068,-685.71,-358.93,-300,4.6522,-1030.6,1
326.73,11.601,-641,-339.44,23.068,-685.71,-358.93,-300,4.9565,-1659.1,1
326.73,11.601,-641,-339.44,23.068,-685.71,-358.93,-300,5.2609,-Inf,1
326.73,11.601,-641,-339.44,23.068,-685.71,-358.93,-300,5.5652,-Inf,1
326.73,11.601,-641,-339.44,23.068,-685.71,-358.93,-300,5.8696,-Inf,1
326.73,11.601,-641,-339.44,23.068,-685.71,-358.93,-300,6.1739,-Inf,1
326.73,11.601,-641,-339.44,23.068,-685.71,-358.93,-300,6.4783,-Inf,1
326.73,11.601,-641,-339.44,23.068,-685.71,-358.93,-300,6.7826,-Inf,1
326.73,11.601,-641,-339.44,23.068,-685.71,-358.93,-300,7.087,-Inf,1
326.73,11.601,-641,-339.44,23.068,-685.71,-358.93,-300,7.3913,-Inf,1
326.73,11.601,-641,-339.44,23.068,-685.71,-358.93,-300,7.6957,-Inf,1
326.73,11.601,-641,-339.44,23.068,-685.71,-358.93,-300,8,-Inf,1
228.34,8.0488,-641,-339.44,23.068,-685.71,-358.93,-200,1,-529.89,1
228.34,8.0488,-641,-339.44,23.068,-685.71,-358.93,-200,1.3043,-439.53,1
228.34,8.0488,-641,-339.44,23.068,-685.71,-358.93,-200,1.6087,-372.1,1
228.34,8.0488,-641,-339.44,23.068,-685.71,-358.93,-200,1.913,-323.31,1
228.34,8.0488,-641,-339.44,23.068,-685.71,-358.93,-200,2.2174,-290.44,1
228.34,8.0488,-641,-339.44,23.068,-685.71,-358.93,-200,2.5217,-271.99,1
228.34,8.0488,-641,-339.44,23.068,-685.71,-358.93,-200,2.8261,-267.5,1
228.34,8.0488,-641,-339.44,23.068,-685.71,-358.93,-200,3.1304,-277.63,1
228.34,8.0488,-641,-339.44,23.068,-685.71,-358.93,-200,3.4348,-304.42,1
228.34,8.0488,-641,-339.44,23.068,-685.71,-358.93,-200,3.7391,-352.01,1
228.34,8.0488,-641,-339.44,23.068,-685.71,-358.93,-200,4.0435,-428.25,1
228.34,8.0488,-641,-339.44,23.068,-685.71,-358.93,-200,4.3478,-548.56,1
228.34,8.0488,-641,-339.44,23.068,-685.71,-358.93,-200,4.6522,-746.41,1
228.34,8.0488,-641,-339.44,23.068,-685.71,-358.93,-200,4.9565,-1109.2,1
228.34,8.0488,-641,-339.44,23.068,-685.71,-358.93,-200,5.2609,-Inf,1
228.34,8.0488,-641,-339.44,23.068,-685.71,-358.93,-200,5.5652,-Inf,1
228.34,8.0488,-641,-339.44,23.068,-685.71,-358.93,-200,5.8696,-Inf,1
228.34,8.0488,-641,-339.44,23.068,-685.71,-358.93,-200,6.1739,-Inf,1
228.34,8.0488,-641,-339.44,23.068,-685.71,-358.93,-200,6.4783,-Inf,1
228.34,8.0488,-641,-339.44,23.068,-685.71,-358.93,-200,6.7826,-Inf,1
228.34,8.0488,-641,-339.44,23.068,-685.71,-358.93,-200,7.087,-Inf,1
228.34,8.0488,-641,-339.44,23.068,-685.71,-358.93,-200,7.3913,-Inf,1
228.34,8.0488,-641,-339.44,23.068,-685.71,-358.93,-200,7.6957,-Inf,1
228.34,8.0488,-641,-339.44,23.068,-685.71,-358.93,-200,8,-Inf,1
132.38,3.9927,-641,-339.44,23.068,-685.71,-358.93,-100,1,-589.96,1
132.38,3.9927,-641,-339.44,23.068,-685.71,-358.93,-100,1.3043,-488.33,1
132.38,3.9927,-641,-339.44,23.068,-685.71,-358.93,-100,1.6087,-411.59,1
132.38,3.9927,-641,-339.44,23.068,-685.71,-358.93,-100,1.913,-354.37,1
132.38,3.9927,-641,-339.44,23.068,-685.71,-358.93,-100,2.2174,-313.17,1
132.38,3.9927,-641,-339.44,23.068,-685.71,-358.93,-100,2.5217,-285.81,1
132.38,3.9927,-641,-339.44,23.068,-685.71,-358.93,-100,2.8261,-271.15,1
132.38,3.9927,-641,-339.44,23.068,-685.71,-358.93,-100,3.1304,-268.99,1
132.38,3.9927,-641,-339.44,23.068,-685.71,-358.93,-100,3.4348,-280.21,1
132.38,3.9927,-641,-339.44,23.068,-685.71,-358.93,-100,3.7391,-307.05,1
132.38,3.9927,-641,-339.44,23.068,-685.71,-358.93,-100,4.0435,-354.02,1
132.38,3.9927,-641,-339.44,23.068,-685.71,-358.93,-100,4.3478,-429.8,1
132.38,3.9927,-641,-339.44,23.068,-685.71,-358.93,-100,4.6522,-552.14,1
132.38,3.9927,-641,-339.44,23.068,-685.71,-358.93,-100,4.9565,-762.38,1
132.38,3.9927,-641,-339.44,23.068,-685.71,-358.93,-100,5.2609,-1181.9,1
132.38,3.9927,-641,-339.44,23.068,-685.71,-358.93,-100,5.5652,-Inf,1
132.38,3.9927,-641,-339.44,23.068,-685.71,-358.93,-100,5.8696,-Inf,1
132.38,3.9927,-641,-339.44,23.068,-685.71,-358.93,-100,6.1739,-Inf,1
132.38,3.9927,-641,-339.44,23.068,-685.71,-358.93,-100,6.4783,-Inf,1
132.38,3.9927,-641,-339.44,23.068,-685.71,-358.93,-100,6.7826,-Inf,1
132.38,3.9927,-641,-339.44,23.068,-685.71,-358.93,-100,7.087,-Inf,1
132.38,3.9927,-641,-339.44,23.068,-685.71,-358.93,-100,7.3913,-Inf,1
132.38,3.9927,-641,-339.44,23.068,-685.71,-358.93,-100,7.6957,-Inf,1
132.38,3.9927,-641,-339.44,23.068,-685.71,-358.93,-100,8,-Inf,1
53.961,0.83089,-641,-339.44,23.068,-685.71,-358.93,0,1,-674.98,1
53.961,0.83089,-641,-339.44,23.068,-685.71,-358.93,0,1.3043,-555.75,1
53.961,0.83089,-641,-339.44,23.068,-685.71,-358.93,0,1.6087,-465.57,1
53.961,0.83089,-641,-339.44,23.068,-685.71,-358.93,0,1.913,-397.33,1
53.961,0.83089,-641,-339.44,23.068,-685.71,-358.93,0,2.2174,-346.35,1
53.961,0.83089,-641,-339.44,23.068,-685.71,-358.93,0,2.5217,-309.6,1
53.961,0.83089,-641,-339.44,23.068,-685.71,-358.93,0,2.8261,-285.18,1
53.961,0.83089,-641,-339.44,23.068,-685.71,-358.93,0,3.1304,-272.16,1
53.961,0.83089,-641,-339.44,23.068,-685.71,-358.93,0,3.4348,-270.46,1
53.961,0.83089,-641,-339.44,23.068,-685.71,-358.93,0,3.7391,-281.01,1
53.961,0.83089,-641,-339.44,23.068,-685.71,-358.93,0,4.0435,-306.14,1
53.961,0.83089,-641,-339.44,23.068,-685.71,-358.93,0,4.3478,-350.48,1
53.961,0.83089,-641,-339.44,23.068,-685.71,-358.93,0,4.6522,-423.23,1
53.961,0.83089,-641,-339.44,23.068,-685.71,-358.93,0,4.9565,-543.95,1
53.961,0.83089,-641,-339.44,23.068,-685.71,-358.93,0,5.2609,-761.36,1
53.961,0.83089,-641,-339.44,23.068,-685.71,-358.93,0,5.5652,-1236.4,1
53.961,0.83089,-641,-339.44,23.068,-685.71,-358.93,0,5.8696,-Inf,1
53.961,0.83089,-641,-339.44,23.068,-685.71,-358.93,0,6.1739,-Inf,1
53.961,0.83089,-641,-339.44,23.068,-685.71,-358.93,0,6.4783,-Inf,1
53.961,0.83089,-641,-339.44,23.068,-685.71,-358.93,0,6.7826,-Inf,1
53.961,0.83089,-641,-339.44,23.068,-685.71,-358.93,0,7.087,-Inf,1
53.961,0.83089,-641,-339.44,23.068,-685.71,-358.93,0,7.3913,-Inf,1
53.961,0.83089,-641,-339.44,23.068,-685.71,-358.93,0,7.6957,-Inf,1
53.961,0.83089,-641,-339.44,23.068,-685.71,-358.93,0,8,-Inf,1
91.094,6.0014,-641,-339.44,23.068,-685.71,-358.93,100,1,-799.4,1
91.094,6.0014,-641,-339.44,23.068,-685.71,-358.93,100,1.3043,-651.75,1
91.094,6.0014,-641,-339.44,23.068,-685.71,-358.93,100,1.6087,-541.11,1
91.094,6.0014,-641,-339.44,23.068,-685.71,-358.93,100,1.913,-457.28,1
91.094,6.0014,-641,-339.44,23.068,-685.71,-358.93,100,2.2174,-393.66,1
91.094,6.0014,-641,-339.44,23.068,-685.71,-358.93,100,2.5217,-345.91,1
91.094,6.0014,-641,-339.44,23.068,-685.71,-358.93,100,2.8261,-311.19,1
91.094,6.0014,-641,-339.44,23.068,-685.71,-358.93,100,3.1304,-287.73,1
91.094,6.0014,-641,-339.44,23.068,-685.71,-358.93,100,3.4348,-274.64,1
91.094,6.0014,-641,-339.44,23.068,-685.71,-358.93,100,3.7391,-271.85,1
91.094,6.0014,-641,-339.44,23.068,-685.71,-358.93,100,4.0435,-280.21,1
91.094,6.0014,-641,-339.44,23.068,-685.71,-358.93,100,4.3478,-301.94,1
91.094,6.0014,-641,-339.44,23.068,-685.71,-358.93,100,4.6522,-341.54,1
91.094,6.0014,-641,-339.44,23.068,-685.71,-358.93,100,4.9565,-408.14,1
91.094,6.0014,-641,-339.44,23.068,-685.71,-358.93,100,5.2609,-521.89,1
91.094,6.0014,-641,-339.44,23.068,-685.71,-358.93,100,5.5652,-735.88,1
91.094,6.0014,-641,-339.44,23.068,-685.71,-358.93,100,5.8696,-1244.2,1
91.094,6.0014,-641,-339.44,23.068,-685.71,-358.93,100,6.1739,-Inf,1
91.094,6.0014,-641,-339.44,23.068,-685.71,-358.93,100,6.4783,-Inf,1
91.094,6.0014,-641,-339.44,23.068,-685.71,-358.93,100,6.7826,-Inf,1
91.094,6.0014,-641,-339.44,23.068,-685.71,-358.93,100,7.087,-Inf,1
91.094,6.0014,-641,-339.44,23.068,-685.71,-358.93,100,7.3913,-Inf,1
91.094,6.0014,-641,-339.44,23.068,-685.71,-358.93,100,7.6957,-Inf,1
91.094,6.0014,-641,-339.44,23.068,-685.71,-358.93,100,8,-Inf,1
183.53,11.963,-641,-339.44,23.068,-685.71,-358.93,200,1,-971.22,1
183.53,11.963,-641,-339.44,23.068,-685.71,-358.93,200,1.3043,-779.74,1
183.53,11.963,-641,-339.44,23.068,-685.71,-358.93,200,1.6087,-639.53,1
183.53,11.963,-641,-339.44,23.068,-685.71,-358.93,200,1.913,-534.67,1
183.53,11.963,-641,-339.44,23.068,-685.71,-358.93,200,2.2174,-455.22,1
183.53,11.963,-641,-339.44,23.068,-685.71,-358.93,200,2.5217,-394.77,1
183.53,11.963,-641,-339.44,23.068,-685.71,-358.93,200,2.8261,-349.1,1
183.53,11.963,-641,-339.44,23.068,-685.71,-358.93,200,3.1304,-315.43,1
183.53,11.963,-641,-339.44,23.068,-685.71,-358.93,200,3.4348,-292.01,1
183.53,11.963,-641,-339.44,23.068,-685.71,-358.93,200,3.7391,-277.9,1
183.53,11.963,-641,-339.44,23.068,-685.71,-358.93,200,4.0435,-272.92,1
183.53,11.963,-641,-339.44,23.068,-685.71,-358.93,200,4.3478,-277.73,1
183.53,11.963,-641,-339.44,23.068,-685.71,-358.93,200,4.6522,-294.19,1
183.53,11.963,-641,-339.44,23.068,-685.71,-358.93,200,4.9565,-326.23,1
183.53,11.963,-641,-339.44,23.068,-685.71,-358.93,200,5.2609,-382.03,1
183.53,11.963,-641,-339.44,23.068,-685.71,-358.93,200,5.5652,-480.05,1
183.53,11.963,-641,-339.44,23.068,-685.71,-358.93,200,5.8696,-670.85,1
183.53,11.963,-641,-339.44,23.068,-685.71,-358.93,200,6.1739,-1151.5,1
183.53,11.963,-641,-339.44,23.068,-685.71,-358.93,200,6.4783,-Inf,1
183.53,11.963,-641,-339.44,23.068,-685.71,-358.93,200,6.7826,-Inf,1
183.53,11.963,-641,-339.44,23.068,-685.71,-358.93,200,7.087,-Inf,1
183.53,11.963,-641,-339.44,23.068,-685.71,-358.93,200,7.3913,-Inf,1
183.53,11.963,-641,-339.44,23.068,-685.71,-358.93,200,7.6957,-Inf,1
183.53,11.963,-641,-339.44,23.068,-685.71,-358.93,200,8,-Inf,1
281.2,18.587,-641,-339.44,23.068,-685.71,-358.93,300,1,-1116,1
281.2,18.587,-641,-339.44,23.068,-685.71,-358.93,300,1.3043,-878.55,1
281.2,18.587,-641,-339.44,23.068,-685.71,-358.93,300,1.6087,-711.95,1
281.2,18.587,-641,-339.44,23.068,-685.71,-358.93,300,1.913,-591.08,1
281.2,18.587,-641,-339.44,23.068,-685.71,-358.93,300,2.2174,-501.26,1
281.2,18.587,-641,-339.44,23.068,-685.71,-358.93,300,2.5217,-433.42,1
281.2,18.587,-641,-339.44,23.068,-685.71,-358.93,300,2.8261,-381.78,1
281.2,18.587,-641,-339.44,23.068,-685.71,-358.93,300,3.1304,-342.52,1
281.2,18.587,-641,-339.44,23.068,-685.71,-358.93,300,3.4348,-313.15,1
281.2,18.587,-641,-339.44,23.068,-685.71,-358.93,300,3.7391,-292.05,1
281.2,18.587,-641,-339.44,23.068,-685.71,-358.93,300,4.0435,-278.28,1
281.2,18.587,-641,-339.44,23.068,-685.71,-358.93,300,4.3478,-271.52,1
281.2,18.587,-641,-339.44,23.068,-685.71,-358.93,300,4.6522,-272.09,1
281.2,18.587,-641,-339.44,23.068,-685.71,-358.93,300,4.9565,-281.2,1
281.2,18.587,-641,-339.44,23.068,-685.71,-358.93,300,5.2609,-301.57,1
281.2,18.587,-641,-339.44,23.068,-685.71,-358.93,300,5.5652,-338.94,1
281.2,18.587,-641,-339.44,23.068,-685.71,-358.93,300,5.8696,-406.52,1
281.2,18.587,-641,-339.44,23.068,-685.71,-358.93,300,6.1739,-540.91,1
281.2,18.587,-641,-339.44,23.068,-685.71,-358.93,300,6.4783,-887.04,1
281.2,18.587,-641,-339.44,23.068,-685.71,-358.93,300,6.7826,-Inf,1
281.2,18.587,-641,-339.44,23.068,-685.71,-358.93,300,7.087,-Inf,1
281.2,18.587,-641,-339.44,23.068,-685.71,-358.93,300,7.3913,-Inf,1
281.2,18.587,-641,-339.44,23.068,-685.71,-358.93,300,7.6957,-Inf,1
281.2,18.587,-641,-339.44,23.068,-685.71,-358.93,300,8,-Inf,1
333.31,13.072,-641,-339.44,23.068,-685.71,-270.71,-300,1,-456.21,0
333.31,13.072,-641,-339.44,23.068,-685.71,-270.71,-300,1.3043,-378.01,0
333.31,13.072,-641,-339.44,23.068,-685.71,-270.71,-300,1.6087,-321,0
333.31,13.072,-641,-339.44,23.068,-685.71,-270.71,-300,1.913,-281.79,0
333.31,13.072,-641,-339.44,23.068,-685.71,-270.71,-300,2.2174,-258.42,0
333.31,13.072,-641,-339.44,23.068,-685.71,-270.71,-300,2.5217,-250.06,0
333.31,13.072,-641,-339.44,23.068,-685.71,-270.71,-300,2.8261,-256.99,0
333.31,13.072,-641,-339.44,23.068,-685.71,-270.71,-300,3.1304,-280.83,0
333.31,13.072,-641,-339.44,23.068,-685.71,-270.71,-300,3.4348,-325,0
333.31,13.072,-641,-339.44,23.068,-685.71,-270.71,-300,3.7391,-396.02,0
333.31,13.072,-641,-339.44,23.068,-685.71,-270.71,-300,4.0435,-506.14,0
333.31,13.072,-641,-339.44,23.068,-685.71,-270.71,-300,4.3478,-680.33,0
333.31,13.072,-641,-339.44,23.068,-685.71,-270.71,-300,4.6522,-976.94,0
333.31,13.072,-641,-339.44,23.068,-685.71,-270.71,-300,4.9565,-1569.6,0
333.31,13.072,-641,-339.44,23.068,-685.71,-270.71,-300,5.2609,-Inf,0
333.31,13.072,-641,-339.44,23.068,-685.71,-270.71,-300,5.5652,-Inf,0
333.31,13.072,-641,-339.44,23.068,-685.71,-270.71,-300,5.8696,-Inf,0
333.31,13.072,-641,-339.44,23.068,-685.71,-270.71,-300,6.1739,-Inf,0
333.31,13.072,-641,-339.44,23.068,-685.71,-270.71,-300,6.4783,-Inf,0
333.31,13.072,-641,-339.44,23.068,-685.71,-270.71,-300,6.7826,-Inf,0
333.31,13.072,-641,-339.44,23.068,-685.71,-270.71,-300,7.087,-Inf,0
333.31,13.072,-641,-339.44,23.068,-685.71,-270.71,-300,7.3913,-Inf,0
333.31,13.072,-641,-339.44,23.068,-685.71,-270.71,-300,7.6957,-Inf,0
333.31,13.072,-641,-339.44,23.068,-685.71,-270.71,-300,8,-Inf,0
237.66,9.8783,-641,-339.44,23.068,-685.71,-270.71,-200,1,-496.81,0
237.66,9.8783,-641,-339.44,23.068,-685.71,-270.71,-200,1.3043,-411.9,0
237.66,9.8783,-641,-339.44,23.068,-685.71,-270.71,-200,1.6087,-348.58,0
237.66,9.8783,-641,-339.44,23.068,-685.71,-270.71,-200,1.913,-302.8,0
237.66,9.8783,-641,-339.44,23.068,-685.71,-270.71,-200,2.2174,-272.03,0
237.66,9.8783,-641,-339.44,23.068,-685.71,-270.71,-200,2.5217,-254.85,0
237.66,9.8783,-641,-339.44,23.068,-685.71,-270.71,-200,2.8261,-250.84,0
237.66,9.8783,-641,-339.44,23.068,-685.71,-270.71,-200,3.1304,-260.64,0
237.66,9.8783,-641,-339.44,23.068,-685.71,-270.71,-200,3.4348,-286.15,0
237.66,9.8783,-641,-339.44,23.068,-685.71,-270.71,-200,3.7391,-331.28,0
237.66,9.8783,-641,-339.44,23.068,-685.71,-270.71,-200,4.0435,-403.39,0
237.66,9.8783,-641,-339.44,23.068,-685.71,-270.71,-200,4.3478,-516.92,0
237.66,9.8783,-641,-339.44,23.068,-685.71,-270.71,-200,4.6522,-703.14,0
237.66,9.8783,-641,-339.44,23.068,-685.71,-270.71,-200,4.9565,-1043.3,0
237.66,9.8783,-641,-339.44,23.068,-685.71,-270.71,-200,5.2609,-Inf,0
237.66,9.8783,-641,-339.44,23.068,-685.71,-270.71,-200,5.5652,-Inf,0
237.66,9.8783,-641,-339.44,23.068,-685.71,-270.71,-200,5.8696,-Inf,0
237.66,9.8783,-641,-339.44,23.068,-685.71,-270.71,-200,6.1739,-Inf,0
237.66,9.8783,-641,-339.44,23.068,-685.71,-270.71,-200,6.4783,-Inf,0
237.66,9.8783,-641,-339.44,23.068,-685.71,-270.71,-200,6.7826,-Inf,0
237.66,9.8783,-641,-339.44,23.068,-685.71,-270.71,-200,7.087,-Inf,0
237.66,9.8783,-641,-339.44,23.068,-685.71,-270.71,-200,7.3913,-Inf,0
237.66,9.8783,-641,-339.44,23.068,-685.71,-270.71,-200,7.6957,-Inf,0
237.66,9.8783,-641,-339.44,23.068,-685.71,-270.71,-200,8,-Inf,0
147.88,6.661,-641,-339.44,23.068,-685.71,-270.71,-100,1,-550.87,1
147.88,6.661,-641,-339.44,23.068,-685.71,-270.71,-100,1.3043,-456.12,1
147.88,6.661,-641,-339.44,23.068,-685.71,-270.71,-100,1.6087,-384.58,1
147.88,6.661,-641,-339.44,23.068,-685.71,-270.71,-100,1.913,-331.26,1
147.88,6.661,-641,-339.44,23.068,-685.71,-270.71,-100,2.2174,-292.89,1
147.88,6.661,-641,-339.44,23.068,-685.71,-270.71,-100,2.5217,-267.46,1
147.88,6.661,-641,-339.44,23.068,-685.71,-270.71,-100,2.8261,-253.9,1
147.88,6.661,-641,-339.44,23.068,-685.71,-270.71,-100,3.1304,-252.05,1
147.88,6.661,-641,-339.44,23.068,-685.71,-270.71,-100,3.4348,-262.7,1
147.88,6.661,-641,-339.44,23.068,-685.71,-270.71,-100,3.7391,-287.95,1
147.88,6.661,-641,-339.44,23.068,-685.71,-270.71,-100,4.0435,-332,1
147.88,6.661,-641,-339.44,23.068,-685.71,-270.71,-100,4.3478,-402.9,1
147.88,6.661,-641,-339.44,23.068,-685.71,-270.71,-100,4.6522,-517.11,1
147.88,6.661,-641,-339.44,23.068,-685.71,-270.71,-100,4.9565,-712.8,1
147.88,6.661,-641,-339.44,23.068,-685.71,-270.71,-100,5.2609,-1101.3,1
147.88,6.661,-641,-339.44,23.068,-685.71,-270.71,-100,5.5652,-Inf,1
147.88,6.661,-641,-339.44,23.068,-685.71,-270.71,-100,5.8696,-Inf,1
147.88,6.661,-641,-339.44,23.068,-685.71,-270.71,-100,6.1739,-Inf,1
147.88,6.661,-641,-339.44,23.068,-685.71,-270.71,-100,6.4783,-Inf,1
147.88,6.661,-641,-339.44,23.068,-685.71,-270.71,-100,6.7826,-Inf,1
147.88,6.661,-641,-339.44,23.068,-685.71,-270.71,-100,7.087,-Inf,1
147.88,6.661,-641,-339.44,23.068,-685.71,-270.71,-100,7.3913,-Inf,1
147.88,6.661,-641,-339.44,23.068,-685.71,-270.71,-100,7.6957,-Inf,1
147.88,6.661,-641,-339.44,23.068,-685.71,-270.71,-100,8,-Inf,1
85.177,4.9102,-641,-339.44,23.068,-685.71,-270.71,0,1,-627.01,1
85.177,4.9102,-641,-339.44,23.068,-685.71,-270.71,0,1.3043,-516.78,1
85.177,4.9102,-641,-339.44,23.068,-685.71,-270.71,0,1.6087,-433.39,1
85.177,4.9102,-641,-339.44,23.068,-685.71,-270.71,0,1.913,-370.28,1
85.177,4.9102,-641,-339.44,23.068,-685.71,-270.71,0,2.2174,-323.14,1
85.177,4.9102,-641,-339.44,23.068,-685.71,-270.71,0,2.5217,-289.16,1
85.177,4.9102,-641,-339.44,23.068,-685.71,-270.71,0,2.8261,-266.62,1
85.177,4.9102,-641,-339.44,23.068,-685.71,-270.71,0,3.1304,-254.63,1
85.177,4.9102,-641,-339.44,23.068,-685.71,-270.71,0,3.4348,-253.13,1
85.177,4.9102,-641,-339.44,23.068,-685.71,-270.71,0,3.7391,-262.97,1
85.177,4.9102,-641,-339.44,23.068,-685.71,-270.71,0,4.0435,-286.3,1
85.177,4.9102,-641,-339.44,23.068,-685.71,-270.71,0,4.3478,-327.39,1
85.177,4.9102,-641,-339.44,23.068,-685.71,-270.71,0,4.6522,-394.67,1
85.177,4.9102,-641,-339.44,23.068,-685.71,-270.71,0,4.9565,-506.06,1
85.177,4.9102,-641,-339.44,23.068,-685.71,-270.71,0,5.2609,-706.02,1
85.177,4.9102,-641,-339.44,23.068,-685.71,-270.71,0,5.5652,-1140.2,1
85.177,4.9102,-641,-339.44,23.068,-685.71,-270.71,0,5.8696,-Inf,1
85.177,4.9102,-641,-339.44,23.068,-685.71,-270.71,0,6.1739,-Inf,1
85.177,4.9102,-641,-339.44,23.068,-685.71,-270.71,0,6.4783,-Inf,1
85.177,4.9102,-641,-339.44,23.068,-685.71,-270.71,0,6.7826,-Inf,1
85.177,4.9102,-641,-339.44,23.068,-685.71,-270.71,0,7.087,-Inf,1
85.177,4.9102,-641,-339.44,23.068,-685.71,-270.71,0,7.3913,-Inf,1
85.177,4.9102,-641,-339.44,23.068,-685.71,-270.71,0,7.6957,-Inf,1
85.177,4.9102,-641,-339.44,23.068,-685.71,-270.71,0,8,-Inf,1
112.43,7.3722,-641,-339.44,23.068,-685.71,-270.71,100,1,-738.55,1
112.43,7.3722,-641,-339.44,23.068,-685.71,-270.71,100,1.3043,-603.12,1
112.43,7.3722,-641,-339.44,23.068,-685.71,-270.71,100,1.6087,-501.58,1
112.43,7.3722,-641,-339.44,23.068,-685.71,-270.71,100,1.913,-424.6,1
112.43,7.3722,-641,-339.44,23.068,-685.71,-270.71,100,2.2174,-366.17,1
112.43,7.3722,-641,-339.44,23.068,-685.71,-270.71,100,2.5217,-322.3,1
112.43,7.3722,-641,-339.44,23.068,-685.71,-270.71,100,2.8261,-290.39,1
112.43,7.3722,-641,-339.44,23.068,-685.71,-270.71,100,3.1304,-268.82,1
112.43,7.3722,-641,-339.44,23.068,-685.71,-270.71,100,3.4348,-256.79,1
112.43,7.3722,-641,-339.44,23.068,-685.71,-270.71,100,3.7391,-254.2,1
112.43,7.3722,-641,-339.44,23.068,-685.71,-270.71,100,4.0435,-261.86,1
112.43,7.3722,-641,-339.44,23.068,-685.71,-270.71,100,4.3478,-281.76,1
112.43,7.3722,-641,-339.44,23.068,-685.71,-270.71,100,4.6522,-318.01,1
112.43,7.3722,-641,-339.44,23.068,-685.71,-270.71,100,4.9565,-378.9,1
112.43,7.3722,-641,-339.44,23.068,-685.71,-270.71,100,5.2609,-482.69,1
112.43,7.3722,-641,-339.44,23.068,-685.71,-270.71,100,5.5652,-677.29,1
112.43,7.3722,-641,-339.44,23.068,-685.71,-270.71,100,5.8696,-1136.2,1
112.43,7.3722,-641,-339.44,23.068,-685.71,-270.71,100,6.1739,-Inf,1
112.43,7.3722,-641,-339.44,23.068,-685.71,-270.71,100,6.4783,-Inf,1
112.43,7.3722,-641,-339.44,23.068,-685.71,-270.71,100,6.7826,-Inf,1
112.43,7.3722,-641,-339.44,23.068,-685.71,-270.71,100,7.087,-Inf,1
112.43,7.3722,-641,-339.44,23.068,-685.71,-270.71,100,7.3913,-Inf,1
112.43,7.3722,-641,-339.44,23.068,-685.71,-270.71,100,7.6957,-Inf,1
112.43,7.3722,-641,-339.44,23.068,-685.71,-270.71,100,8,-Inf,1
195.01,12.544,-641,-339.44,23.068,-685.71,-270.71,200,1,-895.15,1
195.01,12.544,-641,-339.44,23.068,-685.71,-270.71,200,1.3043,-720.15,1
195.01,12.544,-641,-339.44,23.068,-685.71,-270.71,200,1.6087,-591.91,1
195.01,12.544,-641,-339.44,23.068,-685.71,-270.71,200,1.913,-495.93,1
195.01,12.544,-641,-339.44,23.068,-685.71,-270.71,200,2.2174,-423.15,1
195.01,12.544,-641,-339.44,23.068,-685.71,-270.71,200,2.5217,-367.74,1
195.01,12.544,-641,-339.44,23.068,-685.71,-270.71,200,2.8261,-325.85,1
195.01,12.544,-641,-339.44,23.068,-685.71,-270.71,200,3.1304,-294.94,1
195.01,12.544,-641,-339.44,23.068,-685.71,-270.71,200,3.4348,-273.41,1
195.01,12.544,-641,-339.44,23.068,-685.71,-270.71,200,3.7391,-260.4,1
195.01,12.544,-641,-339.44,23.068,-685.71,-270.71,200,4.0435,-255.73,1
195.01,12.544,-641,-339.44,23.068,-685.71,-270.71,200,4.3478,-260,1
195.01,12.544,-641,-339.44,23.068,-685.71,-270.71,200,4.6522,-274.89,1
195.01,12.544,-641,-339.44,23.068,-685.71,-270.71,200,4.9565,-303.95,1
195.01,12.544,-641,-339.44,23.068,-685.71,-270.71,200,5.2609,-354.55,1
195.01,12.544,-641,-339.44,23.068,-685.71,-270.71,200,5.5652,-443.35,1
195.01,12.544,-641,-339.44,23.068,-685.71,-270.71,200,5.8696,-615.67,1
195.01,12.544,-641,-339.44,23.068,-685.71,-270.71,200,6.1739,-1046.8,1
195.01,12.544,-641,-339.44,23.068,-685.71,-270.71,200,6.4783,-Inf,1
195.01,12.544,-641,-339.44,23.068,-685.71,-270.71,200,6.7826,-Inf,1
195.01,12.544,-641,-339.44,23.068,-685.71,-270.71,200,7.087,-Inf,1
195.01,12.544,-641,-339.44,23.068,-685.71,-270.71,200,7.3913,-Inf,1
195.01,12.544,-641,-339.44,23.068,-685.71,-270.71,200,7.6957,-Inf,1
195.01,12.544,-641,-339.44,23.068,-685.71,-270.71,200,8,-Inf,1
288.82,18.928,-641,-339.44,23.068,-685.71,-270.71,300,1,-1037.6,1
288.82,18.928,-641,-339.44,23.068,-685.71,-270.71,300,1.3043,-818.83,1
288.82,18.928,-641,-339.44,23.068,-685.71,-270.71,300,1.6087,-665.17,1
288.82,18.928,-641,-339.44,23.068,-685.71,-270.71,300,1.913,-553.59,1
288.82,18.928,-641,-339.44,23.068,-685.71,-270.71,300,2.2174,-470.58,1
288.82,18.928,-641,-339.44,23.068,-685.71,-270.71,300,2.5217,-407.84,1
288.82,18.928,-641,-339.44,23.068,-685.71,-270.71,300,2.8261,-360.03,1
288.82,18.928,-641,-339.44,23.068,-685.71,-270.71,300,3.1304,-323.65,1
288.82,18.928,-641,-339.44,23.068,-685.71,-270.71,300,3.4348,-296.4,1
288.82,18.928,-641,-339.44,23.068,-685.71,-270.71,300,3.7391,-276.77,1
288.82,18.928,-641,-339.44,23.068,-685.71,-270.71,300,4.0435,-263.91,1
288.82,18.928,-641,-339.44,23.068,-685.71,-270.71,300,4.3478,-257.5,1
288.82,18.928,-641,-339.44,23.068,-685.71,-270.71,300,4.6522,-257.84,1
288.82,18.928,-641,-339.44,23.068,-685.71,-270.71,300,4.9565,-266.01,1
288.82,18.928,-641,-339.44,23.068,-685.71,-270.71,300,5.2609,-284.47,1
288.82,18.928,-641,-339.44,23.068,-685.71,-270.71,300,5.5652,-318.44,1
288.82,18.928,-641,-339.44,23.068,-685.71,-270.71,300,5.8696,-379.89,1
288.82,18.928,-641,-339.44,23.068,-685.71,-270.71,300,6.1739,-501.87,1
288.82,18.928,-641,-339.44,23.068,-685.71,-270.71,300,6.4783,-814.36,1
288.82,18.928,-641,-339.44,23.068,-685.71,-270.71,300,6.7826,-Inf,1
288.82,18.928,-641,-339.44,23.068,-685.71,-270.71,300,7.087,-Inf,1
288.82,18.928,-641,-339.44,23.068,-685.71,-270.71,300,7.3913,-Inf,1
288.82,18.928,-641,-339.44,23.068,-685.71,-270.71,300,7.6957,-Inf,1
288.82,18.928,-641,-339.44,23.068,-685.71,-270.71,300,8,-Inf,1
361.94,15.745,-641,-339.44,23.068,-685.71,-182.5,-300,1,-446.95,0
361.94,15.745,-641,-339.44,23.068,-685.71,-182.5,-300,1.3043,-371.02,0
361.94,15.745,-641,-339.44,23.068,-685.71,-182.5,-300,1.6087,-315.72,0
361.94,15.745,-641,-339.44,23.068,-685.71,-182.5,-300,1.913,-277.79,0
361.94,15.745,-641,-339.44,23.068,-685.71,-182.5,-300,2.2174,-255.31,0
361.94,15.745,-641,-339.44,23.068,-685.71,-182.5,-300,2.5217,-247.48,0
361.94,15.745,-641,-339.44,23.068,-685.71,-182.5,-300,2.8261,-254.6,0
361.94,15.745,-641,-339.44,23.068,-685.71,-182.5,-300,3.1304,-278.24,0
361.94,15.745,-641,-339.44,23.068,-685.71,-182.5,-300,3.4348,-321.77,0
361.94,15.745,-641,-339.44,23.068,-685.71,-182.5,-300,3.7391,-391.49,0
361.94,15.745,-641,-339.44,23.068,-685.71,-182.5,-300,4.0435,-499.37,0
361.94,15.745,-641,-339.44,23.068,-685.71,-182.5,-300,4.3478,-669.6,0
361.94,15.745,-641,-339.44,23.068,-685.71,-182.5,-300,4.6522,-958.6,0
361.94,15.745,-641,-339.44,23.068,-685.71,-182.5,-300,4.9565,-1533.2,0
361.94,15.745,-641,-339.44,23.068,-685.71,-182.5,-300,5.2609,-Inf,0
361.94,15.745,-641,-339.44,23.068,-685.71,-182.5,-300,5.5652,-Inf,0
361.94,15.745,-641,-339.44,23.068,-685.71,-182.5,-300,5.8696,-Inf,0
361.94,15.745,-641,-339.44,23.068,-685.71,-182.5,-300,6.1739,-Inf,0
361.94,15.745,-641,-339.44,23.068,-685.71,-182.5,-300,6.4783,-Inf,0
361.94,15.745,-641,-339.44,23.068,-685.71,-182.5,-300,6.7826,-Inf,0
361.94,15.745,-641,-339.44,23.068,-685.71,-182.5,-300,7.087,-Inf,0
361.94,15.745,-641,-339.44,23.068,-685.71,-182.5,-300,7.3913,-Inf,0
361.94,15.745,-641,-339.44,23.068,-685.71,-182.5,-300,7.6957,-Inf,0
361.94,15.745,-641,-339.44,23.068,-685.71,-182.5,-300,8,-Inf,0
276.39,13.315,-641,-339.44,23.068,-685.71,-182.5,-200,1,-485.79,0
276.39,13.315,-641,-339.44,23.068,-685.71,-182.5,-200,1.3043,-403.57,0
276.39,13.315,-641,-339.44,23.068,-685.71,-182.5,-200,1.6087,-342.3,0
276.39,13.315,-641,-339.44,23.068,-685.71,-182.5,-200,1.913,-298.06,0
276.39,13.315,-641,-339.44,23.068,-685.71,-182.5,-200,2.2174,-268.39,0
276.39,13.315,-641,-339.44,23.068,-685.71,-182.5,-200,2.5217,-251.95,0
276.39,13.315,-641,-339.44,23.068,-685.71,-182.5,-200,2.8261,-248.33,0
276.39,13.315,-641,-339.44,23.068,-685.71,-182.5,-200,3.1304,-258.15,0
276.39,13.315,-641,-339.44,23.068,-685.71,-182.5,-200,3.4348,-283.27,0
276.39,13.315,-641,-339.44,23.068,-685.71,-182.5,-200,3.7391,-327.47,0
276.39,13.315,-641,-339.44,23.068,-685.71,-182.5,-200,4.0435,-397.91,0
276.39,13.315,-641,-339.44,23.068,-685.71,-182.5,-200,4.3478,-508.54,0
276.39,13.315,-641,-339.44,23.068,-685.71,-182.5,-200,4.6522,-689.52,0
276.39,13.315,-641,-339.44,23.068,-685.71,-182.5,-200,4.9565,-1018.8,0
276.39,13.315,-641,-339.44,23.068,-685.71,-182.5,-200,5.2609,-1775.2,0
276.39,13.315,-641,-339.44,23.068,-685.71,-182.5,-200,5.5652,-Inf,0
276.39,13.315,-641,-339.44,23.068,-685.71,-182.5,-200,5.8696,-Inf,0
276.39,13.315,-641,-339.44,23.068,-685.71,-182.5,-200,6.1739,-Inf,0
276.39,13.315,-641,-339.44,23.068,-685.71,-182.5,-200,6.4783,-Inf,0
276.39,13.315,-641,-339.44,23.068,-685.71,-182.5,-200,6.7826,-Inf,0
276.39,13.315,-641,-339.44,23.068,-685.71,-182.5,-200,7.087,-Inf,0
276.39,13.315,-641,-339.44,23.068,-685.71,-182.5,-200,7.3913,-Inf,0
276.39,13.315,-641,-339.44,23.068,-685.71,-182.5,-200,7.6957,-Inf,0
276.39,13.315,-641,-339.44,23.068,-685.71,-182.5,-200,8,-Inf,0
204.39,11.261,-641,-339.44,23.068,-685.71,-182.5,-100,1,-537.25,0
204.39,11.261,-641,-339.44,23.068,-685.71,-182.5,-100,1.3043,-445.83,0
204.39,11.261,-641,-339.44,23.068,-685.71,-182.5,-100,1.6087,-376.83,0
204.39,11.261,-641,-339.44,23.068,-685.71,-182.5,-100,1.913,-325.42,0
204.39,11.261,-641,-339.44,23.068,-685.71,-182.5,-100,2.2174,-288.47,0
204.39,11.261,-641,-339.44,23.068,-685.71,-182.5,-100,2.5217,-264.05,0
204.39,11.261,-641,-339.44,23.068,-685.71,-182.5,-100,2.8261,-251.12,0
204.39,11.261,-641,-339.44,23.068,-685.71,-182.5,-100,3.1304,-249.53,0
204.39,11.261,-641,-339.44,23.068,-685.71,-182.5,-100,3.4348,-260.06,0
204.39,11.261,-641,-339.44,23.068,-685.71,-182.5,-100,3.7391,-284.74,0
204.39,11.261,-641,-339.44,23.068,-685.71,-182.5,-100,4.0435,-327.62,0
204.39,11.261,-641,-339.44,23.068,-685.71,-182.5,-100,4.3478,-396.45,0
204.39,11.261,-641,-339.44,23.068,-685.71,-182.5,-100,4.6522,-507.06,0
204.39,11.261,-641,-339.44,23.068,-685.71,-182.5,-100,4.9565,-696,0
204.39,11.261,-641,-339.44,23.068,-685.71,-182.5,-100,5.2609,-1069.2,0
204.39,11.261,-641,-339.44,23.068,-685.71,-182.5,-100,5.5652,-Inf,0
204.39,11.261,-641,-339.44,23.068,-685.71,-182.5,-100,5.8696,-Inf,0
204.39,11.261,-641,-339.44,23.068,-685.71,-182.5,-100,6.1739,-Inf,0
204.39,11.261,-641,-339.44,23.068,-685.71,-182.5,-100,6.4783,-Inf,0
204.39,11.261,-641,-339.44,23.068,-685.71,-182.5,-100,6.7826,-Inf,0
204.39,11.261,-641,-339.44,23.068,-685.71,-182.5,-100,7.087,-Inf,0
204.39,11.261,-641,-339.44,23.068,-685.71,-182.5,-100,7.3913,-Inf,0
204.39,11.261,-641,-339.44,23.068,-685.71,-182.5,-100,7.6957,-Inf,0
204.39,11.261,-641,-339.44,23.068,-685.71,-182.5,-100,8,-Inf,0
164.81,10.457,-641,-339.44,23.068,-685.71,-182.5,0,1,-609.36,1
164.81,10.457,-641,-339.44,23.068,-685.71,-182.5,0,1.3043,-503.49,1
164.81,10.457,-641,-339.44,23.068,-685.71,-182.5,0,1.6087,-423.38,1
164.81,10.457,-641,-339.44,23.068,-685.71,-182.5,0,1.913,-362.76,1
164.81,10.457,-641,-339.44,23.068,-685.71,-182.5,0,2.2174,-317.48,1
164.81,10.457,-641,-339.44,23.068,-685.71,-182.5,0,2.5217,-284.88,1
164.81,10.457,-641,-339.44,23.068,-685.71,-182.5,0,2.8261,-263.29,1
164.81,10.457,-641,-339.44,23.068,-685.71,-182.5,0,3.1304,-251.86,1
164.81,10.457,-641,-339.44,23.068,-685.71,-182.5,0,3.4348,-250.55,1
164.81,10.457,-641,-339.44,23.068,-685.71,-182.5,0,3.7391,-260.18,1
164.81,10.457,-641,-339.44,23.068,-685.71,-182.5,0,4.0435,-282.79,1
164.81,10.457,-641,-339.44,23.068,-685.71,-182.5,0,4.3478,-322.5,1
164.81,10.457,-641,-339.44,23.068,-685.71,-182.5,0,4.6522,-387.35,1
164.81,10.457,-641,-339.44,23.068,-685.71,-182.5,0,4.9565,-494.46,1
164.81,10.457,-641,-339.44,23.068,-685.71,-182.5,0,5.2609,-686.05,1
164.81,10.457,-641,-339.44,23.068,-685.71,-182.5,0,5.5652,-1099.4,1
164.81,10.457,-641,-339.44,23.068,-685.71,-182.5,0,5.8696,-Inf,1
164.81,10.457,-641,-339.44,23.068,-685.71,-182.5,0,6.1739,-Inf,1
164.81,10.457,-641,-339.44,23.068,-685.71,-182.5,0,6.4783,-Inf,1
164.81,10.457,-641,-339.44,23.068,-685.71,-182.5,0,6.7826,-Inf,1
164.81,10.457,-641,-339.44,23.068,-685.71,-182.5,0,7.087,-Inf,1
164.81,10.457,-641,-339.44,23.068,-685.71,-182.5,0,7.3913,-Inf,1
164.81,10.457,-641,-339.44,23.068,-685.71,-182.5,0,7.6957,-Inf,1
164.81,10.457,-641,-339.44,23.068,-685.71,-182.5,0,8,-Inf,1
180.41,11.943,-641,-339.44,23.068,-685.71,-182.5,100,1,-714.37,1
180.41,11.943,-641,-339.44,23.068,-685.71,-182.5,100,1.3043,-585.02,1
180.41,11.943,-641,-339.44,23.068,-685.71,-182.5,100,1.6087,-487.99,1
180.41,11.943,-641,-339.44,23.068,-685.71,-182.5,100,1.913,-414.41,1
180.41,11.943,-641,-339.44,23.068,-685.71,-182.5,100,2.2174,-358.54,1
180.41,11.943,-641,-339.44,23.068,-685.71,-182.5,100,2.5217,-316.59,1
180.41,11.943,-641,-339.44,23.068,-685.71,-182.5,100,2.8261,-286.08,1
180.41,11.943,-641,-339.44,23.068,-685.71,-182.5,100,3.1304,-265.48,1
180.41,11.943,-641,-339.44,23.068,-685.71,-182.5,100,3.4348,-254.01,1
180.41,11.943,-641,-339.44,23.068,-685.71,-182.5,100,3.7391,-251.58,1
180.41,11.943,-641,-339.44,23.068,-685.71,-182.5,100,4.0435,-258.97,1
180.41,11.943,-641,-339.44,23.068,-685.71,-182.5,100,4.3478,-278.07,1
180.41,11.943,-641,-339.44,23.068,-685.71,-182.5,100,4.6522,-312.78,1
180.41,11.943,-641,-339.44,23.068,-685.71,-182.5,100,4.9565,-370.97,1
180.41,11.943,-641,-339.44,23.068,-685.71,-182.5,100,5.2609,-469.93,1
180.41,11.943,-641,-339.44,23.068,-685.71,-182.5,100,5.5652,-654.79,1
180.41,11.943,-641,-339.44,23.068,-685.71,-182.5,100,5.8696,-1087.6,1
180.41,11.943,-641,-339.44,23.068,-685.71,-182.5,100,6.1739,-Inf,1
180.41,11.943,-641,-339.44,23.068,-685.71,-182.5,100,6.4783,-Inf,1
180.41,11.943,-641,-339.44,23.068,-685.71,-182.5,100,6.7826,-Inf,1
180.41,11.943,-641,-339.44,23.068,-685.71,-182.5,100,7.087,-Inf,1
180.41,11.943,-641,-339.44,23.068,-685.71,-182.5,100,7.3913,-Inf,1
180.41,11.943,-641,-339.44,23.068,-685.71,-182.5,100,7.6957,-Inf,1
180.41,11.943,-641,-339.44,23.068,-685.71,-182.5,100,8,-Inf,1
240.7,15.787,-641,-339.44,23.068,-685.71,-182.5,200,1,-860.61,1
240.7,15.787,-641,-339.44,23.068,-685.71,-182.5,200,1.3043,-694.64,1
240.7,15.787,-641,-339.44,23.068,-685.71,-182.5,200,1.6087,-572.9,1
240.7,15.787,-641,-339.44,23.068,-685.71,-182.5,200,1.913,-481.71,1
240.7,15.787,-641,-339.44,23.068,-685.71,-182.5,200,2.2174,-412.53,1
240.7,15.787,-641,-339.44,23.068,-685.71,-182.5,200,2.5217,-359.84,1
240.7,15.787,-641,-339.44,23.068,-685.71,-182.5,200,2.8261,-319.98,1
240.7,15.787,-641,-339.44,23.068,-685.71,-182.5,200,3.1304,-290.55,1
240.7,15.787,-641,-339.44,23.068,-685.71,-182.5,200,3.4348,-270.05,1
240.7,15.787,-641,-339.44,23.068,-685.71,-182.5,200,3.7391,-257.65,1
240.7,15.787,-641,-339.44,23.068,-685.71,-182.5,200,4.0435,-253.18,1
240.7,15.787,-641,-339.44,23.068,-685.71,-182.5,200,4.3478,-257.2,1
240.7,15.787,-641,-339.44,23.068,-685.71,-182.5,200,4.6522,-271.3,1
240.7,15.787,-641,-339.44,23.068,-685.71,-182.5,200,4.9565,-298.81,1
240.7,15.787,-641,-339.44,23.068,-685.71,-182.5,200,5.2609,-346.67,1
240.7,15.787,-641,-339.44,23.068,-685.71,-182.5,200,5.5652,-430.49,1
240.7,15.787,-641,-339.44,23.068,-685.71,-182.5,200,5.8696,-592.61,1
240.7,15.787,-641,-339.44,23.068,-685.71,-182.5,200,6.1739,-995.23,1
240.7,15.787,-641,-339.44,23.068,-685.71,-182.5,200,6.4783,-Inf,1
240.7,15.787,-641,-339.44,23.068,-685.71,-182.5,200,6.7826,-Inf,1
240.7,15.787,-641,-339.44,23.068,-685.71,-182.5,200,7.087,-Inf,1
240.7,15.787,-641,-339.44,23.068,-685.71,-182.5,200,7.3913,-Inf,1
240.7,15.787,-641,-339.44,23.068,-685.71,-182.5,200,7.6957,-Inf,1
240.7,15.787,-641,-339.44,23.068,-685.71,-182.5,200,8,-Inf,1
321.44,21.326,-641,-339.44,23.068,-685.71,-182.5,300,1,-991.68,1
321.44,21.326,-641,-339.44,23.068,-685.71,-182.5,300,1.3043,-785.74,1
321.44,21.326,-641,-339.44,23.068,-685.71,-182.5,300,1.6087,-640.91,1
321.44,21.326,-641,-339.44,23.068,-685.71,-182.5,300,1.913,-535.63,1
321.44,21.326,-641,-339.44,23.068,-685.71,-182.5,300,2.2174,-457.24,1
321.44,21.326,-641,-339.44,23.068,-685.71,-182.5,300,2.5217,-397.94,1
321.44,21.326,-641,-339.44,23.068,-685.71,-182.5,300,2.8261,-352.71,1
321.44,21.326,-641,-339.44,23.068,-685.71,-182.5,300,3.1304,-318.28,1
321.44,21.326,-641,-339.44,23.068,-685.71,-182.5,300,3.4348,-292.46,1
321.44,21.326,-641,-339.44,23.068,-685.71,-182.5,300,3.7391,-273.83,1
321.44,21.326,-641,-339.44,23.068,-685.71,-182.5,300,4.0435,-261.6,1
321.44,21.326,-641,-339.44,23.068,-685.71,-182.5,300,4.3478,-255.46,1
321.44,21.326,-641,-339.44,23.068,-685.71,-182.5,300,4.6522,-255.67,1
321.44,21.326,-641,-339.44,23.068,-685.71,-182.5,300,4.9565,-263.24,1
321.44,21.326,-641,-339.44,23.068,-685.71,-182.5,300,5.2609,-280.47,1
321.44,21.326,-641,-339.44,23.068,-685.71,-182.5,300,5.5652,-312.21,1
321.44,21.326,-641,-339.44,23.068,-685.71,-182.5,300,5.8696,-369.59,1
321.44,21.326,-641,-339.44,23.068,-685.71,-182.5,300,6.1739,-483.2,1
321.44,21.326,-641,-339.44,23.068,-685.71,-182.5,300,6.4783,-772.51,1
321.44,21.326,-641,-339.44,23.068,-685.71,-182.5,300,6.7826,-Inf,1
321.44,21.326,-641,-339.44,23.068,-685.71,-182.5,300,7.087,-Inf,1
321.44,21.326,-641,-339.44,23.068,-685.71,-182.5,300,7.3913,-Inf,1
321.44,21.326,-641,-339.44,23.068,-685.71,-182.5,300,7.6957,-Inf,1
321.44,21.326,-641,-339.44,23.068,-685.71,-182.5,300,8,-Inf,1
566.86,24.984,-641,-339.44,23.068,-571.43,-800,-300,1,-890.79,1
566.86,24.984,-641,-339.44,23.068,-571.43,-800,-300,1.3043,-790.62,1
566.86,24.984,-641,-339.44,23.068,-571.43,-800,-300,1.6087,-721.07,1
566.86,24.984,-641,-339.44,23.068,-571.43,-800,-300,1.913,-678.47,1
566.86,24.984,-641,-339.44,23.068,-571.43,-800,-300,2.2174,-661.16,1
566.86,24.984,-641,-339.44,23.068,-571.43,-800,-300,2.5217,-669.37,1
566.86,24.984,-641,-339.44,23.068,-571.43,-800,-300,2.8261,-705.45,1
566.86,24.984,-641,-339.44,23.068,-571.43,-800,-300,3.1304,-774.66,1
566.86,24.984,-641,-339.44,23.068,-571.43,-800,-300,3.4348,-886.99,1
566.86,24.984,-641,-339.44,23.068,-571.43,-800,-300,3.7391,-1061.1,1
566.86,24.984,-641,-339.44,23.068,-571.43,-800,-300,4.0435,-1334.2,1
566.86,24.984,-641,-339.44,23.068,-571.43,-800,-300,4.3478,-1790.2,1
566.86,24.984,-641,-339.44,23.068,-571.43,-800,-300,4.6522,-Inf,1
566.86,24.984,-641,-339.44,23.068,-571.43,-800,-300,4.9565,-Inf,1
566.86,24.984,-641,-339.44,23.068,-571.43,-800,-300,5.2609,-Inf,1
566.86,24.984,-641,-339.44,23.068,-571.43,-800,-300,5.5652,-Inf,1
566.86,24.984,-641,-339.44,23.068,-571.43,-800,-300,5.8696,-Inf,1
566.86,24.984,-641,-339.44,23.068,-571.43,-800,-300,6.1739,-Inf,1
566.86,24.984,-641,-339.44,23.068,-571.43,-800,-300,6.4783,-Inf,1
566.86,24.984,-641,-339.44,23.068,-571.43,-800,-300,6.7826,-Inf,1
566.86,24.984,-641,-339.44,23.068,-571.43,-800,-300,7.087,-Inf,1
566.86,24.984,-641,-339.44,23.068,-571.43,-800,-300,7.3913,-Inf,1
566.86,24.984,-641,-339.44,23.068,-571.43,-800,-300,7.6957,-Inf,1
566.86,24.984,-641,-339.44,23.068,-571.43,-800,-300,8,-Inf,1
516.44,24.928,-641,-339.44,23.068,-571.43,-800,-200,1,-989.87,1
516.44,24.928,-641,-339.44,23.068,-571.43,-800,-200,1.3043,-871.41,1
516.44,24.928,-641,-339.44,23.068,-571.43,-800,-200,1.6087,-785.57,1
516.44,24.928,-641,-339.44,23.068,-571.43,-800,-200,1.913,-727.39,1
516.44,24.928,-641,-339.44,23.068,-571.43,-800,-200,2.2174,-694.11,1
516.44,24.928,-641,-339.44,23.068,-571.43,-800,-200,2.5217,-684.76,1
516.44,24.928,-641,-339.44,23.068,-571.43,-800,-200,2.8261,-700.27,1
516.44,24.928,-641,-339.44,23.068,-571.43,-800,-200,3.1304,-743.86,1
516.44,24.928,-641,-339.44,23.068,-571.43,-800,-200,3.4348,-822.12,1
516.44,24.928,-641,-339.44,23.068,-571.43,-800,-200,3.7391,-947.49,1
516.44,24.928,-641,-339.44,23.068,-571.43,-800,-200,4.0435,-1144,1
516.44,24.928,-641,-339.44,23.068,-571.43,-800,-200,4.3478,-1462.5,1
516.44,24.928,-641,-339.44,23.068,-571.43,-800,-200,4.6522,-2030.2,1
516.44,24.928,-641,-339.44,23.068,-571.43,-800,-200,4.9565,-Inf,1
516.44,24.928,-641,-339.44,23.068,-571.43,-800,-200,5.2609,-Inf,1
516.44,24.928,-641,-339.44,23.068,-571.43,-800,-200,5.5652,-Inf,1
516.44,24.928,-641,-339.44,23.068,-571.43,-800,-200,5.8696,-Inf,1
516.44,24.928,-641,-339.44,23.068,-571.43,-800,-200,6.1739,-Inf,1
516.44,24.928,-641,-339.44,23.068,-571.43,-800,-200,6.4783,-Inf,1
516.44,24.928,-641,-339.44,23.068,-571.43,-800,-200,6.7826,-Inf,1
516.44,24.928,-641,-339.44,23.068,-571.43,-800,-200,7.087,-Inf,1
516.44,24.928,-641,-339.44,23.068,-571.43,-800,-200,7.3913,-Inf,1
516.44,24.928,-641,-339.44,23.068,-571.43,-800,-200,7.6957,-Inf,1
516.44,24.928,-641,-339.44,23.068,-571.43,-800,-200,8,-Inf,1
481.77,25.424,-641,-339.44,23.068,-571.43,-800,-100,1,-1128.6,1
481.77,25.424,-641,-339.44,23.068,-571.43,-800,-100,1.3043,-984.18,1
481.77,25.424,-641,-339.44,23.068,-571.43,-800,-100,1.6087,-876.62,1
481.77,25.424,-641,-339.44,23.068,-571.43,-800,-100,1.913,-799.18,1
481.77,25.424,-641,-339.44,23.068,-571.43,-800,-100,2.2174,-747.63,1
481.77,25.424,-641,-339.44,23.068,-571.43,-800,-100,2.5217,-719.7,1
481.77,25.424,-641,-339.44,23.068,-571.43,-800,-100,2.8261,-714.93,1
481.77,25.424,-641,-339.44,23.068,-571.43,-800,-100,3.1304,-734.72,1
481.77,25.424,-641,-339.44,23.068,-571.43,-800,-100,3.4348,-783.03,1
481.77,25.424,-641,-339.44,23.068,-571.43,-800,-100,3.7391,-867.69,1
481.77,25.424,-641,-339.44,23.068,-571.43,-800,-100,4.0435,-1003.7,1
481.77,25.424,-641,-339.44,23.068,-571.43,-800,-100,4.3478,-1221,1
481.77,25.424,-641,-339.44,23.068,-571.43,-800,-100,4.6522,-1587.7,1
481.77,25.424,-641,-339.44,23.068,-571.43,-800,-100,4.9565,-2293.1,1
481.77,25.424,-641,-339.44,23.068,-571.43,-800,-100,5.2609,-Inf,1
481.77,25.424,-641,-339.44,23.068,-571.43,-800,-100,5.5652,-Inf,1
481.77,25.424,-641,-339.44,23.068,-571.43,-800,-100,5.8696,-Inf,1
481.77,25.424,-641,-339.44,23.068,-571.43,-800,-100,6.1739,-Inf,1
481.77,25.424,-641,-339.44,23.068,-571.43,-800,-100,6.4783,-Inf,1
481.77,25.424,-641,-339.44,23.068,-571.43,-800,-100,6.7826,-Inf,1
481.77,25.424,-641,-339.44,23.068,-571.43,-800,-100,7.087,-Inf,1
481.77,25.424,-641,-339.44,23.068,-571.43,-800,-100,7.3913,-Inf,1
481.77,25.424,-641,-339.44,23.068,-571.43,-800,-100,7.6957,-Inf,1
481.77,25.424,-641,-339.44,23.068,-571.43,-800,-100,8,-Inf,1
466.36,26.633,-641,-339.44,23.068,-571.43,-800,0,1,-1328.4,1
466.36,26.633,-641,-339.44,23.068,-571.43,-800,0,1.3043,-1144.6,1
466.36,26.633,-641,-339.44,23.068,-571.43,-800,0,1.6087,-1006,1
466.36,26.633,-641,-339.44,23.068,-571.43,-800,0,1.913,-902.73,1
466.36,26.633,-641,-339.44,23.068,-571.43,-800,0,2.2174,-828.4,1
466.36,26.633,-641,-339.44,23.068,-571.43,-800,0,2.5217,-779.07,1
466.36,26.633,-641,-339.44,23.068,-571.43,-800,0,2.8261,-752.7,1
466.36,26.633,-641,-339.44,23.068,-571.43,-800,0,3.1304,-749.04,1
466.36,26.633,-641,-339.44,23.068,-571.43,-800,0,3.4348,-769.8,1
466.36,26.633,-641,-339.44,23.068,-571.43,-800,0,3.7391,-819.39,1
466.36,26.633,-641,-339.44,23.068,-571.43,-800,0,4.0435,-906.6,1
466.36,26.633,-641,-339.44,23.068,-571.43,-800,0,4.3478,-1048.5,1
466.36,26.633,-641,-339.44,23.068,-571.43,-800,0,4.6522,-1280.8,1
466.36,26.633,-641,-339.44,23.068,-571.43,-800,0,4.9565,-1689,1
466.36,26.633,-641,-339.44,23.068,-571.43,-800,0,5.2609,-Inf,1
466.36,26.633,-641,-339.44,23.068,-571.43,-800,0,5.5652,-Inf,1
466.36,26.633,-641,-339.44,23.068,-571.43,-800,0,5.8696,-Inf,1
466.36,26.633,-641,-339.44,23.068,-571.43,-800,0,6.1739,-Inf,1
466.36,26.633,-641,-339.44,23.068,-571.43,-800,0,6.4783,-Inf,1
466.36,26.633,-641,-339.44,23.068,-571.43,-800,0,6.7826,-Inf,1
466.36,26.633,-641,-339.44,23.068,-571.43,-800,0,7.087,-Inf,1
466.36,26.633,-641,-339.44,23.068,-571.43,-800,0,7.3913,-Inf,1
466.36,26.633,-641,-339.44,23.068,-571.43,-800,0,7.6957,-Inf,1
466.36,26.633,-641,-339.44,23.068,-571.43,-800,0,8,-Inf,1
472.09,28.674,-641,-339.44,23.068,-571.43,-800,100,1,-1610.7,1
472.09,28.674,-641,-339.44,23.068,-571.43,-800,100,1.3043,-1366.3,1
472.09,28.674,-641,-339.44,23.068,-571.43,-800,100,1.6087,-1182.1,1
472.09,28.674,-641,-339.44,23.068,-571.43,-800,100,1.913,-1042.9,1
472.09,28.674,-641,-339.44,23.068,-571.43,-800,100,2.2174,-938.71,1
472.09,28.674,-641,-339.44,23.068,-571.43,-800,100,2.5217,-863.18,1
472.09,28.674,-641,-339.44,23.068,-571.43,-800,100,2.8261,-812.25,1
472.09,28.674,-641,-339.44,23.068,-571.43,-800,100,3.1304,-783.83,1
472.09,28.674,-641,-339.44,23.068,-571.43,-800,100,3.4348,-777.6,1
472.09,28.674,-641,-339.44,23.068,-571.43,-800,100,3.7391,-795.24,1
472.09,28.674,-641,-339.44,23.068,-571.43,-800,100,4.0435,-841.18,1
472.09,28.674,-641,-339.44,23.068,-571.43,-800,100,4.3478,-924.43,1
472.09,28.674,-641,-339.44,23.068,-571.43,-800,100,4.6522,-1062.9,1
472.09,28.674,-641,-339.44,23.068,-571.43,-800,100,4.9565,-1294.9,1
472.09,28.674,-641,-339.44,23.068,-571.43,-800,100,5.2609,-1716.6,1
472.09,28.674,-641,-339.44,23.068,-571.43,-800,100,5.5652,-Inf,1
472.09,28.674,-641,-339.44,23.068,-571.43,-800,100,5.8696,-Inf,1
472.09,28.674,-641,-339.44,23.068,-571.43,-800,100,6.1739,-Inf,1
472.09,28.674,-641,-339.44,23.068,-571.43,-800,100,6.4783,-Inf,1
472.09,28.674,-641,-339.44,23.068,-571.43,-800,100,6.7826,-Inf,1
472.09,28.674,-641,-339.44,23.068,-571.43,-800,100,7.087,-Inf,1
472.09,28.674,-641,-339.44,23.068,-571.43,-800,100,7.3913,-Inf,1
472.09,28.674,-641,-339.44,23.068,-571.43,-800,100,7.6957,-Inf,1
472.09,28.674,-641,-339.44,23.068,-571.43,-800,100,8,-Inf,1
498.26,31.596,-641,-339.44,23.068,-571.43,-800,200,1,-1938.8,1
498.26,31.596,-641,-339.44,23.068,-571.43,-800,200,1.3043,-1610.4,1
498.26,31.596,-641,-339.44,23.068,-571.43,-800,200,1.6087,-1366.9,1
498.26,31.596,-641,-339.44,23.068,-571.43,-800,200,1.913,-1183.7,1
498.26,31.596,-641,-339.44,23.068,-571.43,-800,200,2.2174,-1045,1
498.26,31.596,-641,-339.44,23.068,-571.43,-800,200,2.5217,-940.7,1
498.26,31.596,-641,-339.44,23.068,-571.43,-800,200,2.8261,-863.99,1
498.26,31.596,-641,-339.44,23.068,-571.43,-800,200,3.1304,-810.65,1
498.26,31.596,-641,-339.44,23.068,-571.43,-800,200,3.4348,-778.35,1
498.26,31.596,-641,-339.44,23.068,-571.43,-800,200,3.7391,-766.42,1
498.26,31.596,-641,-339.44,23.068,-571.43,-800,200,4.0435,-776.05,1
498.26,31.596,-641,-339.44,23.068,-571.43,-800,200,4.3478,-810.93,1
498.26,31.596,-641,-339.44,23.068,-571.43,-800,200,4.6522,-878.82,1
498.26,31.596,-641,-339.44,23.068,-571.43,-800,200,4.9565,-995.47,1
498.26,31.596,-641,-339.44,23.068,-571.43,-800,200,5.2609,-1195.1,1
498.26,31.596,-641,-339.44,23.068,-571.43,-800,200,5.5652,-1565.1,1
498.26,31.596,-641,-339.44,23.068,-571.43,-800,200,5.8696,-Inf,1
498.26,31.596,-641,-339.44,23.068,-571.43,-800,200,6.1739,-Inf,1
498.26,31.596,-641,-339.44,23.068,-571.43,-800,200,6.4783,-Inf,1
498.26,31.596,-641,-339.44,23.068,-571.43,-800,200,6.7826,-Inf,1
498.26,31.596,-641,-339.44,23.068,-571.43,-800,200,7.087,-Inf,1
498.26,31.596,-641,-339.44,23.068,-571.43,-800,200,7.3913,-Inf,1
498.26,31.596,-641,-339.44,23.068,-571.43,-800,200,7.6957,-Inf,1
498.26,31.596,-641,-339.44,23.068,-571.43,-800,200,8,-Inf,1
541.89,35.361,-641,-339.44,23.068,-571.43,-800,300,1,-2024.5,1
541.89,35.361,-641,-339.44,23.068,-571.43,-800,300,1.3043,-1636,1
541.89,35.361,-641,-339.44,23.068,-571.43,-800,300,1.6087,-1358.7,1
541.89,35.361,-641,-339.44,23.068,-571.43,-800,300,1.913,-1155.3,1
541.89,35.361,-641,-339.44,23.068,-571.43,-800,300,2.2174,-1003.1,1
541.89,35.361,-641,-339.44,23.068,-571.43,-800,300,2.5217,-888.17,1
541.89,35.361,-641,-339.44,23.068,-571.43,-800,300,2.8261,-801.27,1
541.89,35.361,-641,-339.44,23.068,-571.43,-800,300,3.1304,-736.41,1
541.89,35.361,-641,-339.44,23.068,-571.43,-800,300,3.4348,-689.72,1
541.89,35.361,-641,-339.44,23.068,-571.43,-800,300,3.7391,-658.9,1
541.89,35.361,-641,-339.44,23.068,-571.43,-800,300,4.0435,-642.94,1
541.89,35.361,-641,-339.44,23.068,-571.43,-800,300,4.3478,-642.17,1
541.89,35.361,-641,-339.44,23.068,-571.43,-800,300,4.6522,-658.58,1
541.89,35.361,-641,-339.44,23.068,-571.43,-800,300,4.9565,-696.81,1
541.89,35.361,-641,-339.44,23.068,-571.43,-800,300,5.2609,-766.45,1
541.89,35.361,-641,-339.44,23.068,-571.43,-800,300,5.5652,-888.4,1
541.89,35.361,-641,-339.44,23.068,-571.43,-800,300,5.8696,-1115.1,1
541.89,35.361,-641,-339.44,23.068,-571.43,-800,300,6.1739,-1619.2,1
541.89,35.361,-641,-339.44,23.068,-571.43,-800,300,6.4783,-Inf,1
541.89,35.361,-641,-339.44,23.068,-571.43,-800,300,6.7826,-Inf,1
541.89,35.361,-641,-339.44,23.068,-571.43,-800,300,7.087,-Inf,1
541.89,35.361,-641,-339.44,23.068,-571.43,-800,300,7.3913,-Inf,1
541.89,35.361,-641,-339.44,23.068,-571.43,-800,300,7.6957,-Inf,1
541.89,35.361,-641,-339.44,23.068,-571.43,-800,300,8,-Inf,1
497.85,22.348,-641,-339.44,23.068,-571.43,-711.79,-300,1,-720.03,1
497.85,22.348,-641,-339.44,23.068,-571.43,-711.79,-300,1.3043,-634.5,1
497.85,22.348,-641,-339.44,23.068,-571.43,-711.79,-300,1.6087,-575.19,1
497.85,22.348,-641,-339.44,23.068,-571.43,-711.79,-300,1.913,-538.98,1
497.85,22.348,-641,-339.44,23.068,-571.43,-711.79,-300,2.2174,-524.44,1
497.85,22.348,-641,-339.44,23.068,-571.43,-711.79,-300,2.5217,-531.78,1
497.85,22.348,-641,-339.44,23.068,-571.43,-711.79,-300,2.8261,-563,1
497.85,22.348,-641,-339.44,23.068,-571.43,-711.79,-300,3.1304,-622.59,1
497.85,22.348,-641,-339.44,23.068,-571.43,-711.79,-300,3.4348,-719.05,1
497.85,22.348,-641,-339.44,23.068,-571.43,-711.79,-300,3.7391,-868.24,1
497.85,22.348,-641,-339.44,23.068,-571.43,-711.79,-300,4.0435,-1101.7,1
497.85,22.348,-641,-339.44,23.068,-571.43,-711.79,-300,4.3478,-1490.4,1
497.85,22.348,-641,-339.44,23.068,-571.43,-711.79,-300,4.6522,-2232.9,1
497.85,22.348,-641,-339.44,23.068,-571.43,-711.79,-300,4.9565,-Inf,1
497.85,22.348,-641,-339.44,23.068,-571.43,-711.79,-300,5.2609,-Inf,1
497.85,22.348,-641,-339.44,23.068,-571.43,-711.79,-300,5.5652,-Inf,1
497.85,22.348,-641,-339.44,23.068,-571.43,-711.79,-300,5.8696,-Inf,1
497.85,22.348,-641,-339.44,23.068,-571.43,-711.79,-300,6.1739,-Inf,1
497.85,22.348,-641,-339.44,23.068,-571.43,-711.79,-300,6.4783,-Inf,1
497.85,22.348,-641,-339.44,23.068,-571.43,-711.79,-300,6.7826,-Inf,1
497.85,22.348,-641,-339.44,23.068,-571.43,-711.79,-300,7.087,-Inf,1
497.85,22.348,-641,-339.44,23.068,-571.43,-711.79,-300,7.3913,-Inf,1
497.85,22.348,-641,-339.44,23.068,-571.43,-711.79,-300,7.6957,-Inf,1
497.85,22.348,-641,-339.44,23.068,-571.43,-711.79,-300,8,-Inf,1
439.59,21.772,-641,-339.44,23.068,-571.43,-711.79,-200,1,-792.35,1
439.59,21.772,-641,-339.44,23.068,-571.43,-711.79,-200,1.3043,-693.16,1
439.59,21.772,-641,-339.44,23.068,-571.43,-711.79,-200,1.6087,-621.31,1
439.59,21.772,-641,-339.44,23.068,-571.43,-711.79,-200,1.913,-572.68,1
439.59,21.772,-641,-339.44,23.068,-571.43,-711.79,-200,2.2174,-544.94,1
439.59,21.772,-641,-339.44,23.068,-571.43,-711.79,-200,2.5217,-537.29,1
439.59,21.772,-641,-339.44,23.068,-571.43,-711.79,-200,2.8261,-550.5,1
439.59,21.772,-641,-339.44,23.068,-571.43,-711.79,-200,3.1304,-587.24,1
439.59,21.772,-641,-339.44,23.068,-571.43,-711.79,-200,3.4348,-653.02,1
439.59,21.772,-641,-339.44,23.068,-571.43,-711.79,-200,3.7391,-758.18,1
439.59,21.772,-641,-339.44,23.068,-571.43,-711.79,-200,4.0435,-922.67,1
439.59,21.772,-641,-339.44,23.068,-571.43,-711.79,-200,4.3478,-1188.6,1
439.59,21.772,-641,-339.44,23.068,-571.43,-711.79,-200,4.6522,-1660.6,1
439.59,21.772,-641,-339.44,23.068,-571.43,-711.79,-200,4.9565,-Inf,1
439.59,21.772,-641,-339.44,23.068,-571.43,-711.79,-200,5.2609,-Inf,1
439.59,21.772,-641,-339.44,23.068,-571.43,-711.79,-200,5.5652,-Inf,1
439.59,21.772,-641,-339.44,23.068,-571.43,-711.79,-200,5.8696,-Inf,1
439.59,21.772,-641,-339.44,23.068,-571.43,-711.79,-200,6.1739,-Inf,1
439.59,21.772,-641,-339.44,23.068,-571.43,-711.79,-200,6.4783,-Inf,1
439.59,21.772,-641,-339.44,23.068,-571.43,-711.79,-200,6.7826,-Inf,1
439.59,21.772,-641,-339.44,23.068,-571.43,-711.79,-200,7.087,-Inf,1
439.59,21.772,-641,-339.44,23.068,-571.43,-711.79,-200,7.3913,-Inf,1
439.59,21.772,-641,-339.44,23.068,-571.43,-711.79,-200,7.6957,-Inf,1
439.59,21.772,-641,-339.44,23.068,-571.43,-711.79,-200,8,-Inf,1
398.28,21.783,-641,-339.44,23.068,-571.43,-711.79,-100,1,-894.4,1
398.28,21.783,-641,-339.44,23.068,-571.43,-711.79,-100,1.3043,-775.75,1
398.28,21.783,-641,-339.44,23.068,-571.43,-711.79,-100,1.6087,-687.41,1
398.28,21.783,-641,-339.44,23.068,-571.43,-711.79,-100,1.913,-623.83,1
398.28,21.783,-641,-339.44,23.068,-571.43,-711.79,-100,2.2174,-581.51,1
398.28,21.783,-641,-339.44,23.068,-571.43,-711.79,-100,2.5217,-558.63,1
398.28,21.783,-641,-339.44,23.068,-571.43,-711.79,-100,2.8261,-554.76,1
398.28,21.783,-641,-339.44,23.068,-571.43,-711.79,-100,3.1304,-571.08,1
398.28,21.783,-641,-339.44,23.068,-571.43,-711.79,-100,3.4348,-610.78,1
398.28,21.783,-641,-339.44,23.068,-571.43,-711.79,-100,3.7391,-680.25,1
398.28,21.783,-641,-339.44,23.068,-571.43,-711.79,-100,4.0435,-791.66,1
398.28,21.783,-641,-339.44,23.068,-571.43,-711.79,-100,4.3478,-969.37,1
398.28,21.783,-641,-339.44,23.068,-571.43,-711.79,-100,4.6522,-1268.2,1
398.28,21.783,-641,-339.44,23.068,-571.43,-711.79,-100,4.9565,-1840.3,1
398.28,21.783,-641,-339.44,23.068,-571.43,-711.79,-100,5.2609,-Inf,1
398.28,21.783,-641,-339.44,23.068,-571.43,-711.79,-100,5.5652,-Inf,1
398.28,21.783,-641,-339.44,23.068,-571.43,-711.79,-100,5.8696,-Inf,1
398.28,21.783,-641,-339.44,23.068,-571.43,-711.79,-100,6.1739,-Inf,1
398.28,21.783,-641,-339.44,23.068,-571.43,-711.79,-100,6.4783,-Inf,1
398.28,21.783,-641,-339.44,23.068,-571.43,-711.79,-100,6.7826,-Inf,1
398.28,21.783,-641,-339.44,23.068,-571.43,-711.79,-100,7.087,-Inf,1
398.28,21.783,-641,-339.44,23.068,-571.43,-711.79,-100,7.3913,-Inf,1
398.28,21.783,-641,-339.44,23.068,-571.43,-711.79,-100,7.6957,-Inf,1
398.28,21.783,-641,-339.44,23.068,-571.43,-711.79,-100,8,-Inf,1
379.49,22.631,-641,-339.44,23.068,-571.43,-711.79,0,1,-1044.9,1
379.49,22.631,-641,-339.44,23.068,-571.43,-711.79,0,1.3043,-896.28,1
379.49,22.631,-641,-339.44,23.068,-571.43,-711.79,0,1.6087,-784.16,1
379.49,22.631,-641,-339.44,23.068,-571.43,-711.79,0,1.913,-700.59,1
379.49,22.631,-641,-339.44,23.068,-571.43,-711.79,0,2.2174,-640.41,1
379.49,22.631,-641,-339.44,23.068,-571.43,-711.79,0,2.5217,-600.45,1
379.49,22.631,-641,-339.44,23.068,-571.43,-711.79,0,2.8261,-579.05,1
379.49,22.631,-641,-339.44,23.068,-571.43,-711.79,0,3.1304,-575.99,1
379.49,22.631,-641,-339.44,23.068,-571.43,-711.79,0,3.4348,-592.63,1
379.49,22.631,-641,-339.44,23.068,-571.43,-711.79,0,3.7391,-632.49,1
379.49,22.631,-641,-339.44,23.068,-571.43,-711.79,0,4.0435,-702.58,1
379.49,22.631,-641,-339.44,23.068,-571.43,-711.79,0,4.3478,-816.54,1
379.49,22.631,-641,-339.44,23.068,-571.43,-711.79,0,4.6522,-1002.7,1
379.49,22.631,-641,-339.44,23.068,-571.43,-711.79,0,4.9565,-1328.7,1
379.49,22.631,-641,-339.44,23.068,-571.43,-711.79,0,5.2609,-2002.9,1
379.49,22.631,-641,-339.44,23.068,-571.43,-711.79,0,5.5652,-Inf,1
379.49,22.631,-641,-339.44,23.068,-571.43,-711.79,0,5.8696,-Inf,1
379.49,22.631,-641,-339.44,23.068,-571.43,-711.79,0,6.1739,-Inf,1
379.49,22.631,-641,-339.44,23.068,-571.43,-711.79,0,6.4783,-Inf,1
379.49,22.631,-641,-339.44,23.068,-571.43,-711.79,0,6.7826,-Inf,1
379.49,22.631,-641,-339.44,23.068,-571.43,-711.79,0,7.087,-Inf,1
379.49,22.631,-641,-339.44,23.068,-571.43,-711.79,0,7.3913,-Inf,1
379.49,22.631,-641,-339.44,23.068,-571.43,-711.79,0,7.6957,-Inf,1
379.49,22.631,-641,-339.44,23.068,-571.43,-711.79,0,8,-Inf,1
386.52,24.52,-641,-339.44,23.068,-571.43,-711.79,100,1,-1271.1,1
386.52,24.52,-641,-339.44,23.068,-571.43,-711.79,100,1.3043,-1074,1
386.52,24.52,-641,-339.44,23.068,-571.43,-711.79,100,1.6087,-925.41,1
386.52,24.52,-641,-339.44,23.068,-571.43,-711.79,100,1.913,-813.01,1
386.52,24.52,-641,-339.44,23.068,-571.43,-711.79,100,2.2174,-728.86,1
386.52,24.52,-641,-339.44,23.068,-571.43,-711.79,100,2.5217,-667.77,1
386.52,24.52,-641,-339.44,23.068,-571.43,-711.79,100,2.8261,-626.49,1
386.52,24.52,-641,-339.44,23.068,-571.43,-711.79,100,3.1304,-603.32,1
386.52,24.52,-641,-339.44,23.068,-571.43,-711.79,100,3.4348,-598,1
386.52,24.52,-641,-339.44,23.068,-571.43,-711.79,100,3.7391,-611.84,1
386.52,24.52,-641,-339.44,23.068,-571.43,-711.79,100,4.0435,-648.35,1
386.52,24.52,-641,-339.44,23.068,-571.43,-711.79,100,4.3478,-714.66,1
386.52,24.52,-641,-339.44,23.068,-571.43,-711.79,100,4.6522,-824.92,1
386.52,24.52,-641,-339.44,23.068,-571.43,-711.79,100,4.9565,-1009.4,1
386.52,24.52,-641,-339.44,23.068,-571.43,-711.79,100,5.2609,-1343.7,1
386.52,24.52,-641,-339.44,23.068,-571.43,-711.79,100,5.5652,-Inf,1
386.52,24.52,-641,-339.44,23.068,-571.43,-711.79,100,5.8696,-Inf,1
386.52,24.52,-641,-339.44,23.068,-571.43,-711.79,100,6.1739,-Inf,1
386.52,24.52,-641,-339.44,23.068,-571.43,-711.79,100,6.4783,-Inf,1
386.52,24.52,-641,-339.44,23.068,-571.43,-711.79,100,6.7826,-Inf,1
386.52,24.52,-641,-339.44,23.068,-571.43,-711.79,100,7.087,-Inf,1
386.52,24.52,-641,-339.44,23.068,-571.43,-711.79,100,7.3913,-Inf,1
386.52,24.52,-641,-339.44,23.068,-571.43,-711.79,100,7.6957,-Inf,1
386.52,24.52,-641,-339.44,23.068,-571.43,-711.79,100,8,-Inf,1
418.07,27.533,-641,-339.44,23.068,-571.43,-711.79,200,1,-1581.5,1
418.07,27.533,-641,-339.44,23.068,-571.43,-711.79,200,1.3043,-1308.9,1
418.07,27.533,-641,-339.44,23.068,-571.43,-711.79,200,1.6087,-1106.6,1
418.07,27.533,-641,-339.44,23.068,-571.43,-711.79,200,1.913,-954.21,1
418.07,27.533,-641,-339.44,23.068,-571.43,-711.79,200,2.2174,-838.77,1
418.07,27.533,-641,-339.44,23.068,-571.43,-711.79,200,2.5217,-751.81,1
418.07,27.533,-641,-339.44,23.068,-571.43,-711.79,200,2.8261,-687.76,1
418.07,27.533,-641,-339.44,23.068,-571.43,-711.79,200,3.1304,-643.08,1
418.07,27.533,-641,-339.44,23.068,-571.43,-711.79,200,3.4348,-615.83,1
418.07,27.533,-641,-339.44,23.068,-571.43,-711.79,200,3.7391,-605.43,1
418.07,27.533,-641,-339.44,23.068,-571.43,-711.79,200,4.0435,-612.81,1
418.07,27.533,-641,-339.44,23.068,-571.43,-711.79,200,4.3478,-640.97,1
418.07,27.533,-641,-339.44,23.068,-571.43,-711.79,200,4.6522,-696.21,1
418.07,27.533,-641,-339.44,23.068,-571.43,-711.79,200,4.9565,-791.3,1
418.07,27.533,-641,-339.44,23.068,-571.43,-711.79,200,5.2609,-954.03,1
418.07,27.533,-641,-339.44,23.068,-571.43,-711.79,200,5.5652,-1254.8,1
418.07,27.533,-641,-339.44,23.068,-571.43,-711.79,200,5.8696,-Inf,1
418.07,27.533,-641,-339.44,23.068,-571.43,-711.79,200,6.1739,-Inf,1
418.07,27.533,-641,-339.44,23.068,-571.43,-711.79,200,6.4783,-Inf,1
418.07,27.533,-641,-339.44,23.068,-571.43,-711.79,200,6.7826,-Inf,1
418.07,27.533,-641,-339.44,23.068,-571.43,-711.79,200,7.087,-Inf,1
418.07,27.533,-641,-339.44,23.068,-571.43,-711.79,200,7.3913,-Inf,1
418.07,27.533,-641,-339.44,23.068,-571.43,-711.79,200,7.6957,-Inf,1
418.07,27.533,-641,-339.44,23.068,-571.43,-711.79,200,8,-Inf,1
469.23,31.612,-641,-339.44,23.068,-571.43,-711.79,300,1,-1796.4,1
469.23,31.612,-641,-339.44,23.068,-571.43,-711.79,300,1.3043,-1446.3,1
469.23,31.612,-641,-339.44,23.068,-571.43,-711.79,300,1.6087,-1196.2,1
469.23,31.612,-641,-339.44,23.068,-571.43,-711.79,300,1.913,-1012.4,1
469.23,31.612,-641,-339.44,23.068,-571.43,-711.79,300,2.2174,-874.86,1
469.23,31.612,-641,-339.44,23.068,-571.43,-711.79,300,2.5217,-770.8,1
469.23,31.612,-641,-339.44,23.068,-571.43,-711.79,300,2.8261,-692.01,1
469.23,31.612,-641,-339.44,23.068,-571.43,-711.79,300,3.1304,-633.08,1
469.23,31.612,-641,-339.44,23.068,-571.43,-711.79,300,3.4348,-590.51,1
469.23,31.612,-641,-339.44,23.068,-571.43,-711.79,300,3.7391,-562.21,1
469.23,31.612,-641,-339.44,23.068,-571.43,-711.79,300,4.0435,-547.26,1
469.23,31.612,-641,-339.44,23.068,-571.43,-711.79,300,4.3478,-545.89,1
469.23,31.612,-641,-339.44,23.068,-571.43,-711.79,300,4.6522,-559.85,1
469.23,31.612,-641,-339.44,23.068,-571.43,-711.79,300,4.9565,-593.2,1
469.23,31.612,-641,-339.44,23.068,-571.43,-711.79,300,5.2609,-654.36,1
469.23,31.612,-641,-339.44,23.068,-571.43,-711.79,300,5.5652,-761.69,1
469.23,31.612,-641,-339.44,23.068,-571.43,-711.79,300,5.8696,-961.05,1
469.23,31.612,-641,-339.44,23.068,-571.43,-711.79,300,6.1739,-1402.7,1
469.23,31.612,-641,-339.44,23.068,-571.43,-711.79,300,6.4783,-Inf,1
469.23,31.612,-641,-339.44,23.068,-571.43,-711.79,300,6.7826,-Inf,1
469.23,31.612,-641,-339.44,23.068,-571.43,-711.79,300,7.087,-Inf,1
469.23,31.612,-641,-339.44,23.068,-571.43,-711.79,300,7.3913,-Inf,1
469.23,31.612,-641,-339.44,23.068,-571.43,-711.79,300,7.6957,-Inf,1
469.23,31.612,-641,-339.44,23.068,-571.43,-711.79,300,8,-Inf,1
435.82,19.868,-641,-339.44,23.068,-571.43,-623.57,-300,1,-588.89,1
435.82,19.868,-641,-339.44,23.068,-571.43,-623.57,-300,1.3043,-515.35,1
435.82,19.868,-641,-339.44,23.068,-571.43,-623.57,-300,1.6087,-464.42,1
435.82,19.868,-641,-339.44,23.068,-571.43,-623.57,-300,1.913,-433.44,1
435.82,19.868,-641,-339.44,23.068,-571.43,-623.57,-300,2.2174,-421.18,1
435.82,19.868,-641,-339.44,23.068,-571.43,-623.57,-300,2.5217,-427.8,1
435.82,19.868,-641,-339.44,23.068,-571.43,-623.57,-300,2.8261,-455.04,1
435.82,19.868,-641,-339.44,23.068,-571.43,-623.57,-300,3.1304,-506.77,1
435.82,19.868,-641,-339.44,23.068,-571.43,-623.57,-300,3.4348,-590.27,1
435.82,19.868,-641,-339.44,23.068,-571.43,-623.57,-300,3.7391,-719.14,1
435.82,19.868,-641,-339.44,23.068,-571.43,-623.57,-300,4.0435,-920.33,1
435.82,19.868,-641,-339.44,23.068,-571.43,-623.57,-300,4.3478,-1254.3,1
435.82,19.868,-641,-339.44,23.068,-571.43,-623.57,-300,4.6522,-1889.1,1
435.82,19.868,-641,-339.44,23.068,-571.43,-623.57,-300,4.9565,-Inf,1
435.82,19.868,-641,-339.44,23.068,-571.43,-623.57,-300,5.2609,-Inf,1
435.82,19.868,-641,-339.44,23.068,-571.43,-623.57,-300,5.5652,-Inf,1
435.82,19.868,-641,-339.44,23.068,-571.43,-623.57,-300,5.8696,-Inf,1
435.82,19.868,-641,-339.44,23.068,-571.43,-623.57,-300,6.1739,-Inf,1
435.82,19.868,-641,-339.44,23.068,-571.43,-623.57,-300,6.4783,-Inf,1
435.82,19.868,-641,-339.44,23.068,-571.43,-623.57,-300,6.7826,-Inf,1
435.82,19.868,-641,-339.44,23.068,-571.43,-623.57,-300,7.087,-Inf,1
435.82,19.868,-641,-339.44,23.068,-571.43,-623.57,-300,7.3913,-Inf,1
435.82,19.868,-641,-339.44,23.068,-571.43,-623.57,-300,7.6957,-Inf,1
435.82,19.868,-641,-339.44,23.068,-571.43,-623.57,-300,8,-Inf,1
367.87,18.622,-641,-339.44,23.068,-571.43,-623.57,-200,1,-641.72,1
367.87,18.622,-641,-339.44,23.068,-571.43,-623.57,-200,1.3043,-558.15,1
367.87,18.622,-641,-339.44,23.068,-571.43,-623.57,-200,1.6087,-497.66,1
367.87,18.622,-641,-339.44,23.068,-571.43,-623.57,-200,1.913,-456.77,1
367.87,18.622,-641,-339.44,23.068,-571.43,-623.57,-200,2.2174,-433.53,1
367.87,18.622,-641,-339.44,23.068,-571.43,-623.57,-200,2.5217,-427.26,1
367.87,18.622,-641,-339.44,23.068,-571.43,-623.57,-200,2.8261,-438.6,1
367.87,18.622,-641,-339.44,23.068,-571.43,-623.57,-200,3.1304,-469.81,1
367.87,18.622,-641,-339.44,23.068,-571.43,-623.57,-200,3.4348,-525.5,1
367.87,18.622,-641,-339.44,23.068,-571.43,-623.57,-200,3.7391,-614.33,1
367.87,18.622,-641,-339.44,23.068,-571.43,-623.57,-200,4.0435,-752.98,1
367.87,18.622,-641,-339.44,23.068,-571.43,-623.57,-200,4.3478,-976.54,1
367.87,18.622,-641,-339.44,23.068,-571.43,-623.57,-200,4.6522,-1371.9,1
367.87,18.622,-641,-339.44,23.068,-571.43,-623.57,-200,4.9565,-Inf,1
367.87,18.622,-641,-339.44,23.068,-571.43,-623.57,-200,5.2609,-Inf,1
367.87,18.622,-641,-339.44,23.068,-571.43,-623.57,-200,5.5652,-Inf,1
367.87,18.622,-641,-339.44,23.068,-571.43,-623.57,-200,5.8696,-Inf,1
367.87,18.622,-641,-339.44,23.068,-571.43,-623.57,-200,6.1739,-Inf,1
367.87,18.622,-641,-339.44,23.068,-571.43,-623.57,-200,6.4783,-Inf,1
367.87,18.622,-641,-339.44,23.068,-571.43,-623.57,-200,6.7826,-Inf,1
367.87,18.622,-641,-339.44,23.068,-571.43,-623.57,-200,7.087,-Inf,1
367.87,18.622,-641,-339.44,23.068,-571.43,-623.57,-200,7.3913,-Inf,1
367.87,18.622,-641,-339.44,23.068,-571.43,-623.57,-200,7.6957,-Inf,1
367.87,18.622,-641,-339.44,23.068,-571.43,-623.57,-200,8,-Inf,1
317.36,17.945,-641,-339.44,23.068,-571.43,-623.57,-100,1,-716.01,1
317.36,17.945,-641,-339.44,23.068,-571.43,-623.57,-100,1.3043,-618.19,1
317.36,17.945,-641,-339.44,23.068,-571.43,-623.57,-100,1.6087,-545.37,1
317.36,17.945,-641,-339.44,23.068,-571.43,-623.57,-100,1.913,-492.98,1
317.36,17.945,-641,-339.44,23.068,-571.43,-623.57,-100,2.2174,-458.14,1
317.36,17.945,-641,-339.44,23.068,-571.43,-623.57,-100,2.5217,-439.33,1
317.36,17.945,-641,-339.44,23.068,-571.43,-623.57,-100,2.8261,-436.22,1
317.36,17.945,-641,-339.44,23.068,-571.43,-623.57,-100,3.1304,-449.75,1
317.36,17.945,-641,-339.44,23.068,-571.43,-623.57,-100,3.4348,-482.54,1
317.36,17.945,-641,-339.44,23.068,-571.43,-623.57,-100,3.7391,-539.8,1
317.36,17.945,-641,-339.44,23.068,-571.43,-623.57,-100,4.0435,-631.49,1
317.36,17.945,-641,-339.44,23.068,-571.43,-623.57,-100,4.3478,-777.43,1
317.36,17.945,-641,-339.44,23.068,-571.43,-623.57,-100,4.6522,-1022.1,1
317.36,17.945,-641,-339.44,23.068,-571.43,-623.57,-100,4.9565,-1488.2,1
317.36,17.945,-641,-339.44,23.068,-571.43,-623.57,-100,5.2609,-Inf,1
317.36,17.945,-641,-339.44,23.068,-571.43,-623.57,-100,5.5652,-Inf,1
317.36,17.945,-641,-339.44,23.068,-571.43,-623.57,-100,5.8696,-Inf,1
317.36,17.945,-641,-339.44,23.068,-571.43,-623.57,-100,6.1739,-Inf,1
317.36,17.945,-641,-339.44,23.068,-571.43,-623.57,-100,6.4783,-Inf,1
317.36,17.945,-641,-339.44,23.068,-571.43,-623.57,-100,6.7826,-Inf,1
317.36,17.945,-641,-339.44,23.068,-571.43,-623.57,-100,7.087,-Inf,1
317.36,17.945,-641,-339.44,23.068,-571.43,-623.57,-100,7.3913,-Inf,1
317.36,17.945,-641,-339.44,23.068,-571.43,-623.57,-100,7.6957,-Inf,1
317.36,17.945,-641,-339.44,23.068,-571.43,-623.57,-100,8,-Inf,1
293.43,18.242,-641,-339.44,23.068,-571.43,-623.57,0,1,-826.5,1
293.43,18.242,-641,-339.44,23.068,-571.43,-623.57,0,1.3043,-706.52,1
293.43,18.242,-641,-339.44,23.068,-571.43,-623.57,0,1.6087,-615.95,1
293.43,18.242,-641,-339.44,23.068,-571.43,-623.57,0,1.913,-548.43,1
293.43,18.242,-641,-339.44,23.068,-571.43,-623.57,0,2.2174,-499.8,1
293.43,18.242,-641,-339.44,23.068,-571.43,-623.57,0,2.5217,-467.49,1
293.43,18.242,-641,-339.44,23.068,-571.43,-623.57,0,2.8261,-450.16,1
293.43,18.242,-641,-339.44,23.068,-571.43,-623.57,0,3.1304,-447.63,1
293.43,18.242,-641,-339.44,23.068,-571.43,-623.57,0,3.4348,-460.97,1
293.43,18.242,-641,-339.44,23.068,-571.43,-623.57,0,3.7391,-492.99,1
293.43,18.242,-641,-339.44,23.068,-571.43,-623.57,0,4.0435,-549.28,1
293.43,18.242,-641,-339.44,23.068,-571.43,-623.57,0,4.3478,-640.7,1
293.43,18.242,-641,-339.44,23.068,-571.43,-623.57,0,4.6522,-789.74,1
293.43,18.242,-641,-339.44,23.068,-571.43,-623.57,0,4.9565,-1049.9,1
293.43,18.242,-641,-339.44,23.068,-571.43,-623.57,0,5.2609,-1584.7,1
293.43,18.242,-641,-339.44,23.068,-571.43,-623.57,0,5.5652,-Inf,1
293.43,18.242,-641,-339.44,23.068,-571.43,-623.57,0,5.8696,-Inf,1
293.43,18.242,-641,-339.44,23.068,-571.43,-623.57,0,6.1739,-Inf,1
293.43,18.242,-641,-339.44,23.068,-571.43,-623.57,0,6.4783,-Inf,1
293.43,18.242,-641,-339.44,23.068,-571.43,-623.57,0,6.7826,-Inf,1
293.43,18.242,-641,-339.44,23.068,-571.43,-623.57,0,7.087,-Inf,1
293.43,18.242,-641,-339.44,23.068,-571.43,-623.57,0,7.3913,-Inf,1
293.43,18.242,-641,-339.44,23.068,-571.43,-623.57,0,7.6957,-Inf,1
293.43,18.242,-641,-339.44,23.068,-571.43,-623.57,0,8,-Inf,1
302.47,19.88,-641,-339.44,23.068,-571.43,-623.57,100,1,-998.58,1
302.47,19.88,-641,-339.44,23.068,-571.43,-623.57,100,1.3043,-841.56,1
302.47,19.88,-641,-339.44,23.068,-571.43,-623.57,100,1.6087,-723.03,1
302.47,19.88,-641,-339.44,23.068,-571.43,-623.57,100,1.913,-633.34,1
302.47,19.88,-641,-339.44,23.068,-571.43,-623.57,100,2.2174,-566.14,1
302.47,19.88,-641,-339.44,23.068,-571.43,-623.57,100,2.5217,-517.3,1
302.47,19.88,-641,-339.44,23.068,-571.43,-623.57,100,2.8261,-484.23,1
302.47,19.88,-641,-339.44,23.068,-571.43,-623.57,100,3.1304,-465.58,1
302.47,19.88,-641,-339.44,23.068,-571.43,-623.57,100,3.4348,-461.12,1
302.47,19.88,-641,-339.44,23.068,-571.43,-623.57,100,3.7391,-471.86,1
302.47,19.88,-641,-339.44,23.068,-571.43,-623.57,100,4.0435,-500.54,1
302.47,19.88,-641,-339.44,23.068,-571.43,-623.57,100,4.3478,-552.75,1
302.47,19.88,-641,-339.44,23.068,-571.43,-623.57,100,4.6522,-639.58,1
302.47,19.88,-641,-339.44,23.068,-571.43,-623.57,100,4.9565,-784.65,1
302.47,19.88,-641,-339.44,23.068,-571.43,-623.57,100,5.2609,-1046.7,1
302.47,19.88,-641,-339.44,23.068,-571.43,-623.57,100,5.5652,-1618.9,1
302.47,19.88,-641,-339.44,23.068,-571.43,-623.57,100,5.8696,-Inf,1
302.47,19.88,-641,-339.44,23.068,-571.43,-623.57,100,6.1739,-Inf,1
302.47,19.88,-641,-339.44,23.068,-571.43,-623.57,100,6.4783,-Inf,1
302.47,19.88,-641,-339.44,23.068,-571.43,-623.57,100,6.7826,-Inf,1
302.47,19.88,-641,-339.44,23.068,-571.43,-623.57,100,7.087,-Inf,1
302.47,19.88,-641,-339.44,23.068,-571.43,-623.57,100,7.3913,-Inf,1
302.47,19.88,-641,-339.44,23.068,-571.43,-623.57,100,7.6957,-Inf,1
302.47,19.88,-641,-339.44,23.068,-571.43,-623.57,100,8,-Inf,1
341.87,23.002,-641,-339.44,23.068,-571.43,-623.57,200,1,-1261.3,1
341.87,23.002,-641,-339.44,23.068,-571.43,-623.57,200,1.3043,-1041.5,1
341.87,23.002,-641,-339.44,23.068,-571.43,-623.57,200,1.6087,-878.12,1
341.87,23.002,-641,-339.44,23.068,-571.43,-623.57,200,1.913,-754.97,1
341.87,23.002,-641,-339.44,23.068,-571.43,-623.57,200,2.2174,-661.6,1
341.87,23.002,-641,-339.44,23.068,-571.43,-623.57,200,2.5217,-591.16,1
341.87,23.002,-641,-339.44,23.068,-571.43,-623.57,200,2.8261,-539.19,1
341.87,23.002,-641,-339.44,23.068,-571.43,-623.57,200,3.1304,-502.84,1
341.87,23.002,-641,-339.44,23.068,-571.43,-623.57,200,3.4348,-480.5,1
341.87,23.002,-641,-339.44,23.068,-571.43,-623.57,200,3.7391,-471.7,1
341.87,23.002,-641,-339.44,23.068,-571.43,-623.57,200,4.0435,-477.17,1
341.87,23.002,-641,-339.44,23.068,-571.43,-623.57,200,4.3478,-499.23,1
341.87,23.002,-641,-339.44,23.068,-571.43,-623.57,200,4.6522,-542.87,1
341.87,23.002,-641,-339.44,23.068,-571.43,-623.57,200,4.9565,-618.18,1
341.87,23.002,-641,-339.44,23.068,-571.43,-623.57,200,5.2609,-747.01,1
341.87,23.002,-641,-339.44,23.068,-571.43,-623.57,200,5.5652,-984.62,1
341.87,23.002,-641,-339.44,23.068,-571.43,-623.57,200,5.8696,-1517.2,1
341.87,23.002,-641,-339.44,23.068,-571.43,-623.57,200,6.1739,-Inf,1
341.87,23.002,-641,-339.44,23.068,-571.43,-623.57,200,6.4783,-Inf,1
341.87,23.002,-641,-339.44,23.068,-571.43,-623.57,200,6.7826,-Inf,1
341.87,23.002,-641,-339.44,23.068,-571.43,-623.57,200,7.087,-Inf,1
341.87,23.002,-641,-339.44,23.068,-571.43,-623.57,200,7.3913,-Inf,1
341.87,23.002,-641,-339.44,23.068,-571.43,-623.57,200,7.6957,-Inf,1
341.87,23.002,-641,-339.44,23.068,-571.43,-623.57,200,8,-Inf,1
402.82,27.49,-641,-339.44,23.068,-571.43,-623.57,300,1,-1536.5,1
402.82,27.49,-641,-339.44,23.068,-571.43,-623.57,300,1.3043,-1233.7,1
402.82,27.49,-641,-339.44,23.068,-571.43,-623.57,300,1.6087,-1017.1,1
402.82,27.49,-641,-339.44,23.068,-571.43,-623.57,300,1.913,-857.78,1
402.82,27.49,-641,-339.44,23.068,-571.43,-623.57,300,2.2174,-738.39,1
402.82,27.49,-641,-339.44,23.068,-571.43,-623.57,300,2.5217,-647.96,1
402.82,27.49,-641,-339.44,23.068,-571.43,-623.57,300,2.8261,-579.38,1
402.82,27.49,-641,-339.44,23.068,-571.43,-623.57,300,3.1304,-527.98,1
402.82,27.49,-641,-339.44,23.068,-571.43,-623.57,300,3.4348,-490.72,1
402.82,27.49,-641,-339.44,23.068,-571.43,-623.57,300,3.7391,-465.78,1
402.82,27.49,-641,-339.44,23.068,-571.43,-623.57,300,4.0435,-452.33,1
402.82,27.49,-641,-339.44,23.068,-571.43,-623.57,300,4.3478,-450.55,1
402.82,27.49,-641,-339.44,23.068,-571.43,-623.57,300,4.6522,-461.88,1
402.82,27.49,-641,-339.44,23.068,-571.43,-623.57,300,4.9565,-489.73,1
402.82,27.49,-641,-339.44,23.068,-571.43,-623.57,300,5.2609,-541.22,1
402.82,27.49,-641,-339.44,23.068,-571.43,-623.57,300,5.5652,-631.8,1
402.82,27.49,-641,-339.44,23.068,-571.43,-623.57,300,5.8696,-799.99,1
402.82,27.49,-641,-339.44,23.068,-571.43,-623.57,300,6.1739,-1171.3,1
402.82,27.49,-641,-339.44,23.068,-571.43,-623.57,300,6.4783,-Inf,1
402.82,27.49,-641,-339.44,23.068,-571.43,-623.57,300,6.7826,-Inf,1
402.82,27.49,-641,-339.44,23.068,-571.43,-623.57,300,7.087,-Inf,1
402.82,27.49,-641,-339.44,23.068,-571.43,-623.57,300,7.3913,-Inf,1
402.82,27.49,-641,-339.44,23.068,-571.43,-623.57,300,7.6957,-Inf,1
402.82,27.49,-641,-339.44,23.068,-571.43,-623.57,300,8,-Inf,1
384.18,17.788,-641,-339.44,23.068,-571.43,-535.36,-300,1,-492.17,1
384.18,17.788,-641,-339.44,23.068,-571.43,-535.36,-300,1.3043,-428.07,1
384.18,17.788,-641,-339.44,23.068,-571.43,-535.36,-300,1.6087,-383.76,1
384.18,17.788,-641,-339.44,23.068,-571.43,-535.36,-300,1.913,-356.91,1
384.18,17.788,-641,-339.44,23.068,-571.43,-535.36,-300,2.2174,-346.46,1
384.18,17.788,-641,-339.44,23.068,-571.43,-535.36,-300,2.5217,-352.54,1
384.18,17.788,-641,-339.44,23.068,-571.43,-535.36,-300,2.8261,-376.69,1
384.18,17.788,-641,-339.44,23.068,-571.43,-535.36,-300,3.1304,-422.26,1
384.18,17.788,-641,-339.44,23.068,-571.43,-535.36,-300,3.4348,-495.61,1
384.18,17.788,-641,-339.44,23.068,-571.43,-535.36,-300,3.7391,-608.57,1
384.18,17.788,-641,-339.44,23.068,-571.43,-535.36,-300,4.0435,-784.51,1
384.18,17.788,-641,-339.44,23.068,-571.43,-535.36,-300,4.3478,-1075.7,1
384.18,17.788,-641,-339.44,23.068,-571.43,-535.36,-300,4.6522,-1626.4,1
384.18,17.788,-641,-339.44,23.068,-571.43,-535.36,-300,4.9565,-Inf,1
384.18,17.788,-641,-339.44,23.068,-571.43,-535.36,-300,5.2609,-Inf,1
384.18,17.788,-641,-339.44,23.068,-571.43,-535.36,-300,5.5652,-Inf,1
384.18,17.788,-641,-339.44,23.068,-571.43,-535.36,-300,5.8696,-Inf,1
384.18,17.788,-641,-339.44,23.068,-571.43,-535.36,-300,6.1739,-Inf,1
384.18,17.788,-641,-339.44,23.068,-571.43,-535.36,-300,6.4783,-Inf,1
384.18,17.788,-641,-339.44,23.068,-571.43,-535.36,-300,6.7826,-Inf,1
384.18,17.788,-641,-339.44,23.068,-571.43,-535.36,-300,7.087,-Inf,1
384.18,17.788,-641,-339.44,23.068,-571.43,-535.36,-300,7.3913,-Inf,1
384.18,17.788,-641,-339.44,23.068,-571.43,-535.36,-300,7.6957,-Inf,1
384.18,17.788,-641,-339.44,23.068,-571.43,-535.36,-300,8,-Inf,1
304.93,15.73,-641,-339.44,23.068,-571.43,-535.36,-200,1,-531.72,1
304.93,15.73,-641,-339.44,23.068,-571.43,-535.36,-200,1.3043,-460.31,1
304.93,15.73,-641,-339.44,23.068,-571.43,-535.36,-200,1.6087,-408.66,1
304.93,15.73,-641,-339.44,23.068,-571.43,-535.36,-200,1.913,-373.8,1
304.93,15.73,-641,-339.44,23.068,-571.43,-535.36,-200,2.2174,-354.07,1
304.93,15.73,-641,-339.44,23.068,-571.43,-535.36,-200,2.5217,-348.89,1
304.93,15.73,-641,-339.44,23.068,-571.43,-535.36,-200,2.8261,-358.81,1
304.93,15.73,-641,-339.44,23.068,-571.43,-535.36,-200,3.1304,-385.74,1
304.93,15.73,-641,-339.44,23.068,-571.43,-535.36,-200,3.4348,-433.63,1
304.93,15.73,-641,-339.44,23.068,-571.43,-535.36,-200,3.7391,-509.83,1
304.93,15.73,-641,-339.44,23.068,-571.43,-535.36,-200,4.0435,-628.51,1
304.93,15.73,-641,-339.44,23.068,-571.43,-535.36,-200,4.3478,-819.37,1
304.93,15.73,-641,-339.44,23.068,-571.43,-535.36,-200,4.6522,-1155.6,1
304.93,15.73,-641,-339.44,23.068,-571.43,-535.36,-200,4.9565,-1877.4,1
304.93,15.73,-641,-339.44,23.068,-571.43,-535.36,-200,5.2609,-Inf,1
304.93,15.73,-641,-339.44,23.068,-571.43,-535.36,-200,5.5652,-Inf,1
304.93,15.73,-641,-339.44,23.068,-571.43,-535.36,-200,5.8696,-Inf,1
304.93,15.73,-641,-339.44,23.068,-571.43,-535.36,-200,6.1739,-Inf,1
304.93,15.73,-641,-339.44,23.068,-571.43,-535.36,-200,6.4783,-Inf,1
304.93,15.73,-641,-339.44,23.068,-571.43,-535.36,-200,6.7826,-Inf,1
304.93,15.73,-641,-339.44,23.068,-571.43,-535.36,-200,7.087,-Inf,1
304.93,15.73,-641,-339.44,23.068,-571.43,-535.36,-200,7.3913,-Inf,1
304.93,15.73,-641,-339.44,23.068,-571.43,-535.36,-200,7.6957,-Inf,1
304.93,15.73,-641,-339.44,23.068,-571.43,-535.36,-200,8,-Inf,1
241.6,14.086,-641,-339.44,23.068,-571.43,-535.36,-100,1,-586.58,1
241.6,14.086,-641,-339.44,23.068,-571.43,-535.36,-100,1.3043,-504.81,1
241.6,14.086,-641,-339.44,23.068,-571.43,-535.36,-100,1.6087,-443.96,1
241.6,14.086,-641,-339.44,23.068,-571.43,-535.36,-100,1.913,-400.19,1
241.6,14.086,-641,-339.44,23.068,-571.43,-535.36,-100,2.2174,-371.12,1
241.6,14.086,-641,-339.44,23.068,-571.43,-535.36,-100,2.5217,-355.47,1
241.6,14.086,-641,-339.44,23.068,-571.43,-535.36,-100,2.8261,-352.96,1
241.6,14.086,-641,-339.44,23.068,-571.43,-535.36,-100,3.1304,-364.37,1
241.6,14.086,-641,-339.44,23.068,-571.43,-535.36,-100,3.4348,-391.88,1
241.6,14.086,-641,-339.44,23.068,-571.43,-535.36,-100,3.7391,-439.82,1
241.6,14.086,-641,-339.44,23.068,-571.43,-535.36,-100,4.0435,-516.41,1
241.6,14.086,-641,-339.44,23.068,-571.43,-535.36,-100,4.3478,-638.07,1
241.6,14.086,-641,-339.44,23.068,-571.43,-535.36,-100,4.6522,-841.44,1
241.6,14.086,-641,-339.44,23.068,-571.43,-535.36,-100,4.9565,-1226.9,1
241.6,14.086,-641,-339.44,23.068,-571.43,-535.36,-100,5.2609,-Inf,1
241.6,14.086,-641,-339.44,23.068,-571.43,-535.36,-100,5.5652,-Inf,1
241.6,14.086,-641,-339.44,23.068,-571.43,-535.36,-100,5.8696,-Inf,1
241.6,14.086,-641,-339.44,23.068,-571.43,-535.36,-100,6.1739,-Inf,1
241.6,14.086,-641,-339.44,23.068,-571.43,-535.36,-100,6.4783,-Inf,1
241.6,14.086,-641,-339.44,23.068,-571.43,-535.36,-100,6.7826,-Inf,1
241.6,14.086,-641,-339.44,23.068,-571.43,-535.36,-100,7.087,-Inf,1
241.6,14.086,-641,-339.44,23.068,-571.43,-535.36,-100,7.3913,-Inf,1
241.6,14.086,-641,-339.44,23.068,-571.43,-535.36,-100,7.6957,-Inf,1
241.6,14.086,-641,-339.44,23.068,-571.43,-535.36,-100,8,-Inf,1
209.18,13.503,-641,-339.44,23.068,-571.43,-535.36,0,1,-667.82,1
209.18,13.503,-641,-339.44,23.068,-571.43,-535.36,0,1.3043,-569.82,1
209.18,13.503,-641,-339.44,23.068,-571.43,-535.36,0,1.6087,-495.83,1
209.18,13.503,-641,-339.44,23.068,-571.43,-535.36,0,1.913,-440.65,1
209.18,13.503,-641,-339.44,23.068,-571.43,-535.36,0,2.2174,-400.91,1
209.18,13.503,-641,-339.44,23.068,-571.43,-535.36,0,2.5217,-374.5,1
209.18,13.503,-641,-339.44,23.068,-571.43,-535.36,0,2.8261,-360.33,1
209.18,13.503,-641,-339.44,23.068,-571.43,-535.36,0,3.1304,-358.24,1
209.18,13.503,-641,-339.44,23.068,-571.43,-535.36,0,3.4348,-369.09,1
209.18,13.503,-641,-339.44,23.068,-571.43,-535.36,0,3.7391,-395.16,1
209.18,13.503,-641,-339.44,23.068,-571.43,-535.36,0,4.0435,-440.94,1
209.18,13.503,-641,-339.44,23.068,-571.43,-535.36,0,4.3478,-515.2,1
209.18,13.503,-641,-339.44,23.068,-571.43,-535.36,0,4.6522,-636.03,1
209.18,13.503,-641,-339.44,23.068,-571.43,-535.36,0,4.9565,-846.3,1
209.18,13.503,-641,-339.44,23.068,-571.43,-535.36,0,5.2609,-1275.8,1
209.18,13.503,-641,-339.44,23.068,-571.43,-535.36,0,5.5652,-Inf,1
209.18,13.503,-641,-339.44,23.068,-571.43,-535.36,0,5.8696,-Inf,1
209.18,13.503,-641,-339.44,23.068,-571.43,-535.36,0,6.1739,-Inf,1
209.18,13.503,-641,-339.44,23.068,-571.43,-535.36,0,6.4783,-Inf,1
209.18,13.503,-641,-339.44,23.068,-571.43,-535.36,0,6.7826,-Inf,1
209.18,13.503,-641,-339.44,23.068,-571.43,-535.36,0,7.087,-Inf,1
209.18,13.503,-641,-339.44,23.068,-571.43,-535.36,0,7.3913,-Inf,1
209.18,13.503,-641,-339.44,23.068,-571.43,-535.36,0,7.6957,-Inf,1
209.18,13.503,-641,-339.44,23.068,-571.43,-535.36,0,8,-Inf,1
221.68,14.737,-641,-339.44,23.068,-571.43,-535.36,100,1,-796.23,1
221.68,14.737,-641,-339.44,23.068,-571.43,-535.36,100,1.3043,-670.48,1
221.68,14.737,-641,-339.44,23.068,-571.43,-535.36,100,1.6087,-575.51,1
221.68,14.737,-641,-339.44,23.068,-571.43,-535.36,100,1.913,-503.59,1
221.68,14.737,-641,-339.44,23.068,-571.43,-535.36,100,2.2174,-449.68,1
221.68,14.737,-641,-339.44,23.068,-571.43,-535.36,100,2.5217,-410.46,1
221.68,14.737,-641,-339.44,23.068,-571.43,-535.36,100,2.8261,-383.86,1
221.68,14.737,-641,-339.44,23.068,-571.43,-535.36,100,3.1304,-368.79,1
221.68,14.737,-641,-339.44,23.068,-571.43,-535.36,100,3.4348,-365.06,1
221.68,14.737,-641,-339.44,23.068,-571.43,-535.36,100,3.7391,-373.45,1
221.68,14.737,-641,-339.44,23.068,-571.43,-535.36,100,4.0435,-396.12,1
221.68,14.737,-641,-339.44,23.068,-571.43,-535.36,100,4.3478,-437.48,1
221.68,14.737,-641,-339.44,23.068,-571.43,-535.36,100,4.6522,-506.23,1
221.68,14.737,-641,-339.44,23.068,-571.43,-535.36,100,4.9565,-620.94,1
221.68,14.737,-641,-339.44,23.068,-571.43,-535.36,100,5.2609,-827.54,1
221.68,14.737,-641,-339.44,23.068,-571.43,-535.36,100,5.5652,-1275.7,1
221.68,14.737,-641,-339.44,23.068,-571.43,-535.36,100,5.8696,-Inf,1
221.68,14.737,-641,-339.44,23.068,-571.43,-535.36,100,6.1739,-Inf,1
221.68,14.737,-641,-339.44,23.068,-571.43,-535.36,100,6.4783,-Inf,1
221.68,14.737,-641,-339.44,23.068,-571.43,-535.36,100,6.7826,-Inf,1
221.68,14.737,-641,-339.44,23.068,-571.43,-535.36,100,7.087,-Inf,1
221.68,14.737,-641,-339.44,23.068,-571.43,-535.36,100,7.3913,-Inf,1
221.68,14.737,-641,-339.44,23.068,-571.43,-535.36,100,7.6957,-Inf,1
221.68,14.737,-641,-339.44,23.068,-571.43,-535.36,100,8,-Inf,1
273,18.055,-641,-339.44,23.068,-571.43,-535.36,200,1,-1005,1
273,18.055,-641,-339.44,23.068,-571.43,-535.36,200,1.3043,-829.49,1
273,18.055,-641,-339.44,23.068,-571.43,-535.36,200,1.6087,-698.95,1
273,18.055,-641,-339.44,23.068,-571.43,-535.36,200,1.913,-600.46,1
273,18.055,-641,-339.44,23.068,-571.43,-535.36,200,2.2174,-525.7,1
273,18.055,-641,-339.44,23.068,-571.43,-535.36,200,2.5217,-469.24,1
273,18.055,-641,-339.44,23.068,-571.43,-535.36,200,2.8261,-427.51,1
273,18.055,-641,-339.44,23.068,-571.43,-535.36,200,3.1304,-398.24,1
273,18.055,-641,-339.44,23.068,-571.43,-535.36,200,3.4348,-380.13,1
273,18.055,-641,-339.44,23.068,-571.43,-535.36,200,3.7391,-372.79,1
273,18.055,-641,-339.44,23.068,-571.43,-535.36,200,4.0435,-376.77,1
273,18.055,-641,-339.44,23.068,-571.43,-535.36,200,4.3478,-393.89,1
273,18.055,-641,-339.44,23.068,-571.43,-535.36,200,4.6522,-428.02,1
273,18.055,-641,-339.44,23.068,-571.43,-535.36,200,4.9565,-487.07,1
273,18.055,-641,-339.44,23.068,-571.43,-535.36,200,5.2609,-588.06,1
273,18.055,-641,-339.44,23.068,-571.43,-535.36,200,5.5652,-773.92,1
273,18.055,-641,-339.44,23.068,-571.43,-535.36,200,5.8696,-1188.1,1
273,18.055,-641,-339.44,23.068,-571.43,-535.36,200,6.1739,-Inf,1
273,18.055,-641,-339.44,23.068,-571.43,-535.36,200,6.4783,-Inf,1
273,18.055,-641,-339.44,23.068,-571.43,-535.36,200,6.7826,-Inf,1
273,18.055,-641,-339.44,23.068,-571.43,-535.36,200,7.087,-Inf,1
273,18.055,-641,-339.44,23.068,-571.43,-535.36,200,7.3913,-Inf,1
273,18.055,-641,-339.44,23.068,-571.43,-535.36,200,7.6957,-Inf,1
273,18.055,-641,-339.44,23.068,-571.43,-535.36,200,8,-Inf,1
346.29,23.132,-641,-339.44,23.068,-571.43,-535.36,300,1,-1282.1,1
346.29,23.132,-641,-339.44,23.068,-571.43,-535.36,300,1.3043,-1028.5,1
346.29,23.132,-641,-339.44,23.068,-571.43,-535.36,300,1.6087,-846.76,1
346.29,23.132,-641,-339.44,23.068,-571.43,-535.36,300,1.913,-712.98,1
346.29,23.132,-641,-339.44,23.068,-571.43,-535.36,300,2.2174,-612.61,1
346.29,23.132,-641,-339.44,23.068,-571.43,-535.36,300,2.5217,-536.49,1
346.29,23.132,-641,-339.44,23.068,-571.43,-535.36,300,2.8261,-478.67,1
346.29,23.132,-641,-339.44,23.068,-571.43,-535.36,300,3.1304,-435.25,1
346.29,23.132,-641,-339.44,23.068,-571.43,-535.36,300,3.4348,-403.66,1
346.29,23.132,-641,-339.44,23.068,-571.43,-535.36,300,3.7391,-382.37,1
346.29,23.132,-641,-339.44,23.068,-571.43,-535.36,300,4.0435,-370.67,1
346.29,23.132,-641,-339.44,23.068,-571.43,-535.36,300,4.3478,-368.67,1
346.29,23.132,-641,-339.44,23.068,-571.43,-535.36,300,4.6522,-377.53,1
346.29,23.132,-641,-339.44,23.068,-571.43,-535.36,300,4.9565,-400.04,1
346.29,23.132,-641,-339.44,23.068,-571.43,-535.36,300,5.2609,-442,1
346.29,23.132,-641,-339.44,23.068,-571.43,-535.36,300,5.5652,-516,1
346.29,23.132,-641,-339.44,23.068,-571.43,-535.36,300,5.8696,-653.4,1
346.29,23.132,-641,-339.44,23.068,-571.43,-535.36,300,6.1739,-955.74,1
346.29,23.132,-641,-339.44,23.068,-571.43,-535.36,300,6.4783,-Inf,1
346.29,23.132,-641,-339.44,23.068,-571.43,-535.36,300,6.7826,-Inf,1
346.29,23.132,-641,-339.44,23.068,-571.43,-535.36,300,7.087,-Inf,1
346.29,23.132,-641,-339.44,23.068,-571.43,-535.36,300,7.3913,-Inf,1
346.29,23.132,-641,-339.44,23.068,-571.43,-535.36,300,7.6957,-Inf,1
346.29,23.132,-641,-339.44,23.068,-571.43,-535.36,300,8,-Inf,1
347.58,16.455,-641,-339.44,23.068,-571.43,-447.14,-300,1,-424.17,1
347.58,16.455,-641,-339.44,23.068,-571.43,-447.14,-300,1.3043,-367.21,1
347.58,16.455,-641,-339.44,23.068,-571.43,-447.14,-300,1.6087,-327.91,1
347.58,16.455,-641,-339.44,23.068,-571.43,-447.14,-300,1.913,-304.2,1
347.58,16.455,-641,-339.44,23.068,-571.43,-447.14,-300,2.2174,-295.15,1
347.58,16.455,-641,-339.44,23.068,-571.43,-447.14,-300,2.5217,-300.88,1
347.58,16.455,-641,-339.44,23.068,-571.43,-447.14,-300,2.8261,-322.75,1
347.58,16.455,-641,-339.44,23.068,-571.43,-447.14,-300,3.1304,-363.76,1
347.58,16.455,-641,-339.44,23.068,-571.43,-447.14,-300,3.4348,-429.57,1
347.58,16.455,-641,-339.44,23.068,-571.43,-447.14,-300,3.7391,-530.66,1
347.58,16.455,-641,-339.44,23.068,-571.43,-447.14,-300,4.0435,-687.75,1
347.58,16.455,-641,-339.44,23.068,-571.43,-447.14,-300,4.3478,-946.97,1
347.58,16.455,-641,-339.44,23.068,-571.43,-447.14,-300,4.6522,-1434.9,1
347.58,16.455,-641,-339.44,23.068,-571.43,-447.14,-300,4.9565,-Inf,1
347.58,16.455,-641,-339.44,23.068,-571.43,-447.14,-300,5.2609,-Inf,1
347.58,16.455,-641,-339.44,23.068,-571.43,-447.14,-300,5.5652,-Inf,1
347.58,16.455,-641,-339.44,23.068,-571.43,-447.14,-300,5.8696,-Inf,1
347.58,16.455,-641,-339.44,23.068,-571.43,-447.14,-300,6.1739,-Inf,1
347.58,16.455,-641,-339.44,23.068,-571.43,-447.14,-300,6.4783,-Inf,1
347.58,16.455,-641,-339.44,23.068,-571.43,-447.14,-300,6.7826,-Inf,1
347.58,16.455,-641,-339.44,23.068,-571.43,-447.14,-300,7.087,-Inf,1
347.58,16.455,-641,-339.44,23.068,-571.43,-447.14,-300,7.3913,-Inf,1
347.58,16.455,-641,-339.44,23.068,-571.43,-447.14,-300,7.6957,-Inf,1
347.58,16.455,-641,-339.44,23.068,-571.43,-447.14,-300,8,-Inf,1
257.29,13.568,-641,-339.44,23.068,-571.43,-447.14,-200,1,-455.19,1
257.29,13.568,-641,-339.44,23.068,-571.43,-447.14,-200,1.3043,-392.83,1
257.29,13.568,-641,-339.44,23.068,-571.43,-447.14,-200,1.6087,-347.77,1
257.29,13.568,-641,-339.44,23.068,-571.43,-447.14,-200,1.913,-317.42,1
257.29,13.568,-641,-339.44,23.068,-571.43,-447.14,-200,2.2174,-300.33,1
257.29,13.568,-641,-339.44,23.068,-571.43,-447.14,-200,2.5217,-296,1
257.29,13.568,-641,-339.44,23.068,-571.43,-447.14,-200,2.8261,-304.9,1
257.29,13.568,-641,-339.44,23.068,-571.43,-447.14,-200,3.1304,-328.71,1
257.29,13.568,-641,-339.44,23.068,-571.43,-447.14,-200,3.4348,-370.87,1
257.29,13.568,-641,-339.44,23.068,-571.43,-447.14,-200,3.7391,-437.78,1
257.29,13.568,-641,-339.44,23.068,-571.43,-447.14,-200,4.0435,-541.75,1
257.29,13.568,-641,-339.44,23.068,-571.43,-447.14,-200,4.3478,-708.51,1
257.29,13.568,-641,-339.44,23.068,-571.43,-447.14,-200,4.6522,-1001.2,1
257.29,13.568,-641,-339.44,23.068,-571.43,-447.14,-200,4.9565,-1624.9,1
257.29,13.568,-641,-339.44,23.068,-571.43,-447.14,-200,5.2609,-Inf,1
257.29,13.568,-641,-339.44,23.068,-571.43,-447.14,-200,5.5652,-Inf,1
257.29,13.568,-641,-339.44,23.068,-571.43,-447.14,-200,5.8696,-Inf,1
257.29,13.568,-641,-339.44,23.068,-571.43,-447.14,-200,6.1739,-Inf,1
257.29,13.568,-641,-339.44,23.068,-571.43,-447.14,-200,6.4783,-Inf,1
257.29,13.568,-641,-339.44,23.068,-571.43,-447.14,-200,6.7826,-Inf,1
257.29,13.568,-641,-339.44,23.068,-571.43,-447.14,-200,7.087,-Inf,1
257.29,13.568,-641,-339.44,23.068,-571.43,-447.14,-200,7.3913,-Inf,1
257.29,13.568,-641,-339.44,23.068,-571.43,-447.14,-200,7.6957,-Inf,1
257.29,13.568,-641,-339.44,23.068,-571.43,-447.14,-200,8,-Inf,1
177.72,10.68,-641,-339.44,23.068,-571.43,-447.14,-100,1,-497.32,1
177.72,10.68,-641,-339.44,23.068,-571.43,-447.14,-100,1.3043,-427.35,1
177.72,10.68,-641,-339.44,23.068,-571.43,-447.14,-100,1.6087,-375.29,1
177.72,10.68,-641,-339.44,23.068,-571.43,-447.14,-100,1.913,-337.88,1
177.72,10.68,-641,-339.44,23.068,-571.43,-447.14,-100,2.2174,-313.06,1
177.72,10.68,-641,-339.44,23.068,-571.43,-447.14,-100,2.5217,-299.76,1
177.72,10.68,-641,-339.44,23.068,-571.43,-447.14,-100,2.8261,-297.72,1
177.72,10.68,-641,-339.44,23.068,-571.43,-447.14,-100,3.1304,-307.63,1
177.72,10.68,-641,-339.44,23.068,-571.43,-447.14,-100,3.4348,-331.31,1
177.72,10.68,-641,-339.44,23.068,-571.43,-447.14,-100,3.7391,-372.47,1
177.72,10.68,-641,-339.44,23.068,-571.43,-447.14,-100,4.0435,-438.09,1
177.72,10.68,-641,-339.44,23.068,-571.43,-447.14,-100,4.3478,-542.08,1
177.72,10.68,-641,-339.44,23.068,-571.43,-447.14,-100,4.6522,-715.4,1
177.72,10.68,-641,-339.44,23.068,-571.43,-447.14,-100,4.9565,-1042.3,1
177.72,10.68,-641,-339.44,23.068,-571.43,-447.14,-100,5.2609,-Inf,1
177.72,10.68,-641,-339.44,23.068,-571.43,-447.14,-100,5.5652,-Inf,1
177.72,10.68,-641,-339.44,23.068,-571.43,-447.14,-100,5.8696,-Inf,1
177.72,10.68,-641,-339.44,23.068,-571.43,-447.14,-100,6.1739,-Inf,1
177.72,10.68,-641,-339.44,23.068,-571.43,-447.14,-100,6.4783,-Inf,1
177.72,10.68,-641,-339.44,23.068,-571.43,-447.14,-100,6.7826,-Inf,1
177.72,10.68,-641,-339.44,23.068,-571.43,-447.14,-100,7.087,-Inf,1
177.72,10.68,-641,-339.44,23.068,-571.43,-447.14,-100,7.3913,-Inf,1
177.72,10.68,-641,-339.44,23.068,-571.43,-447.14,-100,7.6957,-Inf,1
177.72,10.68,-641,-339.44,23.068,-571.43,-447.14,-100,8,-Inf,1
130.27,8.5989,-641,-339.44,23.068,-571.43,-447.14,0,1,-558.83,1
130.27,8.5989,-641,-339.44,23.068,-571.43,-447.14,0,1.3043,-476.83,1
130.27,8.5989,-641,-339.44,23.068,-571.43,-447.14,0,1.6087,-414.92,1
130.27,8.5989,-641,-339.44,23.068,-571.43,-447.14,0,1.913,-368.75,1
130.27,8.5989,-641,-339.44,23.068,-571.43,-447.14,0,2.2174,-335.49,1
130.27,8.5989,-641,-339.44,23.068,-571.43,-447.14,0,2.5217,-313.4,1
130.27,8.5989,-641,-339.44,23.068,-571.43,-447.14,0,2.8261,-301.56,1
130.27,8.5989,-641,-339.44,23.068,-571.43,-447.14,0,3.1304,-299.82,1
130.27,8.5989,-641,-339.44,23.068,-571.43,-447.14,0,3.4348,-308.92,1
130.27,8.5989,-641,-339.44,23.068,-571.43,-447.14,0,3.7391,-330.71,1
130.27,8.5989,-641,-339.44,23.068,-571.43,-447.14,0,4.0435,-368.94,1
130.27,8.5989,-641,-339.44,23.068,-571.43,-447.14,0,4.3478,-430.84,1
130.27,8.5989,-641,-339.44,23.068,-571.43,-447.14,0,4.6522,-531.34,1
130.27,8.5989,-641,-339.44,23.068,-571.43,-447.14,0,4.9565,-705.68,1
130.27,8.5989,-641,-339.44,23.068,-571.43,-447.14,0,5.2609,-1059.7,1
130.27,8.5989,-641,-339.44,23.068,-571.43,-447.14,0,5.5652,-Inf,1
130.27,8.5989,-641,-339.44,23.068,-571.43,-447.14,0,5.8696,-Inf,1
130.27,8.5989,-641,-339.44,23.068,-571.43,-447.14,0,6.1739,-Inf,1
130.27,8.5989,-641,-339.44,23.068,-571.43,-447.14,0,6.4783,-Inf,1
130.27,8.5989,-641,-339.44,23.068,-571.43,-447.14,0,6.7826,-Inf,1
130.27,8.5989,-641,-339.44,23.068,-571.43,-447.14,0,7.087,-Inf,1
130.27,8.5989,-641,-339.44,23.068,-571.43,-447.14,0,7.3913,-Inf,1
130.27,8.5989,-641,-339.44,23.068,-571.43,-447.14,0,7.6957,-Inf,1
130.27,8.5989,-641,-339.44,23.068,-571.43,-447.14,0,8,-Inf,1
149.53,9.1138,-641,-339.44,23.068,-571.43,-447.14,100,1,-656.01,1
149.53,9.1138,-641,-339.44,23.068,-571.43,-447.14,100,1.3043,-553.11,1
149.53,9.1138,-641,-339.44,23.068,-571.43,-447.14,100,1.6087,-475.35,1
149.53,9.1138,-641,-339.44,23.068,-571.43,-447.14,100,1.913,-416.44,1
149.53,9.1138,-641,-339.44,23.068,-571.43,-447.14,100,2.2174,-372.25,1
149.53,9.1138,-641,-339.44,23.068,-571.43,-447.14,100,2.5217,-340.09,1
149.53,9.1138,-641,-339.44,23.068,-571.43,-447.14,100,2.8261,-318.24,1
149.53,9.1138,-641,-339.44,23.068,-571.43,-447.14,100,3.1304,-305.83,1
149.53,9.1138,-641,-339.44,23.068,-571.43,-447.14,100,3.4348,-302.68,1
149.53,9.1138,-641,-339.44,23.068,-571.43,-447.14,100,3.7391,-309.41,1
149.53,9.1138,-641,-339.44,23.068,-571.43,-447.14,100,4.0435,-327.78,1
149.53,9.1138,-641,-339.44,23.068,-571.43,-447.14,100,4.3478,-361.32,1
149.53,9.1138,-641,-339.44,23.068,-571.43,-447.14,100,4.6522,-417.05,1
149.53,9.1138,-641,-339.44,23.068,-571.43,-447.14,100,4.9565,-509.88,1
149.53,9.1138,-641,-339.44,23.068,-571.43,-447.14,100,5.2609,-676.55,1
149.53,9.1138,-641,-339.44,23.068,-571.43,-447.14,100,5.5652,-1035.8,1
149.53,9.1138,-641,-339.44,23.068,-571.43,-447.14,100,5.8696,-Inf,1
149.53,9.1138,-641,-339.44,23.068,-571.43,-447.14,100,6.1739,-Inf,1
149.53,9.1138,-641,-339.44,23.068,-571.43,-447.14,100,6.4783,-Inf,1
149.53,9.1138,-641,-339.44,23.068,-571.43,-447.14,100,6.7826,-Inf,1
149.53,9.1138,-641,-339.44,23.068,-571.43,-447.14,100,7.087,-Inf,1
149.53,9.1138,-641,-339.44,23.068,-571.43,-447.14,100,7.3913,-Inf,1
149.53,9.1138,-641,-339.44,23.068,-571.43,-447.14,100,7.6957,-Inf,1
149.53,9.1138,-641,-339.44,23.068,-571.43,-447.14,100,8,-Inf,1
218.5,12.94,-641,-339.44,23.068,-571.43,-447.14,200,1,-819.12,1
218.5,12.94,-641,-339.44,23.068,-571.43,-447.14,200,1.3043,-677.3,1
218.5,12.94,-641,-339.44,23.068,-571.43,-447.14,200,1.6087,-571.76,1
218.5,12.94,-641,-339.44,23.068,-571.43,-447.14,200,1.913,-492.05,1
218.5,12.94,-641,-339.44,23.068,-571.43,-447.14,200,2.2174,-431.5,1
218.5,12.94,-641,-339.44,23.068,-571.43,-447.14,200,2.5217,-385.72,1
218.5,12.94,-641,-339.44,23.068,-571.43,-447.14,200,2.8261,-351.84,1
218.5,12.94,-641,-339.44,23.068,-571.43,-447.14,200,3.1304,-328,1
218.5,12.94,-641,-339.44,23.068,-571.43,-447.14,200,3.4348,-313.18,1
218.5,12.94,-641,-339.44,23.068,-571.43,-447.14,200,3.7391,-307.02,1
218.5,12.94,-641,-339.44,23.068,-571.43,-447.14,200,4.0435,-309.96,1
218.5,12.94,-641,-339.44,23.068,-571.43,-447.14,200,4.3478,-323.42,1
218.5,12.94,-641,-339.44,23.068,-571.43,-447.14,200,4.6522,-350.49,1
218.5,12.94,-641,-339.44,23.068,-571.43,-447.14,200,4.9565,-397.39,1
218.5,12.94,-641,-339.44,23.068,-571.43,-447.14,200,5.2609,-477.6,1
218.5,12.94,-641,-339.44,23.068,-571.43,-447.14,200,5.5652,-624.89,1
218.5,12.94,-641,-339.44,23.068,-571.43,-447.14,200,5.8696,-951.28,1
218.5,12.94,-641,-339.44,23.068,-571.43,-447.14,200,6.1739,-Inf,1
218.5,12.94,-641,-339.44,23.068,-571.43,-447.14,200,6.4783,-Inf,1
218.5,12.94,-641,-339.44,23.068,-571.43,-447.14,200,6.7826,-Inf,1
218.5,12.94,-641,-339.44,23.068,-571.43,-447.14,200,7.087,-Inf,1
218.5,12.94,-641,-339.44,23.068,-571.43,-447.14,200,7.3913,-Inf,1
218.5,12.94,-641,-339.44,23.068,-571.43,-447.14,200,7.6957,-Inf,1
218.5,12.94,-641,-339.44,23.068,-571.43,-447.14,200,8,-Inf,1
305.17,18.934,-641,-339.44,23.068,-571.43,-447.14,300,1,-1067.6,1
305.17,18.934,-641,-339.44,23.068,-571.43,-447.14,300,1.3043,-857.54,1
305.17,18.934,-641,-339.44,23.068,-571.43,-447.14,300,1.6087,-706.87,1
305.17,18.934,-641,-339.44,23.068,-571.43,-447.14,300,1.913,-595.8,1
305.17,18.934,-641,-339.44,23.068,-571.43,-447.14,300,2.2174,-512.38,1
305.17,18.934,-641,-339.44,23.068,-571.43,-447.14,300,2.5217,-449.04,1
305.17,18.934,-641,-339.44,23.068,-571.43,-447.14,300,2.8261,-400.86,1
305.17,18.934,-641,-339.44,23.068,-571.43,-447.14,300,3.1304,-364.6,1
305.17,18.934,-641,-339.44,23.068,-571.43,-447.14,300,3.4348,-338.14,1
305.17,18.934,-641,-339.44,23.068,-571.43,-447.14,300,3.7391,-320.19,1
305.17,18.934,-641,-339.44,23.068,-571.43,-447.14,300,4.0435,-310.15,1
305.17,18.934,-641,-339.44,23.068,-571.43,-447.14,300,4.3478,-308.09,1
305.17,18.934,-641,-339.44,23.068,-571.43,-447.14,300,4.6522,-314.94,1
305.17,18.934,-641,-339.44,23.068,-571.43,-447.14,300,4.9565,-332.94,1
305.17,18.934,-641,-339.44,23.068,-571.43,-447.14,300,5.2609,-366.76,1
305.17,18.934,-641,-339.44,23.068,-571.43,-447.14,300,5.5652,-426.57,1
305.17,18.934,-641,-339.44,23.068,-571.43,-447.14,300,5.8696,-537.63,1
305.17,18.934,-641,-339.44,23.068,-571.43,-447.14,300,6.1739,-781.22,1
305.17,18.934,-641,-339.44,23.068,-571.43,-447.14,300,6.4783,-Inf,1
305.17,18.934,-641,-339.44,23.068,-571.43,-447.14,300,6.7826,-Inf,1
305.17,18.934,-641,-339.44,23.068,-571.43,-447.14,300,7.087,-Inf,1
305.17,18.934,-641,-339.44,23.068,-571.43,-447.14,300,7.3913,-Inf,1
305.17,18.934,-641,-339.44,23.068,-571.43,-447.14,300,7.6957,-Inf,1
305.17,18.934,-641,-339.44,23.068,-571.43,-447.14,300,8,-Inf,1
331.05,16.233,-641,-339.44,23.068,-571.43,-358.93,-300,1,-379.78,0
331.05,16.233,-641,-339.44,23.068,-571.43,-358.93,-300,1.3043,-327.91,0
331.05,16.233,-641,-339.44,23.068,-571.43,-358.93,-300,1.6087,-292.21,0
331.05,16.233,-641,-339.44,23.068,-571.43,-358.93,-300,1.913,-270.78,0
331.05,16.233,-641,-339.44,23.068,-571.43,-358.93,-300,2.2174,-262.78,0
331.05,16.233,-641,-339.44,23.068,-571.43,-358.93,-300,2.5217,-268.34,0
331.05,16.233,-641,-339.44,23.068,-571.43,-358.93,-300,2.8261,-288.69,0
331.05,16.233,-641,-339.44,23.068,-571.43,-358.93,-300,3.1304,-326.6,0
331.05,16.233,-641,-339.44,23.068,-571.43,-358.93,-300,3.4348,-387.21,0
331.05,16.233,-641,-339.44,23.068,-571.43,-358.93,-300,3.7391,-480.09,0
331.05,16.233,-641,-339.44,23.068,-571.43,-358.93,-300,4.0435,-624.07,0
331.05,16.233,-641,-339.44,23.068,-571.43,-358.93,-300,4.3478,-860.95,0
331.05,16.233,-641,-339.44,23.068,-571.43,-358.93,-300,4.6522,-1304.7,0
331.05,16.233,-641,-339.44,23.068,-571.43,-358.93,-300,4.9565,-Inf,0
331.05,16.233,-641,-339.44,23.068,-571.43,-358.93,-300,5.2609,-Inf,0
331.05,16.233,-641,-339.44,23.068,-571.43,-358.93,-300,5.5652,-Inf,0
331.05,16.233,-641,-339.44,23.068,-571.43,-358.93,-300,5.8696,-Inf,0
331.05,16.233,-641,-339.44,23.068,-571.43,-358.93,-300,6.1739,-Inf,0
331.05,16.233,-641,-339.44,23.068,-571.43,-358.93,-300,6.4783,-Inf,0
331.05,16.233,-641,-339.44,23.068,-571.43,-358.93,-300,6.7826,-Inf,0
331.05,16.233,-641,-339.44,23.068,-571.43,-358.93,-300,7.087,-Inf,0
331.05,16.233,-641,-339.44,23.068,-571.43,-358.93,-300,7.3913,-Inf,0
331.05,16.233,-641,-339.44,23.068,-571.43,-358.93,-300,7.6957,-Inf,0
331.05,16.233,-641,-339.44,23.068,-571.43,-358.93,-300,8,-Inf,0
234.48,12.826,-641,-339.44,23.068,-571.43,-358.93,-200,1,-405.66,1
234.48,12.826,-641,-339.44,23.068,-571.43,-358.93,-200,1.3043,-349.64,1
234.48,12.826,-641,-339.44,23.068,-571.43,-358.93,-200,1.6087,-309.22,1
234.48,12.826,-641,-339.44,23.068,-571.43,-358.93,-200,1.913,-282.06,1
234.48,12.826,-641,-339.44,23.068,-571.43,-358.93,-200,2.2174,-266.86,1
234.48,12.826,-641,-339.44,23.068,-571.43,-358.93,-200,2.5217,-263.18,1
234.48,12.826,-641,-339.44,23.068,-571.43,-358.93,-200,2.8261,-271.44,1
234.48,12.826,-641,-339.44,23.068,-571.43,-358.93,-200,3.1304,-293.16,1
234.48,12.826,-641,-339.44,23.068,-571.43,-358.93,-200,3.4348,-331.42,1
234.48,12.826,-641,-339.44,23.068,-571.43,-358.93,-200,3.7391,-391.98,1
234.48,12.826,-641,-339.44,23.068,-571.43,-358.93,-200,4.0435,-485.86,1
234.48,12.826,-641,-339.44,23.068,-571.43,-358.93,-200,4.3478,-636.01,1
234.48,12.826,-641,-339.44,23.068,-571.43,-358.93,-200,4.6522,-898.51,1
234.48,12.826,-641,-339.44,23.068,-571.43,-358.93,-200,4.9565,-1454.1,1
234.48,12.826,-641,-339.44,23.068,-571.43,-358.93,-200,5.2609,-Inf,1
234.48,12.826,-641,-339.44,23.068,-571.43,-358.93,-200,5.5652,-Inf,1
234.48,12.826,-641,-339.44,23.068,-571.43,-358.93,-200,5.8696,-Inf,1
234.48,12.826,-641,-339.44,23.068,-571.43,-358.93,-200,6.1739,-Inf,1
234.48,12.826,-641,-339.44,23.068,-571.43,-358.93,-200,6.4783,-Inf,1
234.48,12.826,-641,-339.44,23.068,-571.43,-358.93,-200,6.7826,-Inf,1
234.48,12.826,-641,-339.44,23.068,-571.43,-358.93,-200,7.087,-Inf,1
234.48,12.826,-641,-339.44,23.068,-571.43,-358.93,-200,7.3913,-Inf,1
234.48,12.826,-641,-339.44,23.068,-571.43,-358.93,-200,7.6957,-Inf,1
234.48,12.826,-641,-339.44,23.068,-571.43,-358.93,-200,8,-Inf,1
142.71,8.9006,-641,-339.44,23.068,-571.43,-358.93,-100,1,-439.99,1
142.71,8.9006,-641,-339.44,23.068,-571.43,-358.93,-100,1.3043,-378.17,1
142.71,8.9006,-641,-339.44,23.068,-571.43,-358.93,-100,1.6087,-332.2,1
142.71,8.9006,-641,-339.44,23.068,-571.43,-358.93,-100,1.913,-299.19,1
142.71,8.9006,-641,-339.44,23.068,-571.43,-358.93,-100,2.2174,-277.34,1
142.71,8.9006,-641,-339.44,23.068,-571.43,-358.93,-100,2.5217,-265.7,1
142.71,8.9006,-641,-339.44,23.068,-571.43,-358.93,-100,2.8261,-264.04,1
142.71,8.9006,-641,-339.44,23.068,-571.43,-358.93,-100,3.1304,-272.97,1
142.71,8.9006,-641,-339.44,23.068,-571.43,-358.93,-100,3.4348,-294.1,1
142.71,8.9006,-641,-339.44,23.068,-571.43,-358.93,-100,3.7391,-330.68,1
142.71,8.9006,-641,-339.44,23.068,-571.43,-358.93,-100,4.0435,-388.87,1
142.71,8.9006,-641,-339.44,23.068,-571.43,-358.93,-100,4.3478,-480.85,1
142.71,8.9006,-641,-339.44,23.068,-571.43,-358.93,-100,4.6522,-633.69,1
142.71,8.9006,-641,-339.44,23.068,-571.43,-358.93,-100,4.9565,-920.55,1
142.71,8.9006,-641,-339.44,23.068,-571.43,-358.93,-100,5.2609,-1627.3,1
142.71,8.9006,-641,-339.44,23.068,-571.43,-358.93,-100,5.5652,-Inf,1
142.71,8.9006,-641,-339.44,23.068,-571.43,-358.93,-100,5.8696,-Inf,1
142.71,8.9006,-641,-339.44,23.068,-571.43,-358.93,-100,6.1739,-Inf,1
142.71,8.9006,-641,-339.44,23.068,-571.43,-358.93,-100,6.4783,-Inf,1
142.71,8.9006,-641,-339.44,23.068,-571.43,-358.93,-100,6.7826,-Inf,1
142.71,8.9006,-641,-339.44,23.068,-571.43,-358.93,-100,7.087,-Inf,1
142.71,8.9006,-641,-339.44,23.068,-571.43,-358.93,-100,7.3913,-Inf,1
142.71,8.9006,-641,-339.44,23.068,-571.43,-358.93,-100,7.6957,-Inf,1
142.71,8.9006,-641,-339.44,23.068,-571.43,-358.93,-100,8,-Inf,1
75.838,4.5859,-641,-339.44,23.068,-571.43,-358.93,0,1,-489.19,1
75.838,4.5859,-641,-339.44,23.068,-571.43,-358.93,0,1.3043,-418.12,1
75.838,4.5859,-641,-339.44,23.068,-571.43,-358.93,0,1.6087,-364.44,1
75.838,4.5859,-641,-339.44,23.068,-571.43,-358.93,0,1.913,-324.42,1
75.838,4.5859,-641,-339.44,23.068,-571.43,-358.93,0,2.2174,-295.61,1
75.838,4.5859,-641,-339.44,23.068,-571.43,-358.93,0,2.5217,-276.49,1
75.838,4.5859,-641,-339.44,23.068,-571.43,-358.93,0,2.8261,-266.27,1
75.838,4.5859,-641,-339.44,23.068,-571.43,-358.93,0,3.1304,-264.82,1
75.838,4.5859,-641,-339.44,23.068,-571.43,-358.93,0,3.4348,-272.77,1
75.838,4.5859,-641,-339.44,23.068,-571.43,-358.93,0,3.7391,-291.72,1
75.838,4.5859,-641,-339.44,23.068,-571.43,-358.93,0,4.0435,-324.89,1
75.838,4.5859,-641,-339.44,23.068,-571.43,-358.93,0,4.3478,-378.5,1
75.838,4.5859,-641,-339.44,23.068,-571.43,-358.93,0,4.6522,-465.33,1
75.838,4.5859,-641,-339.44,23.068,-571.43,-358.93,0,4.9565,-615.44,1
75.838,4.5859,-641,-339.44,23.068,-571.43,-358.93,0,5.2609,-918.41,1
75.838,4.5859,-641,-339.44,23.068,-571.43,-358.93,0,5.5652,-Inf,1
75.838,4.5859,-641,-339.44,23.068,-571.43,-358.93,0,5.8696,-Inf,1
75.838,4.5859,-641,-339.44,23.068,-571.43,-358.93,0,6.1739,-Inf,1
75.838,4.5859,-641,-339.44,23.068,-571.43,-358.93,0,6.4783,-Inf,1
75.838,4.5859,-641,-339.44,23.068,-571.43,-358.93,0,6.7826,-Inf,1
75.838,4.5859,-641,-339.44,23.068,-571.43,-358.93,0,7.087,-Inf,1
75.838,4.5859,-641,-339.44,23.068,-571.43,-358.93,0,7.3913,-Inf,1
75.838,4.5859,-641,-339.44,23.068,-571.43,-358.93,0,7.6957,-Inf,1
75.838,4.5859,-641,-339.44,23.068,-571.43,-358.93,0,8,-Inf,1
105.54,3.1818,-641,-339.44,23.068,-571.43,-358.93,100,1,-566.2,1
105.54,3.1818,-641,-339.44,23.068,-571.43,-358.93,100,1.3043,-478.8,1
105.54,3.1818,-641,-339.44,23.068,-571.43,-358.93,100,1.6087,-412.73,1
105.54,3.1818,-641,-339.44,23.068,-571.43,-358.93,100,1.913,-362.65,1
105.54,3.1818,-641,-339.44,23.068,-571.43,-358.93,100,2.2174,-325.07,1
105.54,3.1818,-641,-339.44,23.068,-571.43,-358.93,100,2.5217,-297.7,1
105.54,3.1818,-641,-339.44,23.068,-571.43,-358.93,100,2.8261,-279.11,1
105.54,3.1818,-641,-339.44,23.068,-571.43,-358.93,100,3.1304,-268.53,1
105.54,3.1818,-641,-339.44,23.068,-571.43,-358.93,100,3.4348,-265.81,1
105.54,3.1818,-641,-339.44,23.068,-571.43,-358.93,100,3.7391,-271.48,1
105.54,3.1818,-641,-339.44,23.068,-571.43,-358.93,100,4.0435,-287,1
105.54,3.1818,-641,-339.44,23.068,-571.43,-358.93,100,4.3478,-315.33,1
105.54,3.1818,-641,-339.44,23.068,-571.43,-358.93,100,4.6522,-362.36,1
105.54,3.1818,-641,-339.44,23.068,-571.43,-358.93,100,4.9565,-440.54,1
105.54,3.1818,-641,-339.44,23.068,-571.43,-358.93,100,5.2609,-580.46,1
105.54,3.1818,-641,-339.44,23.068,-571.43,-358.93,100,5.5652,-880.05,1
105.54,3.1818,-641,-339.44,23.068,-571.43,-358.93,100,5.8696,-Inf,1
105.54,3.1818,-641,-339.44,23.068,-571.43,-358.93,100,6.1739,-Inf,1
105.54,3.1818,-641,-339.44,23.068,-571.43,-358.93,100,6.4783,-Inf,1
105.54,3.1818,-641,-339.44,23.068,-571.43,-358.93,100,6.7826,-Inf,1
105.54,3.1818,-641,-339.44,23.068,-571.43,-358.93,100,7.087,-Inf,1
105.54,3.1818,-641,-339.44,23.068,-571.43,-358.93,100,7.3913,-Inf,1
105.54,3.1818,-641,-339.44,23.068,-571.43,-358.93,100,7.6957,-Inf,1
105.54,3.1818,-641,-339.44,23.068,-571.43,-358.93,100,8,-Inf,1
191.11,8.6517,-641,-339.44,23.068,-571.43,-358.93,200,1,-696.83,1
191.11,8.6517,-641,-339.44,23.068,-571.43,-358.93,200,1.3043,-578.35,1
191.11,8.6517,-641,-339.44,23.068,-571.43,-358.93,200,1.6087,-490.1,1
191.11,8.6517,-641,-339.44,23.068,-571.43,-358.93,200,1.913,-423.4,1
191.11,8.6517,-641,-339.44,23.068,-571.43,-358.93,200,2.2174,-372.69,1
191.11,8.6517,-641,-339.44,23.068,-571.43,-358.93,200,2.5217,-334.31,1
191.11,8.6517,-641,-339.44,23.068,-571.43,-358.93,200,2.8261,-305.88,1
191.11,8.6517,-641,-339.44,23.068,-571.43,-358.93,200,3.1304,-285.83,1
191.11,8.6517,-641,-339.44,23.068,-571.43,-358.93,200,3.4348,-273.31,1
191.11,8.6517,-641,-339.44,23.068,-571.43,-358.93,200,3.7391,-268.02,1
191.11,8.6517,-641,-339.44,23.068,-571.43,-358.93,200,4.0435,-270.3,1
191.11,8.6517,-641,-339.44,23.068,-571.43,-358.93,200,4.3478,-281.32,1
191.11,8.6517,-641,-339.44,23.068,-571.43,-358.93,200,4.6522,-303.6,1
191.11,8.6517,-641,-339.44,23.068,-571.43,-358.93,200,4.9565,-342.25,1
191.11,8.6517,-641,-339.44,23.068,-571.43,-358.93,200,5.2609,-408.32,1
191.11,8.6517,-641,-339.44,23.068,-571.43,-358.93,200,5.5652,-529.34,1
191.11,8.6517,-641,-339.44,23.068,-571.43,-358.93,200,5.8696,-795.98,1
191.11,8.6517,-641,-339.44,23.068,-571.43,-358.93,200,6.1739,-Inf,1
191.11,8.6517,-641,-339.44,23.068,-571.43,-358.93,200,6.4783,-Inf,1
191.11,8.6517,-641,-339.44,23.068,-571.43,-358.93,200,6.7826,-Inf,1
191.11,8.6517,-641,-339.44,23.068,-571.43,-358.93,200,7.087,-Inf,1
191.11,8.6517,-641,-339.44,23.068,-571.43,-358.93,200,7.3913,-Inf,1
191.11,8.6517,-641,-339.44,23.068,-571.43,-358.93,200,7.6957,-Inf,1
191.11,8.6517,-641,-339.44,23.068,-571.43,-358.93,200,8,-Inf,1
286.2,15.84,-641,-339.44,23.068,-571.43,-358.93,300,1,-910.98,1
286.2,15.84,-641,-339.44,23.068,-571.43,-358.93,300,1.3043,-734.3,1
286.2,15.84,-641,-339.44,23.068,-571.43,-358.93,300,1.6087,-607.43,1
286.2,15.84,-641,-339.44,23.068,-571.43,-358.93,300,1.913,-513.8,1
286.2,15.84,-641,-339.44,23.068,-571.43,-358.93,300,2.2174,-443.4,1
286.2,15.84,-641,-339.44,23.068,-571.43,-358.93,300,2.5217,-389.89,1
286.2,15.84,-641,-339.44,23.068,-571.43,-358.93,300,2.8261,-349.13,1
286.2,15.84,-641,-339.44,23.068,-571.43,-358.93,300,3.1304,-318.4,1
286.2,15.84,-641,-339.44,23.068,-571.43,-358.93,300,3.4348,-295.92,1
286.2,15.84,-641,-339.44,23.068,-571.43,-358.93,300,3.7391,-280.58,1
286.2,15.84,-641,-339.44,23.068,-571.43,-358.93,300,4.0435,-271.88,1
286.2,15.84,-641,-339.44,23.068,-571.43,-358.93,300,4.3478,-269.86,1
286.2,15.84,-641,-339.44,23.068,-571.43,-358.93,300,4.6522,-275.26,1
286.2,15.84,-641,-339.44,23.068,-571.43,-358.93,300,4.9565,-289.93,1
286.2,15.84,-641,-339.44,23.068,-571.43,-358.93,300,5.2609,-317.7,1
286.2,15.84,-641,-339.44,23.068,-571.43,-358.93,300,5.5652,-366.93,1
286.2,15.84,-641,-339.44,23.068,-571.43,-358.93,300,5.8696,-458.31,1
286.2,15.84,-641,-339.44,23.068,-571.43,-358.93,300,6.1739,-658.02,1
286.2,15.84,-641,-339.44,23.068,-571.43,-358.93,300,6.4783,-1326.1,1
286.2,15.84,-641,-339.44,23.068,-571.43,-358.93,300,6.7826,-Inf,1
286.2,15.84,-641,-339.44,23.068,-571.43,-358.93,300,7.087,-Inf,1
286.2,15.84,-641,-339.44,23.068,-571.43,-358.93,300,7.3913,-Inf,1
286.2,15.84,-641,-339.44,23.068,-571.43,-358.93,300,7.6957,-Inf,1
286.2,15.84,-641,-339.44,23.068,-571.43,-358.93,300,8,-Inf,1
337.54,17.299,-641,-339.44,23.068,-571.43,-270.71,-300,1,-355.09,0
337.54,17.299,-641,-339.44,23.068,-571.43,-270.71,-300,1.3043,-306.49,0
337.54,17.299,-641,-339.44,23.068,-571.43,-270.71,-300,1.6087,-273.13,0
337.54,17.299,-641,-339.44,23.068,-571.43,-270.71,-300,1.913,-253.22,0
337.54,17.299,-641,-339.44,23.068,-571.43,-270.71,-300,2.2174,-246,0
337.54,17.299,-641,-339.44,23.068,-571.43,-270.71,-300,2.5217,-251.57,0
337.54,17.299,-641,-339.44,23.068,-571.43,-270.71,-300,2.8261,-271.13,0
337.54,17.299,-641,-339.44,23.068,-571.43,-270.71,-300,3.1304,-307.26,0
337.54,17.299,-641,-339.44,23.068,-571.43,-270.71,-300,3.4348,-364.81,0
337.54,17.299,-641,-339.44,23.068,-571.43,-270.71,-300,3.7391,-452.79,0
337.54,17.299,-641,-339.44,23.068,-571.43,-270.71,-300,4.0435,-588.83,0
337.54,17.299,-641,-339.44,23.068,-571.43,-270.71,-300,4.3478,-811.97,0
337.54,17.299,-641,-339.44,23.068,-571.43,-270.71,-300,4.6522,-1228.1,0
337.54,17.299,-641,-339.44,23.068,-571.43,-270.71,-300,4.9565,-Inf,0
337.54,17.299,-641,-339.44,23.068,-571.43,-270.71,-300,5.2609,-Inf,0
337.54,17.299,-641,-339.44,23.068,-571.43,-270.71,-300,5.5652,-Inf,0
337.54,17.299,-641,-339.44,23.068,-571.43,-270.71,-300,5.8696,-Inf,0
337.54,17.299,-641,-339.44,23.068,-571.43,-270.71,-300,6.1739,-Inf,0
337.54,17.299,-641,-339.44,23.068,-571.43,-270.71,-300,6.4783,-Inf,0
337.54,17.299,-641,-339.44,23.068,-571.43,-270.71,-300,6.7826,-Inf,0
337.54,17.299,-641,-339.44,23.068,-571.43,-270.71,-300,7.087,-Inf,0
337.54,17.299,-641,-339.44,23.068,-571.43,-270.71,-300,7.3913,-Inf,0
337.54,17.299,-641,-339.44,23.068,-571.43,-270.71,-300,7.6957,-Inf,0
337.54,17.299,-641,-339.44,23.068,-571.43,-270.71,-300,8,-Inf,0
243.56,13.962,-641,-339.44,23.068,-571.43,-270.71,-200,1,-378.16,0
243.56,13.962,-641,-339.44,23.068,-571.43,-270.71,-200,1.3043,-326.14,0
243.56,13.962,-641,-339.44,23.068,-571.43,-270.71,-200,1.6087,-288.66,0
243.56,13.962,-641,-339.44,23.068,-571.43,-270.71,-200,1.913,-263.55,0
243.56,13.962,-641,-339.44,23.068,-571.43,-270.71,-200,2.2174,-249.6,0
243.56,13.962,-641,-339.44,23.068,-571.43,-270.71,-200,2.5217,-246.41,0
243.56,13.962,-641,-339.44,23.068,-571.43,-270.71,-200,2.8261,-254.39,0
243.56,13.962,-641,-339.44,23.068,-571.43,-270.71,-200,3.1304,-274.95,0
243.56,13.962,-641,-339.44,23.068,-571.43,-270.71,-200,3.4348,-310.96,0
243.56,13.962,-641,-339.44,23.068,-571.43,-270.71,-200,3.7391,-367.77,0
243.56,13.962,-641,-339.44,23.068,-571.43,-270.71,-200,4.0435,-455.6,0
243.56,13.962,-641,-339.44,23.068,-571.43,-270.71,-200,4.3478,-595.7,0
243.56,13.962,-641,-339.44,23.068,-571.43,-270.71,-200,4.6522,-839.69,0
243.56,13.962,-641,-339.44,23.068,-571.43,-270.71,-200,4.9565,-1352.5,0
243.56,13.962,-641,-339.44,23.068,-571.43,-270.71,-200,5.2609,-Inf,0
243.56,13.962,-641,-339.44,23.068,-571.43,-270.71,-200,5.5652,-Inf,0
243.56,13.962,-641,-339.44,23.068,-571.43,-270.71,-200,5.8696,-Inf,0
243.56,13.962,-641,-339.44,23.068,-571.43,-270.71,-200,6.1739,-Inf,0
243.56,13.962,-641,-339.44,23.068,-571.43,-270.71,-200,6.4783,-Inf,0
243.56,13.962,-641,-339.44,23.068,-571.43,-270.71,-200,6.7826,-Inf,0
243.56,13.962,-641,-339.44,23.068,-571.43,-270.71,-200,7.087,-Inf,0
243.56,13.962,-641,-339.44,23.068,-571.43,-270.71,-200,7.3913,-Inf,0
243.56,13.962,-641,-339.44,23.068,-571.43,-270.71,-200,7.6957,-Inf,0
243.56,13.962,-641,-339.44,23.068,-571.43,-270.71,-200,8,-Inf,0
157.19,10.127,-641,-339.44,23.068,-571.43,-270.71,-100,1,-408.22,0
157.19,10.127,-641,-339.44,23.068,-571.43,-270.71,-100,1.3043,-351.43,0
157.19,10.127,-641,-339.44,23.068,-571.43,-270.71,-100,1.6087,-309.23,0
157.19,10.127,-641,-339.44,23.068,-571.43,-270.71,-100,1.913,-278.97,0
157.19,10.127,-641,-339.44,23.068,-571.43,-270.71,-100,2.2174,-259,0
157.19,10.127,-641,-339.44,23.068,-571.43,-270.71,-100,2.5217,-248.44,0
157.19,10.127,-641,-339.44,23.068,-571.43,-270.71,-100,2.8261,-247.09,0
157.19,10.127,-641,-339.44,23.068,-571.43,-270.71,-100,3.1304,-255.51,0
157.19,10.127,-641,-339.44,23.068,-571.43,-270.71,-100,3.4348,-275.19,0
157.19,10.127,-641,-339.44,23.068,-571.43,-270.71,-100,3.7391,-309.12,0
157.19,10.127,-641,-339.44,23.068,-571.43,-270.71,-100,4.0435,-362.92,0
157.19,10.127,-641,-339.44,23.068,-571.43,-270.71,-100,4.3478,-447.74,0
157.19,10.127,-641,-339.44,23.068,-571.43,-270.71,-100,4.6522,-588.22,0
157.19,10.127,-641,-339.44,23.068,-571.43,-270.71,-100,4.9565,-850.62,0
157.19,10.127,-641,-339.44,23.068,-571.43,-270.71,-100,5.2609,-1490.4,0
157.19,10.127,-641,-339.44,23.068,-571.43,-270.71,-100,5.5652,-Inf,0
157.19,10.127,-641,-339.44,23.068,-571.43,-270.71,-100,5.8696,-Inf,0
157.19,10.127,-641,-339.44,23.068,-571.43,-270.71,-100,6.1739,-Inf,0
157.19,10.127,-641,-339.44,23.068,-571.43,-270.71,-100,6.4783,-Inf,0
157.19,10.127,-641,-339.44,23.068,-571.43,-270.71,-100,6.7826,-Inf,0
157.19,10.127,-641,-339.44,23.068,-571.43,-270.71,-100,7.087,-Inf,0
157.19,10.127,-641,-339.44,23.068,-571.43,-270.71,-100,7.3913,-Inf,0
157.19,10.127,-641,-339.44,23.068,-571.43,-270.71,-100,7.6957,-Inf,0
157.19,10.127,-641,-339.44,23.068,-571.43,-270.71,-100,8,-Inf,0
100.47,5.9517,-641,-339.44,23.068,-571.43,-270.71,0,1,-450.59,1
100.47,5.9517,-641,-339.44,23.068,-571.43,-270.71,0,1.3043,-386.16,1
100.47,5.9517,-641,-339.44,23.068,-571.43,-270.71,0,1.6087,-337.5,1
100.47,5.9517,-641,-339.44,23.068,-571.43,-270.71,0,1.913,-301.24,1
100.47,5.9517,-641,-339.44,23.068,-571.43,-270.71,0,2.2174,-275.15,1
100.47,5.9517,-641,-339.44,23.068,-571.43,-270.71,0,2.5217,-257.87,1
100.47,5.9517,-641,-339.44,23.068,-571.43,-270.71,0,2.8261,-248.68,1
100.47,5.9517,-641,-339.44,23.068,-571.43,-270.71,0,3.1304,-247.48,1
100.47,5.9517,-641,-339.44,23.068,-571.43,-270.71,0,3.4348,-254.81,1
100.47,5.9517,-641,-339.44,23.068,-571.43,-270.71,0,3.7391,-272.14,1
100.47,5.9517,-641,-339.44,23.068,-571.43,-270.71,0,4.0435,-302.36,1
100.47,5.9517,-641,-339.44,23.068,-571.43,-270.71,0,4.3478,-351.08,1
100.47,5.9517,-641,-339.44,23.068,-571.43,-270.71,0,4.6522,-429.8,1
100.47,5.9517,-641,-339.44,23.068,-571.43,-270.71,0,4.9565,-565.39,1
100.47,5.9517,-641,-339.44,23.068,-571.43,-270.71,0,5.2609,-837.41,1
100.47,5.9517,-641,-339.44,23.068,-571.43,-270.71,0,5.5652,-Inf,1
100.47,5.9517,-641,-339.44,23.068,-571.43,-270.71,0,5.8696,-Inf,1
100.47,5.9517,-641,-339.44,23.068,-571.43,-270.71,0,6.1739,-Inf,1
100.47,5.9517,-641,-339.44,23.068,-571.43,-270.71,0,6.4783,-Inf,1
100.47,5.9517,-641,-339.44,23.068,-571.43,-270.71,0,6.7826,-Inf,1
100.47,5.9517,-641,-339.44,23.068,-571.43,-270.71,0,7.087,-Inf,1
100.47,5.9517,-641,-339.44,23.068,-571.43,-270.71,0,7.3913,-Inf,1
100.47,5.9517,-641,-339.44,23.068,-571.43,-270.71,0,7.6957,-Inf,1
100.47,5.9517,-641,-339.44,23.068,-571.43,-270.71,0,8,-Inf,1
124.42,3.7683,-641,-339.44,23.068,-571.43,-270.71,100,1,-516.16,1
124.42,3.7683,-641,-339.44,23.068,-571.43,-270.71,100,1.3043,-438.11,1
124.42,3.7683,-641,-339.44,23.068,-571.43,-270.71,100,1.6087,-379.08,1
124.42,3.7683,-641,-339.44,23.068,-571.43,-270.71,100,1.913,-334.32,1
124.42,3.7683,-641,-339.44,23.068,-571.43,-270.71,100,2.2174,-300.73,1
124.42,3.7683,-641,-339.44,23.068,-571.43,-270.71,100,2.5217,-276.28,1
124.42,3.7683,-641,-339.44,23.068,-571.43,-270.71,100,2.8261,-259.67,1
124.42,3.7683,-641,-339.44,23.068,-571.43,-270.71,100,3.1304,-250.23,1
124.42,3.7683,-641,-339.44,23.068,-571.43,-270.71,100,3.4348,-247.82,1
124.42,3.7683,-641,-339.44,23.068,-571.43,-270.71,100,3.7391,-252.91,1
124.42,3.7683,-641,-339.44,23.068,-571.43,-270.71,100,4.0435,-266.78,1
124.42,3.7683,-641,-339.44,23.068,-571.43,-270.71,100,4.3478,-292.07,1
124.42,3.7683,-641,-339.44,23.068,-571.43,-270.71,100,4.6522,-333.99,1
124.42,3.7683,-641,-339.44,23.068,-571.43,-270.71,100,4.9565,-403.5,1
124.42,3.7683,-641,-339.44,23.068,-571.43,-270.71,100,5.2609,-527.46,1
124.42,3.7683,-641,-339.44,23.068,-571.43,-270.71,100,5.5652,-791.09,1
124.42,3.7683,-641,-339.44,23.068,-571.43,-270.71,100,5.8696,-Inf,1
124.42,3.7683,-641,-339.44,23.068,-571.43,-270.71,100,6.1739,-Inf,1
124.42,3.7683,-641,-339.44,23.068,-571.43,-270.71,100,6.4783,-Inf,1
124.42,3.7683,-641,-339.44,23.068,-571.43,-270.71,100,6.7826,-Inf,1
124.42,3.7683,-641,-339.44,23.068,-571.43,-270.71,100,7.087,-Inf,1
124.42,3.7683,-641,-339.44,23.068,-571.43,-270.71,100,7.3913,-Inf,1
124.42,3.7683,-641,-339.44,23.068,-571.43,-270.71,100,7.6957,-Inf,1
124.42,3.7683,-641,-339.44,23.068,-571.43,-270.71,100,8,-Inf,1
202.16,8.2867,-641,-339.44,23.068,-571.43,-270.71,200,1,-627.25,1
202.16,8.2867,-641,-339.44,23.068,-571.43,-270.71,200,1.3043,-522.96,1
202.16,8.2867,-641,-339.44,23.068,-571.43,-270.71,200,1.6087,-445.21,1
202.16,8.2867,-641,-339.44,23.068,-571.43,-270.71,200,1.913,-386.41,1
202.16,8.2867,-641,-339.44,23.068,-571.43,-270.71,200,2.2174,-341.67,1
202.16,8.2867,-641,-339.44,23.068,-571.43,-270.71,200,2.5217,-307.8,1
202.16,8.2867,-641,-339.44,23.068,-571.43,-270.71,200,2.8261,-282.67,1
202.16,8.2867,-641,-339.44,23.068,-571.43,-270.71,200,3.1304,-264.95,1
202.16,8.2867,-641,-339.44,23.068,-571.43,-270.71,200,3.4348,-253.85,1
202.16,8.2867,-641,-339.44,23.068,-571.43,-270.71,200,3.7391,-249.12,1
202.16,8.2867,-641,-339.44,23.068,-571.43,-270.71,200,4.0435,-251.04,1
202.16,8.2867,-641,-339.44,23.068,-571.43,-270.71,200,4.3478,-260.63,1
202.16,8.2867,-641,-339.44,23.068,-571.43,-270.71,200,4.6522,-280.08,1
202.16,8.2867,-641,-339.44,23.068,-571.43,-270.71,200,4.9565,-313.83,1
202.16,8.2867,-641,-339.44,23.068,-571.43,-270.71,200,5.2609,-371.43,1
202.16,8.2867,-641,-339.44,23.068,-571.43,-270.71,200,5.5652,-476.63,1
202.16,8.2867,-641,-339.44,23.068,-571.43,-270.71,200,5.8696,-706.99,1
202.16,8.2867,-641,-339.44,23.068,-571.43,-270.71,200,6.1739,-Inf,1
202.16,8.2867,-641,-339.44,23.068,-571.43,-270.71,200,6.4783,-Inf,1
202.16,8.2867,-641,-339.44,23.068,-571.43,-270.71,200,6.7826,-Inf,1
202.16,8.2867,-641,-339.44,23.068,-571.43,-270.71,200,7.087,-Inf,1
202.16,8.2867,-641,-339.44,23.068,-571.43,-270.71,200,7.3913,-Inf,1
202.16,8.2867,-641,-339.44,23.068,-571.43,-270.71,200,7.6957,-Inf,1
202.16,8.2867,-641,-339.44,23.068,-571.43,-270.71,200,8,-Inf,1
293.69,15.408,-641,-339.44,23.068,-571.43,-270.71,300,1,-814.48,1
293.69,15.408,-641,-339.44,23.068,-571.43,-270.71,300,1.3043,-659.65,1
293.69,15.408,-641,-339.44,23.068,-571.43,-270.71,300,1.6087,-548.33,1
293.69,15.408,-641,-339.44,23.068,-571.43,-270.71,300,1.913,-466.1,1
293.69,15.408,-641,-339.44,23.068,-571.43,-270.71,300,2.2174,-404.2,1
293.69,15.408,-641,-339.44,23.068,-571.43,-270.71,300,2.5217,-357.11,1
293.69,15.408,-641,-339.44,23.068,-571.43,-270.71,300,2.8261,-321.2,1
293.69,15.408,-641,-339.44,23.068,-571.43,-270.71,300,3.1304,-294.08,1
293.69,15.408,-641,-339.44,23.068,-571.43,-270.71,300,3.4348,-274.2,1
293.69,15.408,-641,-339.44,23.068,-571.43,-270.71,300,3.7391,-260.6,1
293.69,15.408,-641,-339.44,23.068,-571.43,-270.71,300,4.0435,-252.8,1
293.69,15.408,-641,-339.44,23.068,-571.43,-270.71,300,4.3478,-250.84,1
293.69,15.408,-641,-339.44,23.068,-571.43,-270.71,300,4.6522,-255.35,1
293.69,15.408,-641,-339.44,23.068,-571.43,-270.71,300,4.9565,-267.92,1
293.69,15.408,-641,-339.44,23.068,-571.43,-270.71,300,5.2609,-291.84,1
293.69,15.408,-641,-339.44,23.068,-571.43,-270.71,300,5.5652,-334.28,1
293.69,15.408,-641,-339.44,23.068,-571.43,-270.71,300,5.8696,-412.98,1
293.69,15.408,-641,-339.44,23.068,-571.43,-270.71,300,6.1739,-584.29,1
293.69,15.408,-641,-339.44,23.068,-571.43,-270.71,300,6.4783,-1150.4,1
293.69,15.408,-641,-339.44,23.068,-571.43,-270.71,300,6.7826,-Inf,1
293.69,15.408,-641,-339.44,23.068,-571.43,-270.71,300,7.087,-Inf,1
293.69,15.408,-641,-339.44,23.068,-571.43,-270.71,300,7.3913,-Inf,1
293.69,15.408,-641,-339.44,23.068,-571.43,-270.71,300,7.6957,-Inf,1
293.69,15.408,-641,-339.44,23.068,-571.43,-270.71,300,8,-Inf,1
365.85,19.508,-641,-339.44,23.068,-571.43,-182.5,-300,1,-347.62,0
365.85,19.508,-641,-339.44,23.068,-571.43,-182.5,-300,1.3043,-300.66,0
365.85,19.508,-641,-339.44,23.068,-571.43,-182.5,-300,1.6087,-268.52,0
365.85,19.508,-641,-339.44,23.068,-571.43,-182.5,-300,1.913,-249.48,0
365.85,19.508,-641,-339.44,23.068,-571.43,-182.5,-300,2.2174,-242.79,0
365.85,19.508,-641,-339.44,23.068,-571.43,-182.5,-300,2.5217,-248.59,0
365.85,19.508,-641,-339.44,23.068,-571.43,-182.5,-300,2.8261,-268.03,0
365.85,19.508,-641,-339.44,23.068,-571.43,-182.5,-300,3.1304,-303.64,0
365.85,19.508,-641,-339.44,23.068,-571.43,-182.5,-300,3.4348,-360.14,0
365.85,19.508,-641,-339.44,23.068,-571.43,-182.5,-300,3.7391,-446.27,0
365.85,19.508,-641,-339.44,23.068,-571.43,-182.5,-300,4.0435,-579.13,0
365.85,19.508,-641,-339.44,23.068,-571.43,-182.5,-300,4.3478,-796.4,0
365.85,19.508,-641,-339.44,23.068,-571.43,-182.5,-300,4.6522,-1199.7,0
365.85,19.508,-641,-339.44,23.068,-571.43,-182.5,-300,4.9565,-Inf,0
365.85,19.508,-641,-339.44,23.068,-571.43,-182.5,-300,5.2609,-Inf,0
365.85,19.508,-641,-339.44,23.068,-571.43,-182.5,-300,5.5652,-Inf,0
365.85,19.508,-641,-339.44,23.068,-571.43,-182.5,-300,5.8696,-Inf,0
365.85,19.508,-641,-339.44,23.068,-571.43,-182.5,-300,6.1739,-Inf,0
365.85,19.508,-641,-339.44,23.068,-571.43,-182.5,-300,6.4783,-Inf,0
365.85,19.508,-641,-339.44,23.068,-571.43,-182.5,-300,6.7826,-Inf,0
365.85,19.508,-641,-339.44,23.068,-571.43,-182.5,-300,7.087,-Inf,0
365.85,19.508,-641,-339.44,23.068,-571.43,-182.5,-300,7.3913,-Inf,0
365.85,19.508,-641,-339.44,23.068,-571.43,-182.5,-300,7.6957,-Inf,0
365.85,19.508,-641,-339.44,23.068,-571.43,-182.5,-300,8,-Inf,0
281.48,16.707,-641,-339.44,23.068,-571.43,-182.5,-200,1,-369.56,0
281.48,16.707,-641,-339.44,23.068,-571.43,-182.5,-200,1.3043,-319.46,0
281.48,16.707,-641,-339.44,23.068,-571.43,-182.5,-200,1.6087,-283.41,0
281.48,16.707,-641,-339.44,23.068,-571.43,-182.5,-200,1.913,-259.35,0
281.48,16.707,-641,-339.44,23.068,-571.43,-182.5,-200,2.2174,-246.11,0
281.48,16.707,-641,-339.44,23.068,-571.43,-182.5,-200,2.5217,-243.31,0
281.48,16.707,-641,-339.44,23.068,-571.43,-182.5,-200,2.8261,-251.35,0
281.48,16.707,-641,-339.44,23.068,-571.43,-182.5,-200,3.1304,-271.62,0
281.48,16.707,-641,-339.44,23.068,-571.43,-182.5,-200,3.4348,-306.87,0
281.48,16.707,-641,-339.44,23.068,-571.43,-182.5,-200,3.7391,-362.31,0
281.48,16.707,-641,-339.44,23.068,-571.43,-182.5,-200,4.0435,-447.78,0
281.48,16.707,-641,-339.44,23.068,-571.43,-182.5,-200,4.3478,-583.73,0
281.48,16.707,-641,-339.44,23.068,-571.43,-182.5,-200,4.6522,-819.59,0
281.48,16.707,-641,-339.44,23.068,-571.43,-182.5,-200,4.9565,-1311.9,0
281.48,16.707,-641,-339.44,23.068,-571.43,-182.5,-200,5.2609,-Inf,0
281.48,16.707,-641,-339.44,23.068,-571.43,-182.5,-200,5.5652,-Inf,0
281.48,16.707,-641,-339.44,23.068,-571.43,-182.5,-200,5.8696,-Inf,0
281.48,16.707,-641,-339.44,23.068,-571.43,-182.5,-200,6.1739,-Inf,0
281.48,16.707,-641,-339.44,23.068,-571.43,-182.5,-200,6.4783,-Inf,0
281.48,16.707,-641,-339.44,23.068,-571.43,-182.5,-200,6.7826,-Inf,0
281.48,16.707,-641,-339.44,23.068,-571.43,-182.5,-200,7.087,-Inf,0
281.48,16.707,-641,-339.44,23.068,-571.43,-182.5,-200,7.3913,-Inf,0
281.48,16.707,-641,-339.44,23.068,-571.43,-182.5,-200,7.6957,-Inf,0
281.48,16.707,-641,-339.44,23.068,-571.43,-182.5,-200,8,-Inf,0
211.22,13.764,-641,-339.44,23.068,-571.43,-182.5,-100,1,-397.95,0
211.22,13.764,-641,-339.44,23.068,-571.43,-182.5,-100,1.3043,-343.48,0
211.22,13.764,-641,-339.44,23.068,-571.43,-182.5,-100,1.6087,-303.03,0
211.22,13.764,-641,-339.44,23.068,-571.43,-182.5,-100,1.913,-274.08,0
211.22,13.764,-641,-339.44,23.068,-571.43,-182.5,-100,2.2174,-255.04,0
211.22,13.764,-641,-339.44,23.068,-571.43,-182.5,-100,2.5217,-245.07,0
211.22,13.764,-641,-339.44,23.068,-571.43,-182.5,-100,2.8261,-244.01,0
211.22,13.764,-641,-339.44,23.068,-571.43,-182.5,-100,3.1304,-252.37,0
211.22,13.764,-641,-339.44,23.068,-571.43,-182.5,-100,3.4348,-271.6,0
211.22,13.764,-641,-339.44,23.068,-571.43,-182.5,-100,3.7391,-304.57,0
211.22,13.764,-641,-339.44,23.068,-571.43,-182.5,-100,4.0435,-356.7,0
211.22,13.764,-641,-339.44,23.068,-571.43,-182.5,-100,4.3478,-438.64,0
211.22,13.764,-641,-339.44,23.068,-571.43,-182.5,-100,4.6522,-573.92,0
211.22,13.764,-641,-339.44,23.068,-571.43,-182.5,-100,4.9565,-825.33,0
211.22,13.764,-641,-339.44,23.068,-571.43,-182.5,-100,5.2609,-1432,0
211.22,13.764,-641,-339.44,23.068,-571.43,-182.5,-100,5.5652,-Inf,0
211.22,13.764,-641,-339.44,23.068,-571.43,-182.5,-100,5.8696,-Inf,0
211.22,13.764,-641,-339.44,23.068,-571.43,-182.5,-100,6.1739,-Inf,0
211.22,13.764,-641,-339.44,23.068,-571.43,-182.5,-100,6.4783,-Inf,0
211.22,13.764,-641,-339.44,23.068,-571.43,-182.5,-100,6.7826,-Inf,0
211.22,13.764,-641,-339.44,23.068,-571.43,-182.5,-100,7.087,-Inf,0
211.22,13.764,-641,-339.44,23.068,-571.43,-182.5,-100,7.3913,-Inf,0
211.22,13.764,-641,-339.44,23.068,-571.43,-182.5,-100,7.6957,-Inf,0
211.22,13.764,-641,-339.44,23.068,-571.43,-182.5,-100,8,-Inf,0
173.21,11.173,-641,-339.44,23.068,-571.43,-182.5,0,1,-437.66,0
173.21,11.173,-641,-339.44,23.068,-571.43,-182.5,0,1.3043,-376.19,0
173.21,11.173,-641,-339.44,23.068,-571.43,-182.5,0,1.6087,-329.79,0
173.21,11.173,-641,-339.44,23.068,-571.43,-182.5,0,1.913,-295.22,0
173.21,11.173,-641,-339.44,23.068,-571.43,-182.5,0,2.2174,-270.39,0
173.21,11.173,-641,-339.44,23.068,-571.43,-182.5,0,2.5217,-253.99,0
173.21,11.173,-641,-339.44,23.068,-571.43,-182.5,0,2.8261,-245.34,0
173.21,11.173,-641,-339.44,23.068,-571.43,-182.5,0,3.1304,-244.35,0
173.21,11.173,-641,-339.44,23.068,-571.43,-182.5,0,3.4348,-251.54,0
173.21,11.173,-641,-339.44,23.068,-571.43,-182.5,0,3.7391,-268.32,0
173.21,11.173,-641,-339.44,23.068,-571.43,-182.5,0,4.0435,-297.44,0
173.21,11.173,-641,-339.44,23.068,-571.43,-182.5,0,4.3478,-344.24,0
173.21,11.173,-641,-339.44,23.068,-571.43,-182.5,0,4.6522,-419.62,0
173.21,11.173,-641,-339.44,23.068,-571.43,-182.5,0,4.9565,-548.99,0
173.21,11.173,-641,-339.44,23.068,-571.43,-182.5,0,5.2609,-806.93,0
173.21,11.173,-641,-339.44,23.068,-571.43,-182.5,0,5.5652,-1536.4,0
173.21,11.173,-641,-339.44,23.068,-571.43,-182.5,0,5.8696,-Inf,0
173.21,11.173,-641,-339.44,23.068,-571.43,-182.5,0,6.1739,-Inf,0
173.21,11.173,-641,-339.44,23.068,-571.43,-182.5,0,6.4783,-Inf,0
173.21,11.173,-641,-339.44,23.068,-571.43,-182.5,0,6.7826,-Inf,0
173.21,11.173,-641,-339.44,23.068,-571.43,-182.5,0,7.087,-Inf,0
173.21,11.173,-641,-339.44,23.068,-571.43,-182.5,0,7.3913,-Inf,0
173.21,11.173,-641,-339.44,23.068,-571.43,-182.5,0,7.6957,-Inf,0
173.21,11.173,-641,-339.44,23.068,-571.43,-182.5,0,8,-Inf,0
188.12,10.299,-641,-339.44,23.068,-571.43,-182.5,100,1,-498.66,1
188.12,10.299,-641,-339.44,23.068,-571.43,-182.5,100,1.3043,-424.72,1
188.12,10.299,-641,-339.44,23.068,-571.43,-182.5,100,1.6087,-368.78,1
188.12,10.299,-641,-339.44,23.068,-571.43,-182.5,100,1.913,-326.36,1
188.12,10.299,-641,-339.44,23.068,-571.43,-182.5,100,2.2174,-294.54,1
188.12,10.299,-641,-339.44,23.068,-571.43,-182.5,100,2.5217,-271.38,1
188.12,10.299,-641,-339.44,23.068,-571.43,-182.5,100,2.8261,-255.68,1
188.12,10.299,-641,-339.44,23.068,-571.43,-182.5,100,3.1304,-246.8,1
188.12,10.299,-641,-339.44,23.068,-571.43,-182.5,100,3.4348,-244.6,1
188.12,10.299,-641,-339.44,23.068,-571.43,-182.5,100,3.7391,-249.53,1
188.12,10.299,-641,-339.44,23.068,-571.43,-182.5,100,4.0435,-262.8,1
188.12,10.299,-641,-339.44,23.068,-571.43,-182.5,100,4.3478,-286.91,1
188.12,10.299,-641,-339.44,23.068,-571.43,-182.5,100,4.6522,-326.74,1
188.12,10.299,-641,-339.44,23.068,-571.43,-182.5,100,4.9565,-392.62,1
188.12,10.299,-641,-339.44,23.068,-571.43,-182.5,100,5.2609,-509.63,1
188.12,10.299,-641,-339.44,23.068,-571.43,-182.5,100,5.5652,-756.76,1
188.12,10.299,-641,-339.44,23.068,-571.43,-182.5,100,5.8696,-Inf,1
188.12,10.299,-641,-339.44,23.068,-571.43,-182.5,100,6.1739,-Inf,1
188.12,10.299,-641,-339.44,23.068,-571.43,-182.5,100,6.4783,-Inf,1
188.12,10.299,-641,-339.44,23.068,-571.43,-182.5,100,6.7826,-Inf,1
188.12,10.299,-641,-339.44,23.068,-571.43,-182.5,100,7.087,-Inf,1
188.12,10.299,-641,-339.44,23.068,-571.43,-182.5,100,7.3913,-Inf,1
188.12,10.299,-641,-339.44,23.068,-571.43,-182.5,100,7.6957,-Inf,1
188.12,10.299,-641,-339.44,23.068,-571.43,-182.5,100,8,-Inf,1
246.53,12.783,-641,-339.44,23.068,-571.43,-182.5,200,1,-601.25,1
246.53,12.783,-641,-339.44,23.068,-571.43,-182.5,200,1.3043,-503.31,1
246.53,12.783,-641,-339.44,23.068,-571.43,-182.5,200,1.6087,-430.25,1
246.53,12.783,-641,-339.44,23.068,-571.43,-182.5,200,1.913,-374.95,1
246.53,12.783,-641,-339.44,23.068,-571.43,-182.5,200,2.2174,-332.86,1
246.53,12.783,-641,-339.44,23.068,-571.43,-182.5,200,2.5217,-300.98,1
246.53,12.783,-641,-339.44,23.068,-571.43,-182.5,200,2.8261,-277.34,1
246.53,12.783,-641,-339.44,23.068,-571.43,-182.5,200,3.1304,-260.66,1
246.53,12.783,-641,-339.44,23.068,-571.43,-182.5,200,3.4348,-250.22,1
246.53,12.783,-641,-339.44,23.068,-571.43,-182.5,200,3.7391,-245.77,1
246.53,12.783,-641,-339.44,23.068,-571.43,-182.5,200,4.0435,-247.58,1
246.53,12.783,-641,-339.44,23.068,-571.43,-182.5,200,4.3478,-256.61,1
246.53,12.783,-641,-339.44,23.068,-571.43,-182.5,200,4.6522,-274.89,1
246.53,12.783,-641,-339.44,23.068,-571.43,-182.5,200,4.9565,-306.54,1
246.53,12.783,-641,-339.44,23.068,-571.43,-182.5,200,5.2609,-360.44,1
246.53,12.783,-641,-339.44,23.068,-571.43,-182.5,200,5.5652,-458.54,1
246.53,12.783,-641,-339.44,23.068,-571.43,-182.5,200,5.8696,-671.91,1
246.53,12.783,-641,-339.44,23.068,-571.43,-182.5,200,6.1739,-Inf,1
246.53,12.783,-641,-339.44,23.068,-571.43,-182.5,200,6.4783,-Inf,1
246.53,12.783,-641,-339.44,23.068,-571.43,-182.5,200,6.7826,-Inf,1
246.53,12.783,-641,-339.44,23.068,-571.43,-182.5,200,7.087,-Inf,1
246.53,12.783,-641,-339.44,23.068,-571.43,-182.5,200,7.3913,-Inf,1
246.53,12.783,-641,-339.44,23.068,-571.43,-182.5,200,7.6957,-Inf,1
246.53,12.783,-641,-339.44,23.068,-571.43,-182.5,200,8,-Inf,1
325.82,18.34,-641,-339.44,23.068,-571.43,-182.5,300,1,-772.75,1
325.82,18.34,-641,-339.44,23.068,-571.43,-182.5,300,1.3043,-628.84,1
325.82,18.34,-641,-339.44,23.068,-571.43,-182.5,300,1.6087,-525.25,1
325.82,18.34,-641,-339.44,23.068,-571.43,-182.5,300,1.913,-448.64,1
325.82,18.34,-641,-339.44,23.068,-571.43,-182.5,300,2.2174,-390.93,1
325.82,18.34,-641,-339.44,23.068,-571.43,-182.5,300,2.5217,-346.98,1
325.82,18.34,-641,-339.44,23.068,-571.43,-182.5,300,2.8261,-313.44,1
325.82,18.34,-641,-339.44,23.068,-571.43,-182.5,300,3.1304,-288.09,1
325.82,18.34,-641,-339.44,23.068,-571.43,-182.5,300,3.4348,-269.49,1
325.82,18.34,-641,-339.44,23.068,-571.43,-182.5,300,3.7391,-256.74,1
325.82,18.34,-641,-339.44,23.068,-571.43,-182.5,300,4.0435,-249.39,1
325.82,18.34,-641,-339.44,23.068,-571.43,-182.5,300,4.3478,-247.48,1
325.82,18.34,-641,-339.44,23.068,-571.43,-182.5,300,4.6522,-251.59,1
325.82,18.34,-641,-339.44,23.068,-571.43,-182.5,300,4.9565,-263.16,1
325.82,18.34,-641,-339.44,23.068,-571.43,-182.5,300,5.2609,-285.21,1
325.82,18.34,-641,-339.44,23.068,-571.43,-182.5,300,5.5652,-324.34,1
325.82,18.34,-641,-339.44,23.068,-571.43,-182.5,300,5.8696,-396.7,1
325.82,18.34,-641,-339.44,23.068,-571.43,-182.5,300,6.1739,-553.45,1
325.82,18.34,-641,-339.44,23.068,-571.43,-182.5,300,6.4783,-1064.6,1
325.82,18.34,-641,-339.44,23.068,-571.43,-182.5,300,6.7826,-Inf,1
325.82,18.34,-641,-339.44,23.068,-571.43,-182.5,300,7.087,-Inf,1
325.82,18.34,-641,-339.44,23.068,-571.43,-182.5,300,7.3913,-Inf,1
325.82,18.34,-641,-339.44,23.068,-571.43,-182.5,300,7.6957,-Inf,1
325.82,18.34,-641,-339.44,23.068,-571.43,-182.5,300,8,-Inf,1
591.85,29.357,-641,-339.44,23.068,-457.14,-800,-300,1,-788.24,1
591.85,29.357,-641,-339.44,23.068,-457.14,-800,-300,1.3043,-725.68,1
591.85,29.357,-641,-339.44,23.068,-457.14,-800,-300,1.6087,-688.13,1
591.85,29.357,-641,-339.44,23.068,-457.14,-800,-300,1.913,-674.04,1
591.85,29.357,-641,-339.44,23.068,-457.14,-800,-300,2.2174,-683.61,1
591.85,29.357,-641,-339.44,23.068,-457.14,-800,-300,2.5217,-718.95,1
591.85,29.357,-641,-339.44,23.068,-457.14,-800,-300,2.8261,-784.76,1
591.85,29.357,-641,-339.44,23.068,-457.14,-800,-300,3.1304,-889.84,1
591.85,29.357,-641,-339.44,23.068,-457.14,-800,-300,3.4348,-1050.4,1
591.85,29.357,-641,-339.44,23.068,-457.14,-800,-300,3.7391,-1297.8,1
591.85,29.357,-641,-339.44,23.068,-457.14,-800,-300,4.0435,-1700.7,1
591.85,29.357,-641,-339.44,23.068,-457.14,-800,-300,4.3478,-2441.1,1
591.85,29.357,-641,-339.44,23.068,-457.14,-800,-300,4.6522,-Inf,1
591.85,29.357,-641,-339.44,23.068,-457.14,-800,-300,4.9565,-Inf,1
591.85,29.357,-641,-339.44,23.068,-457.14,-800,-300,5.2609,-Inf,1
591.85,29.357,-641,-339.44,23.068,-457.14,-800,-300,5.5652,-Inf,1
591.85,29.357,-641,-339.44,23.068,-457.14,-800,-300,5.8696,-Inf,1
591.85,29.357,-641,-339.44,23.068,-457.14,-800,-300,6.1739,-Inf,1
591.85,29.357,-641,-339.44,23.068,-457.14,-800,-300,6.4783,-Inf,1
591.85,29.357,-641,-339.44,23.068,-457.14,-800,-300,6.7826,-Inf,1
591.85,29.357,-641,-339.44,23.068,-457.14,-800,-300,7.087,-Inf,1
591.85,29.357,-641,-339.44,23.068,-457.14,-800,-300,7.3913,-Inf,1
591.85,29.357,-641,-339.44,23.068,-457.14,-800,-300,7.6957,-Inf,1
591.85,29.357,-641,-339.44,23.068,-457.14,-800,-300,8,-Inf,1
543.76,29.262,-641,-339.44,23.068,-457.14,-800,-200,1,-863.52,1
543.76,29.262,-641,-339.44,23.068,-457.14,-800,-200,1.3043,-787.35,1
543.76,29.262,-641,-339.44,23.068,-457.14,-800,-200,1.6087,-736.57,1
543.76,29.262,-641,-339.44,23.068,-457.14,-800,-200,1.913,-708.72,1
543.76,29.262,-641,-339.44,23.068,-457.14,-800,-200,2.2174,-703,1
543.76,29.262,-641,-339.44,23.068,-457.14,-800,-200,2.5217,-720.3,1
543.76,29.262,-641,-339.44,23.068,-457.14,-800,-200,2.8261,-763.61,1
543.76,29.262,-641,-339.44,23.068,-457.14,-800,-200,3.1304,-838.93,1
543.76,29.262,-641,-339.44,23.068,-457.14,-800,-200,3.4348,-957.4,1
543.76,29.262,-641,-339.44,23.068,-457.14,-800,-200,3.7391,-1140.1,1
543.76,29.262,-641,-339.44,23.068,-457.14,-800,-200,4.0435,-1430.8,1
543.76,29.262,-641,-339.44,23.068,-457.14,-800,-200,4.3478,-1934.5,1
543.76,29.262,-641,-339.44,23.068,-457.14,-800,-200,4.6522,-Inf,1
543.76,29.262,-641,-339.44,23.068,-457.14,-800,-200,4.9565,-Inf,1
543.76,29.262,-641,-339.44,23.068,-457.14,-800,-200,5.2609,-Inf,1
543.76,29.262,-641,-339.44,23.068,-457.14,-800,-200,5.5652,-Inf,1
543.76,29.262,-641,-339.44,23.068,-457.14,-800,-200,5.8696,-Inf,1
543.76,29.262,-641,-339.44,23.068,-457.14,-800,-200,6.1739,-Inf,1
543.76,29.262,-641,-339.44,23.068,-457.14,-800,-200,6.4783,-Inf,1
543.76,29.262,-641,-339.44,23.068,-457.14,-800,-200,6.7826,-Inf,1
543.76,29.262,-641,-339.44,23.068,-457.14,-800,-200,7.087,-Inf,1
543.76,29.262,-641,-339.44,23.068,-457.14,-800,-200,7.3913,-Inf,1
543.76,29.262,-641,-339.44,23.068,-457.14,-800,-200,7.6957,-Inf,1
543.76,29.262,-641,-339.44,23.068,-457.14,-800,-200,8,-Inf,1
510.94,29.631,-641,-339.44,23.068,-457.14,-800,-100,1,-972.78,1
510.94,29.631,-641,-339.44,23.068,-457.14,-800,-100,1.3043,-877.57,1
510.94,29.631,-641,-339.44,23.068,-457.14,-800,-100,1.6087,-809.79,1
510.94,29.631,-641,-339.44,23.068,-457.14,-800,-100,1.913,-765.73,1
510.94,29.631,-641,-339.44,23.068,-457.14,-800,-100,2.2174,-743.46,1
510.94,29.631,-641,-339.44,23.068,-457.14,-800,-100,2.5217,-742.67,1
510.94,29.631,-641,-339.44,23.068,-457.14,-800,-100,2.8261,-764.8,1
510.94,29.631,-641,-339.44,23.068,-457.14,-800,-100,3.1304,-813.57,1
510.94,29.631,-641,-339.44,23.068,-457.14,-800,-100,3.4348,-896.27,1
510.94,29.631,-641,-339.44,23.068,-457.14,-800,-100,3.7391,-1026.6,1
510.94,29.631,-641,-339.44,23.068,-457.14,-800,-100,4.0435,-1231.4,1
510.94,29.631,-641,-339.44,23.068,-457.14,-800,-100,4.3478,-1570.4,1
510.94,29.631,-641,-339.44,23.068,-457.14,-800,-100,4.6522,-2203.5,1
510.94,29.631,-641,-339.44,23.068,-457.14,-800,-100,4.9565,-Inf,1
510.94,29.631,-641,-339.44,23.068,-457.14,-800,-100,5.2609,-Inf,1
510.94,29.631,-641,-339.44,23.068,-457.14,-800,-100,5.5652,-Inf,1
510.94,29.631,-641,-339.44,23.068,-457.14,-800,-100,5.8696,-Inf,1
510.94,29.631,-641,-339.44,23.068,-457.14,-800,-100,6.1739,-Inf,1
510.94,29.631,-641,-339.44,23.068,-457.14,-800,-100,6.4783,-Inf,1
510.94,29.631,-641,-339.44,23.068,-457.14,-800,-100,6.7826,-Inf,1
510.94,29.631,-641,-339.44,23.068,-457.14,-800,-100,7.087,-Inf,1
510.94,29.631,-641,-339.44,23.068,-457.14,-800,-100,7.3913,-Inf,1
510.94,29.631,-641,-339.44,23.068,-457.14,-800,-100,7.6957,-Inf,1
510.94,29.631,-641,-339.44,23.068,-457.14,-800,-100,8,-Inf,1
496.44,30.632,-641,-339.44,23.068,-457.14,-800,0,1,-1139.9,1
496.44,30.632,-641,-339.44,23.068,-457.14,-800,0,1.3043,-1015.3,1
496.44,30.632,-641,-339.44,23.068,-457.14,-800,0,1.6087,-922.99,1
496.44,30.632,-641,-339.44,23.068,-457.14,-800,0,1.913,-857.38,1
496.44,30.632,-641,-339.44,23.068,-457.14,-800,0,2.2174,-814.99,1
496.44,30.632,-641,-339.44,23.068,-457.14,-800,0,2.5217,-794.11,1
496.44,30.632,-641,-339.44,23.068,-457.14,-800,0,2.8261,-794.66,1
496.44,30.632,-641,-339.44,23.068,-457.14,-800,0,3.1304,-818.42,1
496.44,30.632,-641,-339.44,23.068,-457.14,-800,0,3.4348,-869.66,1
496.44,30.632,-641,-339.44,23.068,-457.14,-800,0,3.7391,-956.77,1
496.44,30.632,-641,-339.44,23.068,-457.14,-800,0,4.0435,-1095.8,1
496.44,30.632,-641,-339.44,23.068,-457.14,-800,0,4.3478,-1319.5,1
496.44,30.632,-641,-339.44,23.068,-457.14,-800,0,4.6522,-1705.1,1
496.44,30.632,-641,-339.44,23.068,-457.14,-800,0,4.9565,-Inf,1
496.44,30.632,-641,-339.44,23.068,-457.14,-800,0,5.2609,-Inf,1
496.44,30.632,-641,-339.44,23.068,-457.14,-800,0,5.5652,-Inf,1
496.44,30.632,-641,-339.44,23.068,-457.14,-800,0,5.8696,-Inf,1
496.44,30.632,-641,-339.44,23.068,-457.14,-800,0,6.1739,-Inf,1
496.44,30.632,-641,-339.44,23.068,-457.14,-800,0,6.4783,-Inf,1
496.44,30.632,-641,-339.44,23.068,-457.14,-800,0,6.7826,-Inf,1
496.44,30.632,-641,-339.44,23.068,-457.14,-800,0,7.087,-Inf,1
496.44,30.632,-641,-339.44,23.068,-457.14,-800,0,7.3913,-Inf,1
496.44,30.632,-641,-339.44,23.068,-457.14,-800,0,7.6957,-Inf,1
496.44,30.632,-641,-339.44,23.068,-457.14,-800,0,8,-Inf,1
501.83,32.427,-641,-339.44,23.068,-457.14,-800,100,1,-1407.7,1
501.83,32.427,-641,-339.44,23.068,-457.14,-800,100,1.3043,-1233,1
501.83,32.427,-641,-339.44,23.068,-457.14,-800,100,1.6087,-1101.4,1
501.83,32.427,-641,-339.44,23.068,-457.14,-800,100,1.913,-1003.4,1
501.83,32.427,-641,-339.44,23.068,-457.14,-800,100,2.2174,-933.04,1
501.83,32.427,-641,-339.44,23.068,-457.14,-800,100,2.5217,-886.63,1
501.83,32.427,-641,-339.44,23.068,-457.14,-800,100,2.8261,-862.27,1
501.83,32.427,-641,-339.44,23.068,-457.14,-800,100,3.1304,-859.81,1
501.83,32.427,-641,-339.44,23.068,-457.14,-800,100,3.4348,-881.05,1
501.83,32.427,-641,-339.44,23.068,-457.14,-800,100,3.7391,-930.45,1
501.83,32.427,-641,-339.44,23.068,-457.14,-800,100,4.0435,-1016.9,1
501.83,32.427,-641,-339.44,23.068,-457.14,-800,100,4.3478,-1157.9,1
501.83,32.427,-641,-339.44,23.068,-457.14,-800,100,4.6522,-1390.1,1
501.83,32.427,-641,-339.44,23.068,-457.14,-800,100,4.9565,-1803.2,1
501.83,32.427,-641,-339.44,23.068,-457.14,-800,100,5.2609,-Inf,1
501.83,32.427,-641,-339.44,23.068,-457.14,-800,100,5.5652,-Inf,1
501.83,32.427,-641,-339.44,23.068,-457.14,-800,100,5.8696,-Inf,1
501.83,32.427,-641,-339.44,23.068,-457.14,-800,100,6.1739,-Inf,1
501.83,32.427,-641,-339.44,23.068,-457.14,-800,100,6.4783,-Inf,1
501.83,32.427,-641,-339.44,23.068,-457.14,-800,100,6.7826,-Inf,1
501.83,32.427,-641,-339.44,23.068,-457.14,-800,100,7.087,-Inf,1
501.83,32.427,-641,-339.44,23.068,-457.14,-800,100,7.3913,-Inf,1
501.83,32.427,-641,-339.44,23.068,-457.14,-800,100,7.6957,-Inf,1
501.83,32.427,-641,-339.44,23.068,-457.14,-800,100,8,-Inf,1
526.52,35.126,-641,-339.44,23.068,-457.14,-800,200,1,-1830,1
526.52,35.126,-641,-339.44,23.068,-457.14,-800,200,1.3043,-1566.6,1
526.52,35.126,-641,-339.44,23.068,-457.14,-800,200,1.6087,-1368.6,1
526.52,35.126,-641,-339.44,23.068,-457.14,-800,200,1.913,-1219,1
526.52,35.126,-641,-339.44,23.068,-457.14,-800,200,2.2174,-1106.8,1
526.52,35.126,-641,-339.44,23.068,-457.14,-800,200,2.5217,-1024.6,1
526.52,35.126,-641,-339.44,23.068,-457.14,-800,200,2.8261,-968.05,1
526.52,35.126,-641,-339.44,23.068,-457.14,-800,200,3.1304,-934.56,1
526.52,35.126,-641,-339.44,23.068,-457.14,-800,200,3.4348,-923.47,1
526.52,35.126,-641,-339.44,23.068,-457.14,-800,200,3.7391,-936.12,1
526.52,35.126,-641,-339.44,23.068,-457.14,-800,200,4.0435,-976.45,1
526.52,35.126,-641,-339.44,23.068,-457.14,-800,200,4.3478,-1052.7,1
526.52,35.126,-641,-339.44,23.068,-457.14,-800,200,4.6522,-1181.4,1
526.52,35.126,-641,-339.44,23.068,-457.14,-800,200,4.9565,-1397.5,1
526.52,35.126,-641,-339.44,23.068,-457.14,-800,200,5.2609,-1787.1,1
526.52,35.126,-641,-339.44,23.068,-457.14,-800,200,5.5652,-Inf,1
526.52,35.126,-641,-339.44,23.068,-457.14,-800,200,5.8696,-Inf,1
526.52,35.126,-641,-339.44,23.068,-457.14,-800,200,6.1739,-Inf,1
526.52,35.126,-641,-339.44,23.068,-457.14,-800,200,6.4783,-Inf,1
526.52,35.126,-641,-339.44,23.068,-457.14,-800,200,6.7826,-Inf,1
526.52,35.126,-641,-339.44,23.068,-457.14,-800,200,7.087,-Inf,1
526.52,35.126,-641,-339.44,23.068,-457.14,-800,200,7.3913,-Inf,1
526.52,35.126,-641,-339.44,23.068,-457.14,-800,200,7.6957,-Inf,1
526.52,35.126,-641,-339.44,23.068,-457.14,-800,200,8,-Inf,1
567.99,38.753,-641,-339.44,23.068,-457.14,-800,300,1,-2286.5,1
567.99,38.753,-641,-339.44,23.068,-457.14,-800,300,1.3043,-1895.3,1
567.99,38.753,-641,-339.44,23.068,-457.14,-800,300,1.6087,-1609.2,1
567.99,38.753,-641,-339.44,23.068,-457.14,-800,300,1.913,-1395.9,1
567.99,38.753,-641,-339.44,23.068,-457.14,-800,300,2.2174,-1235,1
567.99,38.753,-641,-339.44,23.068,-457.14,-800,300,2.5217,-1113.4,1
567.99,38.753,-641,-339.44,23.068,-457.14,-800,300,2.8261,-1022.6,1
567.99,38.753,-641,-339.44,23.068,-457.14,-800,300,3.1304,-957.17,1
567.99,38.753,-641,-339.44,23.068,-457.14,-800,300,3.4348,-913.63,1
567.99,38.753,-641,-339.44,23.068,-457.14,-800,300,3.7391,-890.45,1
567.99,38.753,-641,-339.44,23.068,-457.14,-800,300,4.0435,-887.84,1
567.99,38.753,-641,-339.44,23.068,-457.14,-800,300,4.3478,-908.11,1
567.99,38.753,-641,-339.44,23.068,-457.14,-800,300,4.6522,-956.77,1
567.99,38.753,-641,-339.44,23.068,-457.14,-800,300,4.9565,-1045.2,1
567.99,38.753,-641,-339.44,23.068,-457.14,-800,300,5.2609,-1197.3,1
567.99,38.753,-641,-339.44,23.068,-457.14,-800,300,5.5652,-1470,1
567.99,38.753,-641,-339.44,23.068,-457.14,-800,300,5.8696,-2033.3,1
567.99,38.753,-641,-339.44,23.068,-457.14,-800,300,6.1739,-Inf,1
567.99,38.753,-641,-339.44,23.068,-457.14,-800,300,6.4783,-Inf,1
567.99,38.753,-641,-339.44,23.068,-457.14,-800,300,6.7826,-Inf,1
567.99,38.753,-641,-339.44,23.068,-457.14,-800,300,7.087,-Inf,1
567.99,38.753,-641,-339.44,23.068,-457.14,-800,300,7.3913,-Inf,1
567.99,38.753,-641,-339.44,23.068,-457.14,-800,300,7.6957,-Inf,1
567.99,38.753,-641,-339.44,23.068,-457.14,-800,300,8,-Inf,1
526.13,26.983,-641,-339.44,23.068,-457.14,-711.79,-300,1,-623.52,1
526.13,26.983,-641,-339.44,23.068,-457.14,-711.79,-300,1.3043,-571.42,1
526.13,26.983,-641,-339.44,23.068,-457.14,-711.79,-300,1.6087,-540.28,1
526.13,26.983,-641,-339.44,23.068,-457.14,-711.79,-300,1.913,-528.85,1
526.13,26.983,-641,-339.44,23.068,-457.14,-711.79,-300,2.2174,-537.26,1
526.13,26.983,-641,-339.44,23.068,-457.14,-711.79,-300,2.5217,-567.3,1
526.13,26.983,-641,-339.44,23.068,-457.14,-711.79,-300,2.8261,-622.9,1
526.13,26.983,-641,-339.44,23.068,-457.14,-711.79,-300,3.1304,-711.37,1
526.13,26.983,-641,-339.44,23.068,-457.14,-711.79,-300,3.4348,-846.2,1
526.13,26.983,-641,-339.44,23.068,-457.14,-711.79,-300,3.7391,-1053.5,1
526.13,26.983,-641,-339.44,23.068,-457.14,-711.79,-300,4.0435,-1390,1
526.13,26.983,-641,-339.44,23.068,-457.14,-711.79,-300,4.3478,-2005.2,1
526.13,26.983,-641,-339.44,23.068,-457.14,-711.79,-300,4.6522,-Inf,1
526.13,26.983,-641,-339.44,23.068,-457.14,-711.79,-300,4.9565,-Inf,1
526.13,26.983,-641,-339.44,23.068,-457.14,-711.79,-300,5.2609,-Inf,1
526.13,26.983,-641,-339.44,23.068,-457.14,-711.79,-300,5.5652,-Inf,1
526.13,26.983,-641,-339.44,23.068,-457.14,-711.79,-300,5.8696,-Inf,1
526.13,26.983,-641,-339.44,23.068,-457.14,-711.79,-300,6.1739,-Inf,1
526.13,26.983,-641,-339.44,23.068,-457.14,-711.79,-300,6.4783,-Inf,1
526.13,26.983,-641,-339.44,23.068,-457.14,-711.79,-300,6.7826,-Inf,1
526.13,26.983,-641,-339.44,23.068,-457.14,-711.79,-300,7.087,-Inf,1
526.13,26.983,-641,-339.44,23.068,-457.14,-711.79,-300,7.3913,-Inf,1
526.13,26.983,-641,-339.44,23.068,-457.14,-711.79,-300,7.6957,-Inf,1
526.13,26.983,-641,-339.44,23.068,-457.14,-711.79,-300,8,-Inf,1
471.38,26.374,-641,-339.44,23.068,-457.14,-711.79,-200,1,-673.47,1
471.38,26.374,-641,-339.44,23.068,-457.14,-711.79,-200,1.3043,-611.62,1
471.38,26.374,-641,-339.44,23.068,-457.14,-711.79,-200,1.6087,-570.47,1
471.38,26.374,-641,-339.44,23.068,-457.14,-711.79,-200,1.913,-548.03,1
471.38,26.374,-641,-339.44,23.068,-457.14,-711.79,-200,2.2174,-543.65,1
471.38,26.374,-641,-339.44,23.068,-457.14,-711.79,-200,2.5217,-558.05,1
471.38,26.374,-641,-339.44,23.068,-457.14,-711.79,-200,2.8261,-593.67,1
471.38,26.374,-641,-339.44,23.068,-457.14,-711.79,-200,3.1304,-655.35,1
471.38,26.374,-641,-339.44,23.068,-457.14,-711.79,-200,3.4348,-752.11,1
471.38,26.374,-641,-339.44,23.068,-457.14,-711.79,-200,3.7391,-901,1
471.38,26.374,-641,-339.44,23.068,-457.14,-711.79,-200,4.0435,-1137.1,1
471.38,26.374,-641,-339.44,23.068,-457.14,-711.79,-200,4.3478,-1544.6,1
471.38,26.374,-641,-339.44,23.068,-457.14,-711.79,-200,4.6522,-Inf,1
471.38,26.374,-641,-339.44,23.068,-457.14,-711.79,-200,4.9565,-Inf,1
471.38,26.374,-641,-339.44,23.068,-457.14,-711.79,-200,5.2609,-Inf,1
471.38,26.374,-641,-339.44,23.068,-457.14,-711.79,-200,5.5652,-Inf,1
471.38,26.374,-641,-339.44,23.068,-457.14,-711.79,-200,5.8696,-Inf,1
471.38,26.374,-641,-339.44,23.068,-457.14,-711.79,-200,6.1739,-Inf,1
471.38,26.374,-641,-339.44,23.068,-457.14,-711.79,-200,6.4783,-Inf,1
471.38,26.374,-641,-339.44,23.068,-457.14,-711.79,-200,6.7826,-Inf,1
471.38,26.374,-641,-339.44,23.068,-457.14,-711.79,-200,7.087,-Inf,1
471.38,26.374,-641,-339.44,23.068,-457.14,-711.79,-200,7.3913,-Inf,1
471.38,26.374,-641,-339.44,23.068,-457.14,-711.79,-200,7.6957,-Inf,1
471.38,26.374,-641,-339.44,23.068,-457.14,-711.79,-200,8,-Inf,1
433.12,26.214,-641,-339.44,23.068,-457.14,-711.79,-100,1,-745.97,1
433.12,26.214,-641,-339.44,23.068,-457.14,-711.79,-100,1.3043,-670.79,1
433.12,26.214,-641,-339.44,23.068,-457.14,-711.79,-100,1.6087,-617.31,1
433.12,26.214,-641,-339.44,23.068,-457.14,-711.79,-100,1.913,-582.61,1
433.12,26.214,-641,-339.44,23.068,-457.14,-711.79,-100,2.2174,-565.15,1
433.12,26.214,-641,-339.44,23.068,-457.14,-711.79,-100,2.5217,-564.69,1
433.12,26.214,-641,-339.44,23.068,-457.14,-711.79,-100,2.8261,-582.37,1
433.12,26.214,-641,-339.44,23.068,-457.14,-711.79,-100,3.1304,-621.09,1
433.12,26.214,-641,-339.44,23.068,-457.14,-711.79,-100,3.4348,-686.57,1
433.12,26.214,-641,-339.44,23.068,-457.14,-711.79,-100,3.7391,-789.51,1
433.12,26.214,-641,-339.44,23.068,-457.14,-711.79,-100,4.0435,-950.94,1
433.12,26.214,-641,-339.44,23.068,-457.14,-711.79,-100,4.3478,-1217.1,1
433.12,26.214,-641,-339.44,23.068,-457.14,-711.79,-100,4.6522,-1711.4,1
433.12,26.214,-641,-339.44,23.068,-457.14,-711.79,-100,4.9565,-Inf,1
433.12,26.214,-641,-339.44,23.068,-457.14,-711.79,-100,5.2609,-Inf,1
433.12,26.214,-641,-339.44,23.068,-457.14,-711.79,-100,5.5652,-Inf,1
433.12,26.214,-641,-339.44,23.068,-457.14,-711.79,-100,5.8696,-Inf,1
433.12,26.214,-641,-339.44,23.068,-457.14,-711.79,-100,6.1739,-Inf,1
433.12,26.214,-641,-339.44,23.068,-457.14,-711.79,-100,6.4783,-Inf,1
433.12,26.214,-641,-339.44,23.068,-457.14,-711.79,-100,6.7826,-Inf,1
433.12,26.214,-641,-339.44,23.068,-457.14,-711.79,-100,7.087,-Inf,1
433.12,26.214,-641,-339.44,23.068,-457.14,-711.79,-100,7.3913,-Inf,1
433.12,26.214,-641,-339.44,23.068,-457.14,-711.79,-100,7.6957,-Inf,1
433.12,26.214,-641,-339.44,23.068,-457.14,-711.79,-100,8,-Inf,1
415.9,26.747,-641,-339.44,23.068,-457.14,-711.79,0,1,-857.9,1
415.9,26.747,-641,-339.44,23.068,-457.14,-711.79,0,1.3043,-762.23,1
415.9,26.747,-641,-339.44,23.068,-457.14,-711.79,0,1.6087,-691.4,1
415.9,26.747,-641,-339.44,23.068,-457.14,-711.79,0,1.913,-641.07,1
415.9,26.747,-641,-339.44,23.068,-457.14,-711.79,0,2.2174,-608.55,1
415.9,26.747,-641,-339.44,23.068,-457.14,-711.79,0,2.5217,-592.55,1
415.9,26.747,-641,-339.44,23.068,-457.14,-711.79,0,2.8261,-592.99,1
415.9,26.747,-641,-339.44,23.068,-457.14,-711.79,0,3.1304,-611.21,1
415.9,26.747,-641,-339.44,23.068,-457.14,-711.79,0,3.4348,-650.46,1
415.9,26.747,-641,-339.44,23.068,-457.14,-711.79,0,3.7391,-717.08,1
415.9,26.747,-641,-339.44,23.068,-457.14,-711.79,0,4.0435,-823.18,1
415.9,26.747,-641,-339.44,23.068,-457.14,-711.79,0,4.3478,-993.53,1
415.9,26.747,-641,-339.44,23.068,-457.14,-711.79,0,4.6522,-1285.9,1
415.9,26.747,-641,-339.44,23.068,-457.14,-711.79,0,4.9565,-1871.5,1
415.9,26.747,-641,-339.44,23.068,-457.14,-711.79,0,5.2609,-Inf,1
415.9,26.747,-641,-339.44,23.068,-457.14,-711.79,0,5.5652,-Inf,1
415.9,26.747,-641,-339.44,23.068,-457.14,-711.79,0,5.8696,-Inf,1
415.9,26.747,-641,-339.44,23.068,-457.14,-711.79,0,6.1739,-Inf,1
415.9,26.747,-641,-339.44,23.068,-457.14,-711.79,0,6.4783,-Inf,1
415.9,26.747,-641,-339.44,23.068,-457.14,-711.79,0,6.7826,-Inf,1
415.9,26.747,-641,-339.44,23.068,-457.14,-711.79,0,7.087,-Inf,1
415.9,26.747,-641,-339.44,23.068,-457.14,-711.79,0,7.3913,-Inf,1
415.9,26.747,-641,-339.44,23.068,-457.14,-711.79,0,7.6957,-Inf,1
415.9,26.747,-641,-339.44,23.068,-457.14,-711.79,0,8,-Inf,1
422.33,28.229,-641,-339.44,23.068,-457.14,-711.79,100,1,-1042.5,1
422.33,28.229,-641,-339.44,23.068,-457.14,-711.79,100,1.3043,-911.56,1
422.33,28.229,-641,-339.44,23.068,-457.14,-711.79,100,1.6087,-812.79,1
422.33,28.229,-641,-339.44,23.068,-457.14,-711.79,100,1.913,-739.25,1
422.33,28.229,-641,-339.44,23.068,-457.14,-711.79,100,2.2174,-686.41,1
422.33,28.229,-641,-339.44,23.068,-457.14,-711.79,100,2.5217,-651.49,1
422.33,28.229,-641,-339.44,23.068,-457.14,-711.79,100,2.8261,-633.08,1
422.33,28.229,-641,-339.44,23.068,-457.14,-711.79,100,3.1304,-631.04,1
422.33,28.229,-641,-339.44,23.068,-457.14,-711.79,100,3.4348,-646.7,1
422.33,28.229,-641,-339.44,23.068,-457.14,-711.79,100,3.7391,-683.32,1
422.33,28.229,-641,-339.44,23.068,-457.14,-711.79,100,4.0435,-747.48,1
422.33,28.229,-641,-339.44,23.068,-457.14,-711.79,100,4.3478,-851.97,1
422.33,28.229,-641,-339.44,23.068,-457.14,-711.79,100,4.6522,-1023.7,1
422.33,28.229,-641,-339.44,23.068,-457.14,-711.79,100,4.9565,-1327.9,1
422.33,28.229,-641,-339.44,23.068,-457.14,-711.79,100,5.2609,-1972.1,1
422.33,28.229,-641,-339.44,23.068,-457.14,-711.79,100,5.5652,-Inf,1
422.33,28.229,-641,-339.44,23.068,-457.14,-711.79,100,5.8696,-Inf,1
422.33,28.229,-641,-339.44,23.068,-457.14,-711.79,100,6.1739,-Inf,1
422.33,28.229,-641,-339.44,23.068,-457.14,-711.79,100,6.4783,-Inf,1
422.33,28.229,-641,-339.44,23.068,-457.14,-711.79,100,6.7826,-Inf,1
422.33,28.229,-641,-339.44,23.068,-457.14,-711.79,100,7.087,-Inf,1
422.33,28.229,-641,-339.44,23.068,-457.14,-711.79,100,7.3913,-Inf,1
422.33,28.229,-641,-339.44,23.068,-457.14,-711.79,100,7.6957,-Inf,1
422.33,28.229,-641,-339.44,23.068,-457.14,-711.79,100,8,-Inf,1
451.38,30.857,-641,-339.44,23.068,-457.14,-711.79,200,1,-1360.7,1
451.38,30.857,-641,-339.44,23.068,-457.14,-711.79,200,1.3043,-1163.1,1
451.38,30.857,-641,-339.44,23.068,-457.14,-711.79,200,1.6087,-1014.3,1
451.38,30.857,-641,-339.44,23.068,-457.14,-711.79,200,1.913,-901.84,1
451.38,30.857,-641,-339.44,23.068,-457.14,-711.79,200,2.2174,-817.32,1
451.38,30.857,-641,-339.44,23.068,-457.14,-711.79,200,2.5217,-755.38,1
451.38,30.857,-641,-339.44,23.068,-457.14,-711.79,200,2.8261,-712.59,1
451.38,30.857,-641,-339.44,23.068,-457.14,-711.79,200,3.1304,-687.07,1
451.38,30.857,-641,-339.44,23.068,-457.14,-711.79,200,3.4348,-678.3,1
451.38,30.857,-641,-339.44,23.068,-457.14,-711.79,200,3.7391,-687.21,1
451.38,30.857,-641,-339.44,23.068,-457.14,-711.79,200,4.0435,-716.69,1
451.38,30.857,-641,-339.44,23.068,-457.14,-711.79,200,4.3478,-772.79,1
451.38,30.857,-641,-339.44,23.068,-457.14,-711.79,200,4.6522,-867.56,1
451.38,30.857,-641,-339.44,23.068,-457.14,-711.79,200,4.9565,-1026.5,1
451.38,30.857,-641,-339.44,23.068,-457.14,-711.79,200,5.2609,-1312.1,1
451.38,30.857,-641,-339.44,23.068,-457.14,-711.79,200,5.5652,-1923.3,1
451.38,30.857,-641,-339.44,23.068,-457.14,-711.79,200,5.8696,-Inf,1
451.38,30.857,-641,-339.44,23.068,-457.14,-711.79,200,6.1739,-Inf,1
451.38,30.857,-641,-339.44,23.068,-457.14,-711.79,200,6.4783,-Inf,1
451.38,30.857,-641,-339.44,23.068,-457.14,-711.79,200,6.7826,-Inf,1
451.38,30.857,-641,-339.44,23.068,-457.14,-711.79,200,7.087,-Inf,1
451.38,30.857,-641,-339.44,23.068,-457.14,-711.79,200,7.3913,-Inf,1
451.38,30.857,-641,-339.44,23.068,-457.14,-711.79,200,7.6957,-Inf,1
451.38,30.857,-641,-339.44,23.068,-457.14,-711.79,200,8,-Inf,1
499.13,34.691,-641,-339.44,23.068,-457.14,-711.79,300,1,-1829.9,1
499.13,34.691,-641,-339.44,23.068,-457.14,-711.79,300,1.3043,-1513.6,1
499.13,34.691,-641,-339.44,23.068,-457.14,-711.79,300,1.6087,-1282.1,1
499.13,34.691,-641,-339.44,23.068,-457.14,-711.79,300,1.913,-1109.1,1
499.13,34.691,-641,-339.44,23.068,-457.14,-711.79,300,2.2174,-978.47,1
499.13,34.691,-641,-339.44,23.068,-457.14,-711.79,300,2.5217,-879.63,1
499.13,34.691,-641,-339.44,23.068,-457.14,-711.79,300,2.8261,-805.68,1
499.13,34.691,-641,-339.44,23.068,-457.14,-711.79,300,3.1304,-752.15,1
499.13,34.691,-641,-339.44,23.068,-457.14,-711.79,300,3.4348,-716.3,1
499.13,34.691,-641,-339.44,23.068,-457.14,-711.79,300,3.7391,-696.85,1
499.13,34.691,-641,-339.44,23.068,-457.14,-711.79,300,4.0435,-693.89,1
499.13,34.691,-641,-339.44,23.068,-457.14,-711.79,300,4.3478,-709.21,1
499.13,34.691,-641,-339.44,23.068,-457.14,-711.79,300,4.6522,-747.14,1
499.13,34.691,-641,-339.44,23.068,-457.14,-711.79,300,4.9565,-816.59,1
499.13,34.691,-641,-339.44,23.068,-457.14,-711.79,300,5.2609,-936.31,1
499.13,34.691,-641,-339.44,23.068,-457.14,-711.79,300,5.5652,-1150.7,1
499.13,34.691,-641,-339.44,23.068,-457.14,-711.79,300,5.8696,-1591.6,1
499.13,34.691,-641,-339.44,23.068,-457.14,-711.79,300,6.1739,-Inf,1
499.13,34.691,-641,-339.44,23.068,-457.14,-711.79,300,6.4783,-Inf,1
499.13,34.691,-641,-339.44,23.068,-457.14,-711.79,300,6.7826,-Inf,1
499.13,34.691,-641,-339.44,23.068,-457.14,-711.79,300,7.087,-Inf,1
499.13,34.691,-641,-339.44,23.068,-457.14,-711.79,300,7.3913,-Inf,1
499.13,34.691,-641,-339.44,23.068,-457.14,-711.79,300,7.6957,-Inf,1
499.13,34.691,-641,-339.44,23.068,-457.14,-711.79,300,8,-Inf,1
467.87,24.784,-641,-339.44,23.068,-457.14,-623.57,-300,1,-500.42,1
467.87,24.784,-641,-339.44,23.068,-457.14,-623.57,-300,1.3043,-456.67,1
467.87,24.784,-641,-339.44,23.068,-457.14,-623.57,-300,1.6087,-430.67,1
467.87,24.784,-641,-339.44,23.068,-457.14,-623.57,-300,1.913,-421.34,1
467.87,24.784,-641,-339.44,23.068,-457.14,-623.57,-300,2.2174,-428.81,1
467.87,24.784,-641,-339.44,23.068,-457.14,-623.57,-300,2.5217,-454.6,1
467.87,24.784,-641,-339.44,23.068,-457.14,-623.57,-300,2.8261,-502,1
467.87,24.784,-641,-339.44,23.068,-457.14,-623.57,-300,3.1304,-577.19,1
467.87,24.784,-641,-339.44,23.068,-457.14,-623.57,-300,3.4348,-691.49,1
467.87,24.784,-641,-339.44,23.068,-457.14,-623.57,-300,3.7391,-866.77,1
467.87,24.784,-641,-339.44,23.068,-457.14,-623.57,-300,4.0435,-1150.4,1
467.87,24.784,-641,-339.44,23.068,-457.14,-623.57,-300,4.3478,-1666.4,1
467.87,24.784,-641,-339.44,23.068,-457.14,-623.57,-300,4.6522,-Inf,1
467.87,24.784,-641,-339.44,23.068,-457.14,-623.57,-300,4.9565,-Inf,1
467.87,24.784,-641,-339.44,23.068,-457.14,-623.57,-300,5.2609,-Inf,1
467.87,24.784,-641,-339.44,23.068,-457.14,-623.57,-300,5.5652,-Inf,1
467.87,24.784,-641,-339.44,23.068,-457.14,-623.57,-300,5.8696,-Inf,1
467.87,24.784,-641,-339.44,23.068,-457.14,-623.57,-300,6.1739,-Inf,1
467.87,24.784,-641,-339.44,23.068,-457.14,-623.57,-300,6.4783,-Inf,1
467.87,24.784,-641,-339.44,23.068,-457.14,-623.57,-300,6.7826,-Inf,1
467.87,24.784,-641,-339.44,23.068,-457.14,-623.57,-300,7.087,-Inf,1
467.87,24.784,-641,-339.44,23.068,-457.14,-623.57,-300,7.3913,-Inf,1
467.87,24.784,-641,-339.44,23.068,-457.14,-623.57,-300,7.6957,-Inf,1
467.87,24.784,-641,-339.44,23.068,-457.14,-623.57,-300,8,-Inf,1
405.33,23.543,-641,-339.44,23.068,-457.14,-623.57,-200,1,-533.58,1
405.33,23.543,-641,-339.44,23.068,-457.14,-623.57,-200,1.3043,-482.97,1
405.33,23.543,-641,-339.44,23.068,-457.14,-623.57,-200,1.6087,-449.38,1
405.33,23.543,-641,-339.44,23.068,-457.14,-623.57,-200,1.913,-431.18,1
405.33,23.543,-641,-339.44,23.068,-457.14,-623.57,-200,2.2174,-427.84,1
405.33,23.543,-641,-339.44,23.068,-457.14,-623.57,-200,2.5217,-439.95,1
405.33,23.543,-641,-339.44,23.068,-457.14,-623.57,-200,2.8261,-469.5,1
405.33,23.543,-641,-339.44,23.068,-457.14,-623.57,-200,3.1304,-520.45,1
405.33,23.543,-641,-339.44,23.068,-457.14,-623.57,-200,3.4348,-600.16,1
405.33,23.543,-641,-339.44,23.068,-457.14,-623.57,-200,3.7391,-722.5,1
405.33,23.543,-641,-339.44,23.068,-457.14,-623.57,-200,4.0435,-915.95,1
405.33,23.543,-641,-339.44,23.068,-457.14,-623.57,-200,4.3478,-1248.4,1
405.33,23.543,-641,-339.44,23.068,-457.14,-623.57,-200,4.6522,-1930.6,1
405.33,23.543,-641,-339.44,23.068,-457.14,-623.57,-200,4.9565,-Inf,1
405.33,23.543,-641,-339.44,23.068,-457.14,-623.57,-200,5.2609,-Inf,1
405.33,23.543,-641,-339.44,23.068,-457.14,-623.57,-200,5.5652,-Inf,1
405.33,23.543,-641,-339.44,23.068,-457.14,-623.57,-200,5.8696,-Inf,1
405.33,23.543,-641,-339.44,23.068,-457.14,-623.57,-200,6.1739,-Inf,1
405.33,23.543,-641,-339.44,23.068,-457.14,-623.57,-200,6.4783,-Inf,1
405.33,23.543,-641,-339.44,23.068,-457.14,-623.57,-200,6.7826,-Inf,1
405.33,23.543,-641,-339.44,23.068,-457.14,-623.57,-200,7.087,-Inf,1
405.33,23.543,-641,-339.44,23.068,-457.14,-623.57,-200,7.3913,-Inf,1
405.33,23.543,-641,-339.44,23.068,-457.14,-623.57,-200,7.6957,-Inf,1
405.33,23.543,-641,-339.44,23.068,-457.14,-623.57,-200,8,-Inf,1
360.11,22.67,-641,-339.44,23.068,-457.14,-623.57,-100,1,-581.12,1
360.11,22.67,-641,-339.44,23.068,-457.14,-623.57,-100,1.3043,-521.43,1
360.11,22.67,-641,-339.44,23.068,-457.14,-623.57,-100,1.6087,-479.01,1
360.11,22.67,-641,-339.44,23.068,-457.14,-623.57,-100,1.913,-451.53,1
360.11,22.67,-641,-339.44,23.068,-457.14,-623.57,-100,2.2174,-437.79,1
360.11,22.67,-641,-339.44,23.068,-457.14,-623.57,-100,2.5217,-437.59,1
360.11,22.67,-641,-339.44,23.068,-457.14,-623.57,-100,2.8261,-451.81,1
360.11,22.67,-641,-339.44,23.068,-457.14,-623.57,-100,3.1304,-482.76,1
360.11,22.67,-641,-339.44,23.068,-457.14,-623.57,-100,3.4348,-534.94,1
360.11,22.67,-641,-339.44,23.068,-457.14,-623.57,-100,3.7391,-616.78,1
360.11,22.67,-641,-339.44,23.068,-457.14,-623.57,-100,4.0435,-744.78,1
360.11,22.67,-641,-339.44,23.068,-457.14,-623.57,-100,4.3478,-955.08,1
360.11,22.67,-641,-339.44,23.068,-457.14,-623.57,-100,4.6522,-1343.5,1
360.11,22.67,-641,-339.44,23.068,-457.14,-623.57,-100,4.9565,-Inf,1
360.11,22.67,-641,-339.44,23.068,-457.14,-623.57,-100,5.2609,-Inf,1
360.11,22.67,-641,-339.44,23.068,-457.14,-623.57,-100,5.5652,-Inf,1
360.11,22.67,-641,-339.44,23.068,-457.14,-623.57,-100,5.8696,-Inf,1
360.11,22.67,-641,-339.44,23.068,-457.14,-623.57,-100,6.1739,-Inf,1
360.11,22.67,-641,-339.44,23.068,-457.14,-623.57,-100,6.4783,-Inf,1
360.11,22.67,-641,-339.44,23.068,-457.14,-623.57,-100,6.7826,-Inf,1
360.11,22.67,-641,-339.44,23.068,-457.14,-623.57,-100,7.087,-Inf,1
360.11,22.67,-641,-339.44,23.068,-457.14,-623.57,-100,7.3913,-Inf,1
360.11,22.67,-641,-339.44,23.068,-457.14,-623.57,-100,7.6957,-Inf,1
360.11,22.67,-641,-339.44,23.068,-457.14,-623.57,-100,8,-Inf,1
339.21,22.505,-641,-339.44,23.068,-457.14,-623.57,0,1,-654.13,1
339.21,22.505,-641,-339.44,23.068,-457.14,-623.57,0,1.3043,-580.66,1
339.21,22.505,-641,-339.44,23.068,-457.14,-623.57,0,1.6087,-526.27,1
339.21,22.505,-641,-339.44,23.068,-457.14,-623.57,0,1.913,-487.63,1
339.21,22.505,-641,-339.44,23.068,-457.14,-623.57,0,2.2174,-462.69,1
339.21,22.505,-641,-339.44,23.068,-457.14,-623.57,0,2.5217,-450.43,1
339.21,22.505,-641,-339.44,23.068,-457.14,-623.57,0,2.8261,-450.8,1
339.21,22.505,-641,-339.44,23.068,-457.14,-623.57,0,3.1304,-464.8,1
339.21,22.505,-641,-339.44,23.068,-457.14,-623.57,0,3.4348,-494.91,1
339.21,22.505,-641,-339.44,23.068,-457.14,-623.57,0,3.7391,-545.92,1
339.21,22.505,-641,-339.44,23.068,-457.14,-623.57,0,4.0435,-627.01,1
339.21,22.505,-641,-339.44,23.068,-457.14,-623.57,0,4.3478,-756.87,1
339.21,22.505,-641,-339.44,23.068,-457.14,-623.57,0,4.6522,-978.88,1
339.21,22.505,-641,-339.44,23.068,-457.14,-623.57,0,4.9565,-1420.4,1
339.21,22.505,-641,-339.44,23.068,-457.14,-623.57,0,5.2609,-Inf,1
339.21,22.505,-641,-339.44,23.068,-457.14,-623.57,0,5.5652,-Inf,1
339.21,22.505,-641,-339.44,23.068,-457.14,-623.57,0,5.8696,-Inf,1
339.21,22.505,-641,-339.44,23.068,-457.14,-623.57,0,6.1739,-Inf,1
339.21,22.505,-641,-339.44,23.068,-457.14,-623.57,0,6.4783,-Inf,1
339.21,22.505,-641,-339.44,23.068,-457.14,-623.57,0,6.7826,-Inf,1
339.21,22.505,-641,-339.44,23.068,-457.14,-623.57,0,7.087,-Inf,1
339.21,22.505,-641,-339.44,23.068,-457.14,-623.57,0,7.3913,-Inf,1
339.21,22.505,-641,-339.44,23.068,-457.14,-623.57,0,7.6957,-Inf,1
339.21,22.505,-641,-339.44,23.068,-457.14,-623.57,0,8,-Inf,1
347.06,23.469,-641,-339.44,23.068,-457.14,-623.57,100,1,-775.61,1
347.06,23.469,-641,-339.44,23.068,-457.14,-623.57,100,1.3043,-678.32,1
347.06,23.469,-641,-339.44,23.068,-457.14,-623.57,100,1.6087,-604.9,1
347.06,23.469,-641,-339.44,23.068,-457.14,-623.57,100,1.913,-550.2,1
347.06,23.469,-641,-339.44,23.068,-457.14,-623.57,100,2.2174,-510.88,1
347.06,23.469,-641,-339.44,23.068,-457.14,-623.57,100,2.5217,-484.85,1
347.06,23.469,-641,-339.44,23.068,-457.14,-623.57,100,2.8261,-471.07,1
347.06,23.469,-641,-339.44,23.068,-457.14,-623.57,100,3.1304,-469.42,1
347.06,23.469,-641,-339.44,23.068,-457.14,-623.57,100,3.4348,-480.85,1
347.06,23.469,-641,-339.44,23.068,-457.14,-623.57,100,3.7391,-507.76,1
347.06,23.469,-641,-339.44,23.068,-457.14,-623.57,100,4.0435,-554.92,1
347.06,23.469,-641,-339.44,23.068,-457.14,-623.57,100,4.3478,-631.65,1
347.06,23.469,-641,-339.44,23.068,-457.14,-623.57,100,4.6522,-757.46,1
347.06,23.469,-641,-339.44,23.068,-457.14,-623.57,100,4.9565,-979.49,1
347.06,23.469,-641,-339.44,23.068,-457.14,-623.57,100,5.2609,-1445.9,1
347.06,23.469,-641,-339.44,23.068,-457.14,-623.57,100,5.5652,-Inf,1
347.06,23.469,-641,-339.44,23.068,-457.14,-623.57,100,5.8696,-Inf,1
347.06,23.469,-641,-339.44,23.068,-457.14,-623.57,100,6.1739,-Inf,1
347.06,23.469,-641,-339.44,23.068,-457.14,-623.57,100,6.4783,-Inf,1
347.06,23.469,-641,-339.44,23.068,-457.14,-623.57,100,6.7826,-Inf,1
347.06,23.469,-641,-339.44,23.068,-457.14,-623.57,100,7.087,-Inf,1
347.06,23.469,-641,-339.44,23.068,-457.14,-623.57,100,7.3913,-Inf,1
347.06,23.469,-641,-339.44,23.068,-457.14,-623.57,100,7.6957,-Inf,1
347.06,23.469,-641,-339.44,23.068,-457.14,-623.57,100,8,-Inf,1
381.89,25.92,-641,-339.44,23.068,-457.14,-623.57,200,1,-995.01,1
381.89,25.92,-641,-339.44,23.068,-457.14,-623.57,200,1.3043,-851.09,1
381.89,25.92,-641,-339.44,23.068,-457.14,-623.57,200,1.6087,-742.67,1
381.89,25.92,-641,-339.44,23.068,-457.14,-623.57,200,1.913,-660.58,1
381.89,25.92,-641,-339.44,23.068,-457.14,-623.57,200,2.2174,-598.83,1
381.89,25.92,-641,-339.44,23.068,-457.14,-623.57,200,2.5217,-553.49,1
381.89,25.92,-641,-339.44,23.068,-457.14,-623.57,200,2.8261,-522.08,1
381.89,25.92,-641,-339.44,23.068,-457.14,-623.57,200,3.1304,-503.22,1
381.89,25.92,-641,-339.44,23.068,-457.14,-623.57,200,3.4348,-496.48,1
381.89,25.92,-641,-339.44,23.068,-457.14,-623.57,200,3.7391,-502.53,1
381.89,25.92,-641,-339.44,23.068,-457.14,-623.57,200,4.0435,-523.41,1
381.89,25.92,-641,-339.44,23.068,-457.14,-623.57,200,4.3478,-563.41,1
381.89,25.92,-641,-339.44,23.068,-457.14,-623.57,200,4.6522,-631.07,1
381.89,25.92,-641,-339.44,23.068,-457.14,-623.57,200,4.9565,-744.45,1
381.89,25.92,-641,-339.44,23.068,-457.14,-623.57,200,5.2609,-947.54,1
381.89,25.92,-641,-339.44,23.068,-457.14,-623.57,200,5.5652,-1379.1,1
381.89,25.92,-641,-339.44,23.068,-457.14,-623.57,200,5.8696,-Inf,1
381.89,25.92,-641,-339.44,23.068,-457.14,-623.57,200,6.1739,-Inf,1
381.89,25.92,-641,-339.44,23.068,-457.14,-623.57,200,6.4783,-Inf,1
381.89,25.92,-641,-339.44,23.068,-457.14,-623.57,200,6.7826,-Inf,1
381.89,25.92,-641,-339.44,23.068,-457.14,-623.57,200,7.087,-Inf,1
381.89,25.92,-641,-339.44,23.068,-457.14,-623.57,200,7.3913,-Inf,1
381.89,25.92,-641,-339.44,23.068,-457.14,-623.57,200,7.6957,-Inf,1
381.89,25.92,-641,-339.44,23.068,-457.14,-623.57,200,8,-Inf,1
437.29,29.982,-641,-339.44,23.068,-457.14,-623.57,300,1,-1385.4,1
437.29,29.982,-641,-339.44,23.068,-457.14,-623.57,300,1.3043,-1145.9,1
437.29,29.982,-641,-339.44,23.068,-457.14,-623.57,300,1.6087,-970.24,1
437.29,29.982,-641,-339.44,23.068,-457.14,-623.57,300,1.913,-838.91,1
437.29,29.982,-641,-339.44,23.068,-457.14,-623.57,300,2.2174,-739.57,1
437.29,29.982,-641,-339.44,23.068,-457.14,-623.57,300,2.5217,-664.29,1
437.29,29.982,-641,-339.44,23.068,-457.14,-623.57,300,2.8261,-607.84,1
437.29,29.982,-641,-339.44,23.068,-457.14,-623.57,300,3.1304,-566.82,1
437.29,29.982,-641,-339.44,23.068,-457.14,-623.57,300,3.4348,-539.16,1
437.29,29.982,-641,-339.44,23.068,-457.14,-623.57,300,3.7391,-523.84,1
437.29,29.982,-641,-339.44,23.068,-457.14,-623.57,300,4.0435,-520.92,1
437.29,29.982,-641,-339.44,23.068,-457.14,-623.57,300,4.3478,-531.66,1
437.29,29.982,-641,-339.44,23.068,-457.14,-623.57,300,4.6522,-559.25,1
437.29,29.982,-641,-339.44,23.068,-457.14,-623.57,300,4.9565,-610.2,1
437.29,29.982,-641,-339.44,23.068,-457.14,-623.57,300,5.2609,-698.27,1
437.29,29.982,-641,-339.44,23.068,-457.14,-623.57,300,5.5652,-855.91,1
437.29,29.982,-641,-339.44,23.068,-457.14,-623.57,300,5.8696,-1178.8,1
437.29,29.982,-641,-339.44,23.068,-457.14,-623.57,300,6.1739,-Inf,1
437.29,29.982,-641,-339.44,23.068,-457.14,-623.57,300,6.4783,-Inf,1
437.29,29.982,-641,-339.44,23.068,-457.14,-623.57,300,6.7826,-Inf,1
437.29,29.982,-641,-339.44,23.068,-457.14,-623.57,300,7.087,-Inf,1
437.29,29.982,-641,-339.44,23.068,-457.14,-623.57,300,7.3913,-Inf,1
437.29,29.982,-641,-339.44,23.068,-457.14,-623.57,300,7.6957,-Inf,1
437.29,29.982,-641,-339.44,23.068,-457.14,-623.57,300,8,-Inf,1
420.19,22.966,-641,-339.44,23.068,-457.14,-535.36,-300,1,-411.98,1
420.19,22.966,-641,-339.44,23.068,-457.14,-535.36,-300,1.3043,-374.69,1
420.19,22.966,-641,-339.44,23.068,-457.14,-535.36,-300,1.6087,-352.65,1
420.19,22.966,-641,-339.44,23.068,-457.14,-535.36,-300,1.913,-344.95,1
420.19,22.966,-641,-339.44,23.068,-457.14,-535.36,-300,2.2174,-351.72,1
420.19,22.966,-641,-339.44,23.068,-457.14,-535.36,-300,2.5217,-374.23,1
420.19,22.966,-641,-339.44,23.068,-457.14,-535.36,-300,2.8261,-415.34,1
420.19,22.966,-641,-339.44,23.068,-457.14,-535.36,-300,3.1304,-480.32,1
420.19,22.966,-641,-339.44,23.068,-457.14,-535.36,-300,3.4348,-578.84,1
420.19,22.966,-641,-339.44,23.068,-457.14,-535.36,-300,3.7391,-729.54,1
420.19,22.966,-641,-339.44,23.068,-457.14,-535.36,-300,4.0435,-972.63,1
420.19,22.966,-641,-339.44,23.068,-457.14,-535.36,-300,4.3478,-1412.8,1
420.19,22.966,-641,-339.44,23.068,-457.14,-535.36,-300,4.6522,-Inf,1
420.19,22.966,-641,-339.44,23.068,-457.14,-535.36,-300,4.9565,-Inf,1
420.19,22.966,-641,-339.44,23.068,-457.14,-535.36,-300,5.2609,-Inf,1
420.19,22.966,-641,-339.44,23.068,-457.14,-535.36,-300,5.5652,-Inf,1
420.19,22.966,-641,-339.44,23.068,-457.14,-535.36,-300,5.8696,-Inf,1
420.19,22.966,-641,-339.44,23.068,-457.14,-535.36,-300,6.1739,-Inf,1
420.19,22.966,-641,-339.44,23.068,-457.14,-535.36,-300,6.4783,-Inf,1
420.19,22.966,-641,-339.44,23.068,-457.14,-535.36,-300,6.7826,-Inf,1
420.19,22.966,-641,-339.44,23.068,-457.14,-535.36,-300,7.087,-Inf,1
420.19,22.966,-641,-339.44,23.068,-457.14,-535.36,-300,7.3913,-Inf,1
420.19,22.966,-641,-339.44,23.068,-457.14,-535.36,-300,7.6957,-Inf,1
420.19,22.966,-641,-339.44,23.068,-457.14,-535.36,-300,8,-Inf,1
349.21,21.007,-641,-339.44,23.068,-457.14,-535.36,-200,1,-434.82,1
349.21,21.007,-641,-339.44,23.068,-457.14,-535.36,-200,1.3043,-392.72,1
349.21,21.007,-641,-339.44,23.068,-457.14,-535.36,-200,1.6087,-364.86,1
349.21,21.007,-641,-339.44,23.068,-457.14,-535.36,-200,1.913,-349.88,1
349.21,21.007,-641,-339.44,23.068,-457.14,-535.36,-200,2.2174,-347.33,1
349.21,21.007,-641,-339.44,23.068,-457.14,-535.36,-200,2.5217,-357.71,1
349.21,21.007,-641,-339.44,23.068,-457.14,-535.36,-200,2.8261,-382.68,1
349.21,21.007,-641,-339.44,23.068,-457.14,-535.36,-200,3.1304,-425.53,1
349.21,21.007,-641,-339.44,23.068,-457.14,-535.36,-200,3.4348,-492.38,1
349.21,21.007,-641,-339.44,23.068,-457.14,-535.36,-200,3.7391,-594.72,1
349.21,21.007,-641,-339.44,23.068,-457.14,-535.36,-200,4.0435,-756.06,1
349.21,21.007,-641,-339.44,23.068,-457.14,-535.36,-200,4.3478,-1032.2,1
349.21,21.007,-641,-339.44,23.068,-457.14,-535.36,-200,4.6522,-1594.7,1
349.21,21.007,-641,-339.44,23.068,-457.14,-535.36,-200,4.9565,-Inf,1
349.21,21.007,-641,-339.44,23.068,-457.14,-535.36,-200,5.2609,-Inf,1
349.21,21.007,-641,-339.44,23.068,-457.14,-535.36,-200,5.5652,-Inf,1
349.21,21.007,-641,-339.44,23.068,-457.14,-535.36,-200,5.8696,-Inf,1
349.21,21.007,-641,-339.44,23.068,-457.14,-535.36,-200,6.1739,-Inf,1
349.21,21.007,-641,-339.44,23.068,-457.14,-535.36,-200,6.4783,-Inf,1
349.21,21.007,-641,-339.44,23.068,-457.14,-535.36,-200,6.7826,-Inf,1
349.21,21.007,-641,-339.44,23.068,-457.14,-535.36,-200,7.087,-Inf,1
349.21,21.007,-641,-339.44,23.068,-457.14,-535.36,-200,7.3913,-Inf,1
349.21,21.007,-641,-339.44,23.068,-457.14,-535.36,-200,7.6957,-Inf,1
349.21,21.007,-641,-339.44,23.068,-457.14,-535.36,-200,8,-Inf,1
295.52,19.218,-641,-339.44,23.068,-457.14,-535.36,-100,1,-466.7,1
295.52,19.218,-641,-339.44,23.068,-457.14,-535.36,-100,1.3043,-418.5,1
295.52,19.218,-641,-339.44,23.068,-457.14,-535.36,-100,1.6087,-384.29,1
295.52,19.218,-641,-339.44,23.068,-457.14,-535.36,-100,1.913,-362.18,1
295.52,19.218,-641,-339.44,23.068,-457.14,-535.36,-100,2.2174,-351.21,1
295.52,19.218,-641,-339.44,23.068,-457.14,-535.36,-100,2.5217,-351.2,1
295.52,19.218,-641,-339.44,23.068,-457.14,-535.36,-100,2.8261,-362.87,1
295.52,19.218,-641,-339.44,23.068,-457.14,-535.36,-100,3.1304,-388.07,1
295.52,19.218,-641,-339.44,23.068,-457.14,-535.36,-100,3.4348,-430.42,1
295.52,19.218,-641,-339.44,23.068,-457.14,-535.36,-100,3.7391,-496.67,1
295.52,19.218,-641,-339.44,23.068,-457.14,-535.36,-100,4.0435,-600.01,1
295.52,19.218,-641,-339.44,23.068,-457.14,-535.36,-100,4.3478,-769.21,1
295.52,19.218,-641,-339.44,23.068,-457.14,-535.36,-100,4.6522,-1080.1,1
295.52,19.218,-641,-339.44,23.068,-457.14,-535.36,-100,4.9565,-1815.4,1
295.52,19.218,-641,-339.44,23.068,-457.14,-535.36,-100,5.2609,-Inf,1
295.52,19.218,-641,-339.44,23.068,-457.14,-535.36,-100,5.5652,-Inf,1
295.52,19.218,-641,-339.44,23.068,-457.14,-535.36,-100,5.8696,-Inf,1
295.52,19.218,-641,-339.44,23.068,-457.14,-535.36,-100,6.1739,-Inf,1
295.52,19.218,-641,-339.44,23.068,-457.14,-535.36,-100,6.4783,-Inf,1
295.52,19.218,-641,-339.44,23.068,-457.14,-535.36,-100,6.7826,-Inf,1
295.52,19.218,-641,-339.44,23.068,-457.14,-535.36,-100,7.087,-Inf,1
295.52,19.218,-641,-339.44,23.068,-457.14,-535.36,-100,7.3913,-Inf,1
295.52,19.218,-641,-339.44,23.068,-457.14,-535.36,-100,7.6957,-Inf,1
295.52,19.218,-641,-339.44,23.068,-457.14,-535.36,-100,8,-Inf,1
269.66,18.027,-641,-339.44,23.068,-457.14,-535.36,0,1,-514.64,1
269.66,18.027,-641,-339.44,23.068,-457.14,-535.36,0,1.3043,-457.35,1
269.66,18.027,-641,-339.44,23.068,-457.14,-535.36,0,1.6087,-414.95,1
269.66,18.027,-641,-339.44,23.068,-457.14,-535.36,0,1.913,-384.84,1
269.66,18.027,-641,-339.44,23.068,-457.14,-535.36,0,2.2174,-365.42,1
269.66,18.027,-641,-339.44,23.068,-457.14,-535.36,0,2.5217,-355.9,1
269.66,18.027,-641,-339.44,23.068,-457.14,-535.36,0,2.8261,-356.24,1
269.66,18.027,-641,-339.44,23.068,-457.14,-535.36,0,3.1304,-367.2,1
269.66,18.027,-641,-339.44,23.068,-457.14,-535.36,0,3.4348,-390.69,1
269.66,18.027,-641,-339.44,23.068,-457.14,-535.36,0,3.7391,-430.4,1
269.66,18.027,-641,-339.44,23.068,-457.14,-535.36,0,4.0435,-493.4,1
269.66,18.027,-641,-339.44,23.068,-457.14,-535.36,0,4.3478,-594.01,1
269.66,18.027,-641,-339.44,23.068,-457.14,-535.36,0,4.6522,-765.36,1
269.66,18.027,-641,-339.44,23.068,-457.14,-535.36,0,4.9565,-1103.8,1
269.66,18.027,-641,-339.44,23.068,-457.14,-535.36,0,5.2609,-Inf,1
269.66,18.027,-641,-339.44,23.068,-457.14,-535.36,0,5.5652,-Inf,1
269.66,18.027,-641,-339.44,23.068,-457.14,-535.36,0,5.8696,-Inf,1
269.66,18.027,-641,-339.44,23.068,-457.14,-535.36,0,6.1739,-Inf,1
269.66,18.027,-641,-339.44,23.068,-457.14,-535.36,0,6.4783,-Inf,1
269.66,18.027,-641,-339.44,23.068,-457.14,-535.36,0,6.7826,-Inf,1
269.66,18.027,-641,-339.44,23.068,-457.14,-535.36,0,7.087,-Inf,1
269.66,18.027,-641,-339.44,23.068,-457.14,-535.36,0,7.3913,-Inf,1
269.66,18.027,-641,-339.44,23.068,-457.14,-535.36,0,7.6957,-Inf,1
269.66,18.027,-641,-339.44,23.068,-457.14,-535.36,0,8,-Inf,1
279.47,18.132,-641,-339.44,23.068,-457.14,-535.36,100,1,-593.65,1
279.47,18.132,-641,-339.44,23.068,-457.14,-535.36,100,1.3043,-520.64,1
279.47,18.132,-641,-339.44,23.068,-457.14,-535.36,100,1.6087,-465.52,1
279.47,18.132,-641,-339.44,23.068,-457.14,-535.36,100,1.913,-424.44,1
279.47,18.132,-641,-339.44,23.068,-457.14,-535.36,100,2.2174,-394.89,1
279.47,18.132,-641,-339.44,23.068,-457.14,-535.36,100,2.5217,-375.3,1
279.47,18.132,-641,-339.44,23.068,-457.14,-535.36,100,2.8261,-364.9,1
279.47,18.132,-641,-339.44,23.068,-457.14,-535.36,100,3.1304,-363.58,1
279.47,18.132,-641,-339.44,23.068,-457.14,-535.36,100,3.4348,-372.03,1
279.47,18.132,-641,-339.44,23.068,-457.14,-535.36,100,3.7391,-392.01,1
279.47,18.132,-641,-339.44,23.068,-457.14,-535.36,100,4.0435,-427.05,1
279.47,18.132,-641,-339.44,23.068,-457.14,-535.36,100,4.3478,-484,1
279.47,18.132,-641,-339.44,23.068,-457.14,-535.36,100,4.6522,-577.15,1
279.47,18.132,-641,-339.44,23.068,-457.14,-535.36,100,4.9565,-740.93,1
279.47,18.132,-641,-339.44,23.068,-457.14,-535.36,100,5.2609,-1082.3,1
279.47,18.132,-641,-339.44,23.068,-457.14,-535.36,100,5.5652,-Inf,1
279.47,18.132,-641,-339.44,23.068,-457.14,-535.36,100,5.8696,-Inf,1
279.47,18.132,-641,-339.44,23.068,-457.14,-535.36,100,6.1739,-Inf,1
279.47,18.132,-641,-339.44,23.068,-457.14,-535.36,100,6.4783,-Inf,1
279.47,18.132,-641,-339.44,23.068,-457.14,-535.36,100,6.7826,-Inf,1
279.47,18.132,-641,-339.44,23.068,-457.14,-535.36,100,7.087,-Inf,1
279.47,18.132,-641,-339.44,23.068,-457.14,-535.36,100,7.3913,-Inf,1
279.47,18.132,-641,-339.44,23.068,-457.14,-535.36,100,7.6957,-Inf,1
279.47,18.132,-641,-339.44,23.068,-457.14,-535.36,100,8,-Inf,1
321.7,20.244,-641,-339.44,23.068,-457.14,-535.36,200,1,-738.59,1
321.7,20.244,-641,-339.44,23.068,-457.14,-535.36,200,1.3043,-634.22,1
321.7,20.244,-641,-339.44,23.068,-457.14,-535.36,200,1.6087,-555.53,1
321.7,20.244,-641,-339.44,23.068,-457.14,-535.36,200,1.913,-495.89,1
321.7,20.244,-641,-339.44,23.068,-457.14,-535.36,200,2.2174,-450.97,1
321.7,20.244,-641,-339.44,23.068,-457.14,-535.36,200,2.5217,-417.95,1
321.7,20.244,-641,-339.44,23.068,-457.14,-535.36,200,2.8261,-395,1
321.7,20.244,-641,-339.44,23.068,-457.14,-535.36,200,3.1304,-381.11,1
321.7,20.244,-641,-339.44,23.068,-457.14,-535.36,200,3.4348,-375.98,1
321.7,20.244,-641,-339.44,23.068,-457.14,-535.36,200,3.7391,-380.05,1
321.7,20.244,-641,-339.44,23.068,-457.14,-535.36,200,4.0435,-394.76,1
321.7,20.244,-641,-339.44,23.068,-457.14,-535.36,200,4.3478,-423.13,1
321.7,20.244,-641,-339.44,23.068,-457.14,-535.36,200,4.6522,-471.21,1
321.7,20.244,-641,-339.44,23.068,-457.14,-535.36,200,4.9565,-551.71,1
321.7,20.244,-641,-339.44,23.068,-457.14,-535.36,200,5.2609,-695.5,1
321.7,20.244,-641,-339.44,23.068,-457.14,-535.36,200,5.5652,-999.02,1
321.7,20.244,-641,-339.44,23.068,-457.14,-535.36,200,5.8696,-Inf,1
321.7,20.244,-641,-339.44,23.068,-457.14,-535.36,200,6.1739,-Inf,1
321.7,20.244,-641,-339.44,23.068,-457.14,-535.36,200,6.4783,-Inf,1
321.7,20.244,-641,-339.44,23.068,-457.14,-535.36,200,6.7826,-Inf,1
321.7,20.244,-641,-339.44,23.068,-457.14,-535.36,200,7.087,-Inf,1
321.7,20.244,-641,-339.44,23.068,-457.14,-535.36,200,7.3913,-Inf,1
321.7,20.244,-641,-339.44,23.068,-457.14,-535.36,200,7.6957,-Inf,1
321.7,20.244,-641,-339.44,23.068,-457.14,-535.36,200,8,-Inf,1
385.85,24.607,-641,-339.44,23.068,-457.14,-535.36,300,1,-1024.5,1
385.85,24.607,-641,-339.44,23.068,-457.14,-535.36,300,1.3043,-850.22,1
385.85,24.607,-641,-339.44,23.068,-457.14,-535.36,300,1.6087,-722.26,1
385.85,24.607,-641,-339.44,23.068,-457.14,-535.36,300,1.913,-626.44,1
385.85,24.607,-641,-339.44,23.068,-457.14,-535.36,300,2.2174,-553.86,1
385.85,24.607,-641,-339.44,23.068,-457.14,-535.36,300,2.5217,-498.77,1
385.85,24.607,-641,-339.44,23.068,-457.14,-535.36,300,2.8261,-457.36,1
385.85,24.607,-641,-339.44,23.068,-457.14,-535.36,300,3.1304,-427.16,1
385.85,24.607,-641,-339.44,23.068,-457.14,-535.36,300,3.4348,-406.64,1
385.85,24.607,-641,-339.44,23.068,-457.14,-535.36,300,3.7391,-395.06,1
385.85,24.607,-641,-339.44,23.068,-457.14,-535.36,300,4.0435,-392.41,1
385.85,24.607,-641,-339.44,23.068,-457.14,-535.36,300,4.3478,-399.58,1
385.85,24.607,-641,-339.44,23.068,-457.14,-535.36,300,4.6522,-418.78,1
385.85,24.607,-641,-339.44,23.068,-457.14,-535.36,300,4.9565,-454.61,1
385.85,24.607,-641,-339.44,23.068,-457.14,-535.36,300,5.2609,-516.75,1
385.85,24.607,-641,-339.44,23.068,-457.14,-535.36,300,5.5652,-627.95,1
385.85,24.607,-641,-339.44,23.068,-457.14,-535.36,300,5.8696,-854.94,1
385.85,24.607,-641,-339.44,23.068,-457.14,-535.36,300,6.1739,-1497.8,1
385.85,24.607,-641,-339.44,23.068,-457.14,-535.36,300,6.4783,-Inf,1
385.85,24.607,-641,-339.44,23.068,-457.14,-535.36,300,6.7826,-Inf,1
385.85,24.607,-641,-339.44,23.068,-457.14,-535.36,300,7.087,-Inf,1
385.85,24.607,-641,-339.44,23.068,-457.14,-535.36,300,7.3913,-Inf,1
385.85,24.607,-641,-339.44,23.068,-457.14,-535.36,300,7.6957,-Inf,1
385.85,24.607,-641,-339.44,23.068,-457.14,-535.36,300,8,-Inf,1
387.01,21.797,-641,-339.44,23.068,-457.14,-447.14,-300,1,-351.31,0
387.01,21.797,-641,-339.44,23.068,-457.14,-447.14,-300,1.3043,-318.82,0
387.01,21.797,-641,-339.44,23.068,-457.14,-447.14,-300,1.6087,-299.74,0
387.01,21.797,-641,-339.44,23.068,-457.14,-447.14,-300,1.913,-293.28,0
387.01,21.797,-641,-339.44,23.068,-457.14,-447.14,-300,2.2174,-299.56,0
387.01,21.797,-641,-339.44,23.068,-457.14,-447.14,-300,2.5217,-319.71,0
387.01,21.797,-641,-339.44,23.068,-457.14,-447.14,-300,2.8261,-356.22,0
387.01,21.797,-641,-339.44,23.068,-457.14,-447.14,-300,3.1304,-413.73,0
387.01,21.797,-641,-339.44,23.068,-457.14,-447.14,-300,3.4348,-500.69,0
387.01,21.797,-641,-339.44,23.068,-457.14,-447.14,-300,3.7391,-633.36,0
387.01,21.797,-641,-339.44,23.068,-457.14,-447.14,-300,4.0435,-846.7,0
387.01,21.797,-641,-339.44,23.068,-457.14,-447.14,-300,4.3478,-1231.2,0
387.01,21.797,-641,-339.44,23.068,-457.14,-447.14,-300,4.6522,-Inf,0
387.01,21.797,-641,-339.44,23.068,-457.14,-447.14,-300,4.9565,-Inf,0
387.01,21.797,-641,-339.44,23.068,-457.14,-447.14,-300,5.2609,-Inf,0
387.01,21.797,-641,-339.44,23.068,-457.14,-447.14,-300,5.5652,-Inf,0
387.01,21.797,-641,-339.44,23.068,-457.14,-447.14,-300,5.8696,-Inf,0
387.01,21.797,-641,-339.44,23.068,-457.14,-447.14,-300,6.1739,-Inf,0
387.01,21.797,-641,-339.44,23.068,-457.14,-447.14,-300,6.4783,-Inf,0
387.01,21.797,-641,-339.44,23.068,-457.14,-447.14,-300,6.7826,-Inf,0
387.01,21.797,-641,-339.44,23.068,-457.14,-447.14,-300,7.087,-Inf,0
387.01,21.797,-641,-339.44,23.068,-457.14,-447.14,-300,7.3913,-Inf,0
387.01,21.797,-641,-339.44,23.068,-457.14,-447.14,-300,7.6957,-Inf,0
387.01,21.797,-641,-339.44,23.068,-457.14,-447.14,-300,8,-Inf,0
308.48,19.143,-641,-339.44,23.068,-457.14,-447.14,-200,1,-368.24,1
308.48,19.143,-641,-339.44,23.068,-457.14,-447.14,-200,1.3043,-332.34,1
308.48,19.143,-641,-339.44,23.068,-457.14,-447.14,-200,1.6087,-308.66,1
308.48,19.143,-641,-339.44,23.068,-457.14,-447.14,-200,1.913,-296.04,1
308.48,19.143,-641,-339.44,23.068,-457.14,-447.14,-200,2.2174,-294.09,1
308.48,19.143,-641,-339.44,23.068,-457.14,-447.14,-200,2.5217,-303.26,1
308.48,19.143,-641,-339.44,23.068,-457.14,-447.14,-200,2.8261,-324.94,1
308.48,19.143,-641,-339.44,23.068,-457.14,-447.14,-200,3.1304,-361.98,1
308.48,19.143,-641,-339.44,23.068,-457.14,-447.14,-200,3.4348,-419.56,1
308.48,19.143,-641,-339.44,23.068,-457.14,-447.14,-200,3.7391,-507.49,1
308.48,19.143,-641,-339.44,23.068,-457.14,-447.14,-200,4.0435,-645.7,1
308.48,19.143,-641,-339.44,23.068,-457.14,-447.14,-200,4.3478,-881.31,1
308.48,19.143,-641,-339.44,23.068,-457.14,-447.14,-200,4.6522,-1357.7,1
308.48,19.143,-641,-339.44,23.068,-457.14,-447.14,-200,4.9565,-Inf,1
308.48,19.143,-641,-339.44,23.068,-457.14,-447.14,-200,5.2609,-Inf,1
308.48,19.143,-641,-339.44,23.068,-457.14,-447.14,-200,5.5652,-Inf,1
308.48,19.143,-641,-339.44,23.068,-457.14,-447.14,-200,5.8696,-Inf,1
308.48,19.143,-641,-339.44,23.068,-457.14,-447.14,-200,6.1739,-Inf,1
308.48,19.143,-641,-339.44,23.068,-457.14,-447.14,-200,6.4783,-Inf,1
308.48,19.143,-641,-339.44,23.068,-457.14,-447.14,-200,6.7826,-Inf,1
308.48,19.143,-641,-339.44,23.068,-457.14,-447.14,-200,7.087,-Inf,1
308.48,19.143,-641,-339.44,23.068,-457.14,-447.14,-200,7.3913,-Inf,1
308.48,19.143,-641,-339.44,23.068,-457.14,-447.14,-200,7.6957,-Inf,1
308.48,19.143,-641,-339.44,23.068,-457.14,-447.14,-200,8,-Inf,1
246.06,16.317,-641,-339.44,23.068,-457.14,-447.14,-100,1,-390.95,1
246.06,16.317,-641,-339.44,23.068,-457.14,-447.14,-100,1.3043,-350.94,1
246.06,16.317,-641,-339.44,23.068,-457.14,-447.14,-100,1.6087,-322.59,1
246.06,16.317,-641,-339.44,23.068,-457.14,-447.14,-100,1.913,-304.32,1
246.06,16.317,-641,-339.44,23.068,-457.14,-447.14,-100,2.2174,-295.33,1
246.06,16.317,-641,-339.44,23.068,-457.14,-447.14,-100,2.5217,-295.48,1
246.06,16.317,-641,-339.44,23.068,-457.14,-447.14,-100,2.8261,-305.37,1
246.06,16.317,-641,-339.44,23.068,-457.14,-447.14,-100,3.1304,-326.53,1
246.06,16.317,-641,-339.44,23.068,-457.14,-447.14,-100,3.4348,-361.94,1
246.06,16.317,-641,-339.44,23.068,-457.14,-447.14,-100,3.7391,-417.18,1
246.06,16.317,-641,-339.44,23.068,-457.14,-447.14,-100,4.0435,-503.12,1
246.06,16.317,-641,-339.44,23.068,-457.14,-447.14,-100,4.3478,-643.34,1
246.06,16.317,-641,-339.44,23.068,-457.14,-447.14,-100,4.6522,-899.59,1
246.06,16.317,-641,-339.44,23.068,-457.14,-447.14,-100,4.9565,-1499.1,1
246.06,16.317,-641,-339.44,23.068,-457.14,-447.14,-100,5.2609,-Inf,1
246.06,16.317,-641,-339.44,23.068,-457.14,-447.14,-100,5.5652,-Inf,1
246.06,16.317,-641,-339.44,23.068,-457.14,-447.14,-100,5.8696,-Inf,1
246.06,16.317,-641,-339.44,23.068,-457.14,-447.14,-100,6.1739,-Inf,1
246.06,16.317,-641,-339.44,23.068,-457.14,-447.14,-100,6.4783,-Inf,1
246.06,16.317,-641,-339.44,23.068,-457.14,-447.14,-100,6.7826,-Inf,1
246.06,16.317,-641,-339.44,23.068,-457.14,-447.14,-100,7.087,-Inf,1
246.06,16.317,-641,-339.44,23.068,-457.14,-447.14,-100,7.3913,-Inf,1
246.06,16.317,-641,-339.44,23.068,-457.14,-447.14,-100,7.6957,-Inf,1
246.06,16.317,-641,-339.44,23.068,-457.14,-447.14,-100,8,-Inf,1
214.32,13.691,-641,-339.44,23.068,-457.14,-447.14,0,1,-423.9,1
214.32,13.691,-641,-339.44,23.068,-457.14,-447.14,0,1.3043,-377.89,1
214.32,13.691,-641,-339.44,23.068,-457.14,-447.14,0,1.6087,-343.84,1
214.32,13.691,-641,-339.44,23.068,-457.14,-447.14,0,1.913,-319.68,1
214.32,13.691,-641,-339.44,23.068,-457.14,-447.14,0,2.2174,-304.13,1
214.32,13.691,-641,-339.44,23.068,-457.14,-447.14,0,2.5217,-296.54,1
214.32,13.691,-641,-339.44,23.068,-457.14,-447.14,0,2.8261,-296.88,1
214.32,13.691,-641,-339.44,23.068,-457.14,-447.14,0,3.1304,-305.76,1
214.32,13.691,-641,-339.44,23.068,-457.14,-447.14,0,3.4348,-324.68,1
214.32,13.691,-641,-339.44,23.068,-457.14,-447.14,0,3.7391,-356.6,1
214.32,13.691,-641,-339.44,23.068,-457.14,-447.14,0,4.0435,-407.11,1
214.32,13.691,-641,-339.44,23.068,-457.14,-447.14,0,4.3478,-487.57,1
214.32,13.691,-641,-339.44,23.068,-457.14,-447.14,0,4.6522,-624.05,1
214.32,13.691,-641,-339.44,23.068,-457.14,-447.14,0,4.9565,-891.8,1
214.32,13.691,-641,-339.44,23.068,-457.14,-447.14,0,5.2609,-1626.5,1
214.32,13.691,-641,-339.44,23.068,-457.14,-447.14,0,5.5652,-Inf,1
214.32,13.691,-641,-339.44,23.068,-457.14,-447.14,0,5.8696,-Inf,1
214.32,13.691,-641,-339.44,23.068,-457.14,-447.14,0,6.1739,-Inf,1
214.32,13.691,-641,-339.44,23.068,-457.14,-447.14,0,6.4783,-Inf,1
214.32,13.691,-641,-339.44,23.068,-457.14,-447.14,0,6.7826,-Inf,1
214.32,13.691,-641,-339.44,23.068,-457.14,-447.14,0,7.087,-Inf,1
214.32,13.691,-641,-339.44,23.068,-457.14,-447.14,0,7.3913,-Inf,1
214.32,13.691,-641,-339.44,23.068,-457.14,-447.14,0,7.6957,-Inf,1
214.32,13.691,-641,-339.44,23.068,-457.14,-447.14,0,8,-Inf,1
226.54,12.302,-641,-339.44,23.068,-457.14,-447.14,100,1,-476.79,1
226.54,12.302,-641,-339.44,23.068,-457.14,-447.14,100,1.3043,-420.38,1
226.54,12.302,-641,-339.44,23.068,-457.14,-447.14,100,1.6087,-377.77,1
226.54,12.302,-641,-339.44,23.068,-457.14,-447.14,100,1.913,-346.01,1
226.54,12.302,-641,-339.44,23.068,-457.14,-447.14,100,2.2174,-323.15,1
226.54,12.302,-641,-339.44,23.068,-457.14,-447.14,100,2.5217,-307.99,1
226.54,12.302,-641,-339.44,23.068,-457.14,-447.14,100,2.8261,-299.92,1
226.54,12.302,-641,-339.44,23.068,-457.14,-447.14,100,3.1304,-298.86,1
226.54,12.302,-641,-339.44,23.068,-457.14,-447.14,100,3.4348,-305.32,1
226.54,12.302,-641,-339.44,23.068,-457.14,-447.14,100,3.7391,-320.65,1
226.54,12.302,-641,-339.44,23.068,-457.14,-447.14,100,4.0435,-347.51,1
226.54,12.302,-641,-339.44,23.068,-457.14,-447.14,100,4.3478,-391.11,1
226.54,12.302,-641,-339.44,23.068,-457.14,-447.14,100,4.6522,-462.26,1
226.54,12.302,-641,-339.44,23.068,-457.14,-447.14,100,4.9565,-586.86,1
226.54,12.302,-641,-339.44,23.068,-457.14,-447.14,100,5.2609,-844.68,1
226.54,12.302,-641,-339.44,23.068,-457.14,-447.14,100,5.5652,-Inf,1
226.54,12.302,-641,-339.44,23.068,-457.14,-447.14,100,5.8696,-Inf,1
226.54,12.302,-641,-339.44,23.068,-457.14,-447.14,100,6.1739,-Inf,1
226.54,12.302,-641,-339.44,23.068,-457.14,-447.14,100,6.4783,-Inf,1
226.54,12.302,-641,-339.44,23.068,-457.14,-447.14,100,6.7826,-Inf,1
226.54,12.302,-641,-339.44,23.068,-457.14,-447.14,100,7.087,-Inf,1
226.54,12.302,-641,-339.44,23.068,-457.14,-447.14,100,7.3913,-Inf,1
226.54,12.302,-641,-339.44,23.068,-457.14,-447.14,100,7.6957,-Inf,1
226.54,12.302,-641,-339.44,23.068,-457.14,-447.14,100,8,-Inf,1
276.96,13.805,-641,-339.44,23.068,-457.14,-447.14,200,1,-573.11,1
276.96,13.805,-641,-339.44,23.068,-457.14,-447.14,200,1.3043,-495.66,1
276.96,13.805,-641,-339.44,23.068,-457.14,-447.14,200,1.6087,-437.22,1
276.96,13.805,-641,-339.44,23.068,-457.14,-447.14,200,1.913,-392.89,1
276.96,13.805,-641,-339.44,23.068,-457.14,-447.14,200,2.2174,-359.47,1
276.96,13.805,-641,-339.44,23.068,-457.14,-447.14,200,2.5217,-334.86,1
276.96,13.805,-641,-339.44,23.068,-457.14,-447.14,200,2.8261,-317.71,1
276.96,13.805,-641,-339.44,23.068,-457.14,-447.14,200,3.1304,-307.27,1
276.96,13.805,-641,-339.44,23.068,-457.14,-447.14,200,3.4348,-303.3,1
276.96,13.805,-641,-339.44,23.068,-457.14,-447.14,200,3.7391,-306.11,1
276.96,13.805,-641,-339.44,23.068,-457.14,-447.14,200,4.0435,-316.73,1
276.96,13.805,-641,-339.44,23.068,-457.14,-447.14,200,4.3478,-337.35,1
276.96,13.805,-641,-339.44,23.068,-457.14,-447.14,200,4.6522,-372.34,1
276.96,13.805,-641,-339.44,23.068,-457.14,-447.14,200,4.9565,-430.88,1
276.96,13.805,-641,-339.44,23.068,-457.14,-447.14,200,5.2609,-535.15,1
276.96,13.805,-641,-339.44,23.068,-457.14,-447.14,200,5.5652,-753.83,1
276.96,13.805,-641,-339.44,23.068,-457.14,-447.14,200,5.8696,-1439.7,1
276.96,13.805,-641,-339.44,23.068,-457.14,-447.14,200,6.1739,-Inf,1
276.96,13.805,-641,-339.44,23.068,-457.14,-447.14,200,6.4783,-Inf,1
276.96,13.805,-641,-339.44,23.068,-457.14,-447.14,200,6.7826,-Inf,1
276.96,13.805,-641,-339.44,23.068,-457.14,-447.14,200,7.087,-Inf,1
276.96,13.805,-641,-339.44,23.068,-457.14,-447.14,200,7.3913,-Inf,1
276.96,13.805,-641,-339.44,23.068,-457.14,-447.14,200,7.6957,-Inf,1
276.96,13.805,-641,-339.44,23.068,-457.14,-447.14,200,8,-Inf,1
349.42,18.72,-641,-339.44,23.068,-457.14,-447.14,300,1,-772.12,0
349.42,18.72,-641,-339.44,23.068,-457.14,-447.14,300,1.3043,-645.54,0
349.42,18.72,-641,-339.44,23.068,-457.14,-447.14,300,1.6087,-552.5,0
349.42,18.72,-641,-339.44,23.068,-457.14,-447.14,300,1.913,-482.75,0
349.42,18.72,-641,-339.44,23.068,-457.14,-447.14,300,2.2174,-429.85,0
349.42,18.72,-641,-339.44,23.068,-457.14,-447.14,300,2.5217,-389.62,0
349.42,18.72,-641,-339.44,23.068,-457.14,-447.14,300,2.8261,-359.32,0
349.42,18.72,-641,-339.44,23.068,-457.14,-447.14,300,3.1304,-337.14,0
349.42,18.72,-641,-339.44,23.068,-457.14,-447.14,300,3.4348,-321.96,0
349.42,18.72,-641,-339.44,23.068,-457.14,-447.14,300,3.7391,-313.24,0
349.42,18.72,-641,-339.44,23.068,-457.14,-447.14,300,4.0435,-310.94,0
349.42,18.72,-641,-339.44,23.068,-457.14,-447.14,300,4.3478,-315.67,0
349.42,18.72,-641,-339.44,23.068,-457.14,-447.14,300,4.6522,-328.99,0
349.42,18.72,-641,-339.44,23.068,-457.14,-447.14,300,4.9565,-354.11,0
349.42,18.72,-641,-339.44,23.068,-457.14,-447.14,300,5.2609,-397.83,0
349.42,18.72,-641,-339.44,23.068,-457.14,-447.14,300,5.5652,-476.09,0
349.42,18.72,-641,-339.44,23.068,-457.14,-447.14,300,5.8696,-635.32,0
349.42,18.72,-641,-339.44,23.068,-457.14,-447.14,300,6.1739,-1081.4,0
349.42,18.72,-641,-339.44,23.068,-457.14,-447.14,300,6.4783,-Inf,0
349.42,18.72,-641,-339.44,23.068,-457.14,-447.14,300,6.7826,-Inf,0
349.42,18.72,-641,-339.44,23.068,-457.14,-447.14,300,7.087,-Inf,0
349.42,18.72,-641,-339.44,23.068,-457.14,-447.14,300,7.3913,-Inf,0
349.42,18.72,-641,-339.44,23.068,-457.14,-447.14,300,7.6957,-Inf,0
349.42,18.72,-641,-339.44,23.068,-457.14,-447.14,300,8,-Inf,0
372.23,21.545,-641,-339.44,23.068,-457.14,-358.93,-300,1,-312.57,0
372.23,21.545,-641,-339.44,23.068,-457.14,-358.93,-300,1.3043,-283.47,0
372.23,21.545,-641,-339.44,23.068,-457.14,-358.93,-300,1.6087,-266.5,0
372.23,21.545,-641,-339.44,23.068,-457.14,-358.93,-300,1.913,-260.97,0
372.23,21.545,-641,-339.44,23.068,-457.14,-358.93,-300,2.2174,-266.99,0
372.23,21.545,-641,-339.44,23.068,-457.14,-358.93,-300,2.5217,-285.59,0
372.23,21.545,-641,-339.44,23.068,-457.14,-358.93,-300,2.8261,-319.01,0
372.23,21.545,-641,-339.44,23.068,-457.14,-358.93,-300,3.1304,-371.45,0
372.23,21.545,-641,-339.44,23.068,-457.14,-358.93,-300,3.4348,-450.53,0
372.23,21.545,-641,-339.44,23.068,-457.14,-358.93,-300,3.7391,-570.86,0
372.23,21.545,-641,-339.44,23.068,-457.14,-358.93,-300,4.0435,-763.77,0
372.23,21.545,-641,-339.44,23.068,-457.14,-358.93,-300,4.3478,-1109.8,0
372.23,21.545,-641,-339.44,23.068,-457.14,-358.93,-300,4.6522,-1897.8,0
372.23,21.545,-641,-339.44,23.068,-457.14,-358.93,-300,4.9565,-Inf,0
372.23,21.545,-641,-339.44,23.068,-457.14,-358.93,-300,5.2609,-Inf,0
372.23,21.545,-641,-339.44,23.068,-457.14,-358.93,-300,5.5652,-Inf,0
372.23,21.545,-641,-339.44,23.068,-457.14,-358.93,-300,5.8696,-Inf,0
372.23,21.545,-641,-339.44,23.068,-457.14,-358.93,-300,6.1739,-Inf,0
372.23,21.545,-641,-339.44,23.068,-457.14,-358.93,-300,6.4783,-Inf,0
372.23,21.545,-641,-339.44,23.068,-457.14,-358.93,-300,6.7826,-Inf,0
372.23,21.545,-641,-339.44,23.068,-457.14,-358.93,-300,7.087,-Inf,0
372.23,21.545,-641,-339.44,23.068,-457.14,-358.93,-300,7.3913,-Inf,0
372.23,21.545,-641,-339.44,23.068,-457.14,-358.93,-300,7.6957,-Inf,0
372.23,21.545,-641,-339.44,23.068,-457.14,-358.93,-300,8,-Inf,0
289.73,18.422,-641,-339.44,23.068,-457.14,-358.93,-200,1,-326.36,0
289.73,18.422,-641,-339.44,23.068,-457.14,-358.93,-200,1.3043,-294.74,0
289.73,18.422,-641,-339.44,23.068,-457.14,-358.93,-200,1.6087,-273.95,0
289.73,18.422,-641,-339.44,23.068,-457.14,-358.93,-200,1.913,-262.99,0
289.73,18.422,-641,-339.44,23.068,-457.14,-358.93,-200,2.2174,-261.51,0
289.73,18.422,-641,-339.44,23.068,-457.14,-358.93,-200,2.5217,-269.91,0
289.73,18.422,-641,-339.44,23.068,-457.14,-358.93,-200,2.8261,-289.43,0
289.73,18.422,-641,-339.44,23.068,-457.14,-358.93,-200,3.1304,-322.58,0
289.73,18.422,-641,-339.44,23.068,-457.14,-358.93,-200,3.4348,-373.96,0
289.73,18.422,-641,-339.44,23.068,-457.14,-358.93,-200,3.7391,-452.18,0
289.73,18.422,-641,-339.44,23.068,-457.14,-358.93,-200,4.0435,-574.78,0
289.73,18.422,-641,-339.44,23.068,-457.14,-358.93,-200,4.3478,-782.93,0
289.73,18.422,-641,-339.44,23.068,-457.14,-358.93,-200,4.6522,-1200.9,0
289.73,18.422,-641,-339.44,23.068,-457.14,-358.93,-200,4.9565,-Inf,0
289.73,18.422,-641,-339.44,23.068,-457.14,-358.93,-200,5.2609,-Inf,0
289.73,18.422,-641,-339.44,23.068,-457.14,-358.93,-200,5.5652,-Inf,0
289.73,18.422,-641,-339.44,23.068,-457.14,-358.93,-200,5.8696,-Inf,0
289.73,18.422,-641,-339.44,23.068,-457.14,-358.93,-200,6.1739,-Inf,0
289.73,18.422,-641,-339.44,23.068,-457.14,-358.93,-200,6.4783,-Inf,0
289.73,18.422,-641,-339.44,23.068,-457.14,-358.93,-200,6.7826,-Inf,0
289.73,18.422,-641,-339.44,23.068,-457.14,-358.93,-200,7.087,-Inf,0
289.73,18.422,-641,-339.44,23.068,-457.14,-358.93,-200,7.3913,-Inf,0
289.73,18.422,-641,-339.44,23.068,-457.14,-358.93,-200,7.6957,-Inf,0
289.73,18.422,-641,-339.44,23.068,-457.14,-358.93,-200,8,-Inf,0
222.1,14.764,-641,-339.44,23.068,-457.14,-358.93,-100,1,-344.06,1
222.1,14.764,-641,-339.44,23.068,-457.14,-358.93,-100,1.3043,-309.57,1
222.1,14.764,-641,-339.44,23.068,-457.14,-358.93,-100,1.6087,-285.17,1
222.1,14.764,-641,-339.44,23.068,-457.14,-358.93,-100,1.913,-269.51,1
222.1,14.764,-641,-339.44,23.068,-457.14,-358.93,-100,2.2174,-261.89,1
222.1,14.764,-641,-339.44,23.068,-457.14,-358.93,-100,2.5217,-262.2,1
222.1,14.764,-641,-339.44,23.068,-457.14,-358.93,-100,2.8261,-270.95,1
222.1,14.764,-641,-339.44,23.068,-457.14,-358.93,-100,3.1304,-289.46,1
222.1,14.764,-641,-339.44,23.068,-457.14,-358.93,-100,3.4348,-320.31,1
222.1,14.764,-641,-339.44,23.068,-457.14,-358.93,-100,3.7391,-368.28,1
222.1,14.764,-641,-339.44,23.068,-457.14,-358.93,-100,4.0435,-442.7,1
222.1,14.764,-641,-339.44,23.068,-457.14,-358.93,-100,4.3478,-563.69,1
222.1,14.764,-641,-339.44,23.068,-457.14,-358.93,-100,4.6522,-783.64,1
222.1,14.764,-641,-339.44,23.068,-457.14,-358.93,-100,4.9565,-1292.7,1
222.1,14.764,-641,-339.44,23.068,-457.14,-358.93,-100,5.2609,-Inf,1
222.1,14.764,-641,-339.44,23.068,-457.14,-358.93,-100,5.5652,-Inf,1
222.1,14.764,-641,-339.44,23.068,-457.14,-358.93,-100,5.8696,-Inf,1
222.1,14.764,-641,-339.44,23.068,-457.14,-358.93,-100,6.1739,-Inf,1
222.1,14.764,-641,-339.44,23.068,-457.14,-358.93,-100,6.4783,-Inf,1
222.1,14.764,-641,-339.44,23.068,-457.14,-358.93,-100,6.7826,-Inf,1
222.1,14.764,-641,-339.44,23.068,-457.14,-358.93,-100,7.087,-Inf,1
222.1,14.764,-641,-339.44,23.068,-457.14,-358.93,-100,7.3913,-Inf,1
222.1,14.764,-641,-339.44,23.068,-457.14,-358.93,-100,7.6957,-Inf,1
222.1,14.764,-641,-339.44,23.068,-457.14,-358.93,-100,8,-Inf,1
186.32,10.584,-641,-339.44,23.068,-457.14,-358.93,0,1,-368.64,1
186.32,10.584,-641,-339.44,23.068,-457.14,-358.93,0,1.3043,-330.05,1
186.32,10.584,-641,-339.44,23.068,-457.14,-358.93,0,1.6087,-301.51,1
186.32,10.584,-641,-339.44,23.068,-457.14,-358.93,0,1.913,-281.29,1
186.32,10.584,-641,-339.44,23.068,-457.14,-358.93,0,2.2174,-268.3,1
186.32,10.584,-641,-339.44,23.068,-457.14,-358.93,0,2.5217,-262.01,1
186.32,10.584,-641,-339.44,23.068,-457.14,-358.93,0,2.8261,-262.39,1
186.32,10.584,-641,-339.44,23.068,-457.14,-358.93,0,3.1304,-269.95,1
186.32,10.584,-641,-339.44,23.068,-457.14,-358.93,0,3.4348,-285.94,1
186.32,10.584,-641,-339.44,23.068,-457.14,-358.93,0,3.7391,-312.83,1
186.32,10.584,-641,-339.44,23.068,-457.14,-358.93,0,4.0435,-355.26,1
186.32,10.584,-641,-339.44,23.068,-457.14,-358.93,0,4.3478,-422.63,1
186.32,10.584,-641,-339.44,23.068,-457.14,-358.93,0,4.6522,-536.47,1
186.32,10.584,-641,-339.44,23.068,-457.14,-358.93,0,4.9565,-758.33,1
186.32,10.584,-641,-339.44,23.068,-457.14,-358.93,0,5.2609,-1357.6,1
186.32,10.584,-641,-339.44,23.068,-457.14,-358.93,0,5.5652,-Inf,1
186.32,10.584,-641,-339.44,23.068,-457.14,-358.93,0,5.8696,-Inf,1
186.32,10.584,-641,-339.44,23.068,-457.14,-358.93,0,6.1739,-Inf,1
186.32,10.584,-641,-339.44,23.068,-457.14,-358.93,0,6.4783,-Inf,1
186.32,10.584,-641,-339.44,23.068,-457.14,-358.93,0,6.7826,-Inf,1
186.32,10.584,-641,-339.44,23.068,-457.14,-358.93,0,7.087,-Inf,1
186.32,10.584,-641,-339.44,23.068,-457.14,-358.93,0,7.3913,-Inf,1
186.32,10.584,-641,-339.44,23.068,-457.14,-358.93,0,7.6957,-4123.4,1
186.32,10.584,-641,-339.44,23.068,-457.14,-358.93,0,8,-Inf,1
200.25,6.5452,-641,-339.44,23.068,-457.14,-358.93,100,1,-406.7,1
200.25,6.5452,-641,-339.44,23.068,-457.14,-358.93,100,1.3043,-360.95,1
200.25,6.5452,-641,-339.44,23.068,-457.14,-358.93,100,1.6087,-326.39,1
200.25,6.5452,-641,-339.44,23.068,-457.14,-358.93,100,1.913,-300.63,1
200.25,6.5452,-641,-339.44,23.068,-457.14,-358.93,100,2.2174,-282.09,1
200.25,6.5452,-641,-339.44,23.068,-457.14,-358.93,100,2.5217,-269.8,1
200.25,6.5452,-641,-339.44,23.068,-457.14,-358.93,100,2.8261,-263.26,1
200.25,6.5452,-641,-339.44,23.068,-457.14,-358.93,100,3.1304,-262.4,1
200.25,6.5452,-641,-339.44,23.068,-457.14,-358.93,100,3.4348,-267.64,1
200.25,6.5452,-641,-339.44,23.068,-457.14,-358.93,100,3.7391,-280.03,1
200.25,6.5452,-641,-339.44,23.068,-457.14,-358.93,100,4.0435,-301.73,1
200.25,6.5452,-641,-339.44,23.068,-457.14,-358.93,100,4.3478,-336.88,1
200.25,6.5452,-641,-339.44,23.068,-457.14,-358.93,100,4.6522,-394.09,1
200.25,6.5452,-641,-339.44,23.068,-457.14,-358.93,100,4.9565,-493.88,1
200.25,6.5452,-641,-339.44,23.068,-457.14,-358.93,100,5.2609,-698.82,1
200.25,6.5452,-641,-339.44,23.068,-457.14,-358.93,100,5.5652,-1321.8,1
200.25,6.5452,-641,-339.44,23.068,-457.14,-358.93,100,5.8696,-Inf,1
200.25,6.5452,-641,-339.44,23.068,-457.14,-358.93,100,6.1739,-Inf,1
200.25,6.5452,-641,-339.44,23.068,-457.14,-358.93,100,6.4783,-Inf,1
200.25,6.5452,-641,-339.44,23.068,-457.14,-358.93,100,6.7826,-Inf,1
200.25,6.5452,-641,-339.44,23.068,-457.14,-358.93,100,7.087,-Inf,1
200.25,6.5452,-641,-339.44,23.068,-457.14,-358.93,100,7.3913,-Inf,1
200.25,6.5452,-641,-339.44,23.068,-457.14,-358.93,100,7.6957,-Inf,1
200.25,6.5452,-641,-339.44,23.068,-457.14,-358.93,100,8,-3191.3,1
255.9,6.7414,-641,-339.44,23.068,-457.14,-358.93,200,1,-474.46,0
255.9,6.7414,-641,-339.44,23.068,-457.14,-358.93,200,1.3043,-414.04,0
255.9,6.7414,-641,-339.44,23.068,-457.14,-358.93,200,1.6087,-368.4,0
255.9,6.7414,-641,-339.44,23.068,-457.14,-358.93,200,1.913,-333.77,0
255.9,6.7414,-641,-339.44,23.068,-457.14,-358.93,200,2.2174,-307.63,0
255.9,6.7414,-641,-339.44,23.068,-457.14,-358.93,200,2.5217,-288.36,0
255.9,6.7414,-641,-339.44,23.068,-457.14,-358.93,200,2.8261,-274.91,0
255.9,6.7414,-641,-339.44,23.068,-457.14,-358.93,200,3.1304,-266.68,0
255.9,6.7414,-641,-339.44,23.068,-457.14,-358.93,200,3.4348,-263.49,0
255.9,6.7414,-641,-339.44,23.068,-457.14,-358.93,200,3.7391,-265.55,0
255.9,6.7414,-641,-339.44,23.068,-457.14,-358.93,200,4.0435,-273.67,0
255.9,6.7414,-641,-339.44,23.068,-457.14,-358.93,200,4.3478,-289.49,0
255.9,6.7414,-641,-339.44,23.068,-457.14,-358.93,200,4.6522,-316.36,0
255.9,6.7414,-641,-339.44,23.068,-457.14,-358.93,200,4.9565,-361.27,0
255.9,6.7414,-641,-339.44,23.068,-457.14,-358.93,200,5.2609,-441.01,0
255.9,6.7414,-641,-339.44,23.068,-457.14,-358.93,200,5.5652,-607.16,0
255.9,6.7414,-641,-339.44,23.068,-457.14,-358.93,200,5.8696,-1119,0
255.9,6.7414,-641,-339.44,23.068,-457.14,-358.93,200,6.1739,-Inf,0
255.9,6.7414,-641,-339.44,23.068,-457.14,-358.93,200,6.4783,-Inf,0
255.9,6.7414,-641,-339.44,23.068,-457.14,-358.93,200,6.7826,-Inf,0
255.9,6.7414,-641,-339.44,23.068,-457.14,-358.93,200,7.087,-Inf,0
255.9,6.7414,-641,-339.44,23.068,-457.14,-358.93,200,7.3913,-Inf,0
255.9,6.7414,-641,-339.44,23.068,-457.14,-358.93,200,7.6957,-Inf,0
255.9,6.7414,-641,-339.44,23.068,-457.14,-358.93,200,8,-Inf,0
332.98,13.107,-641,-339.44,23.068,-457.14,-358.93,300,1,-616,0
332.98,13.107,-641,-339.44,23.068,-457.14,-358.93,300,1.3043,-520.39,0
332.98,13.107,-641,-339.44,23.068,-457.14,-358.93,300,1.6087,-450.02,0
332.98,13.107,-641,-339.44,23.068,-457.14,-358.93,300,1.913,-397.2,0
332.98,13.107,-641,-339.44,23.068,-457.14,-358.93,300,2.2174,-357.09,0
332.98,13.107,-641,-339.44,23.068,-457.14,-358.93,300,2.5217,-326.54,0
332.98,13.107,-641,-339.44,23.068,-457.14,-358.93,300,2.8261,-303.49,0
332.98,13.107,-641,-339.44,23.068,-457.14,-358.93,300,3.1304,-286.56,0
332.98,13.107,-641,-339.44,23.068,-457.14,-358.93,300,3.4348,-274.91,0
332.98,13.107,-641,-339.44,23.068,-457.14,-358.93,300,3.7391,-268.11,0
332.98,13.107,-641,-339.44,23.068,-457.14,-358.93,300,4.0435,-266.12,0
332.98,13.107,-641,-339.44,23.068,-457.14,-358.93,300,4.3478,-269.38,0
332.98,13.107,-641,-339.44,23.068,-457.14,-358.93,300,4.6522,-279.02,0
332.98,13.107,-641,-339.44,23.068,-457.14,-358.93,300,4.9565,-297.4,0
332.98,13.107,-641,-339.44,23.068,-457.14,-358.93,300,5.2609,-329.48,0
332.98,13.107,-641,-339.44,23.068,-457.14,-358.93,300,5.5652,-386.9,0
332.98,13.107,-641,-339.44,23.068,-457.14,-358.93,300,5.8696,-503.37,0
332.98,13.107,-641,-339.44,23.068,-457.14,-358.93,300,6.1739,-826.17,0
332.98,13.107,-641,-339.44,23.068,-457.14,-358.93,300,6.4783,-Inf,0
332.98,13.107,-641,-339.44,23.068,-457.14,-358.93,300,6.7826,-Inf,0
332.98,13.107,-641,-339.44,23.068,-457.14,-358.93,300,7.087,-Inf,0
332.98,13.107,-641,-339.44,23.068,-457.14,-358.93,300,7.3913,-Inf,0
332.98,13.107,-641,-339.44,23.068,-457.14,-358.93,300,7.6957,-Inf,0
332.98,13.107,-641,-339.44,23.068,-457.14,-358.93,300,8,-Inf,0
378.02,22.366,-641,-339.44,23.068,-457.14,-270.71,-300,1,-291.45,0
378.02,22.366,-641,-339.44,23.068,-457.14,-270.71,-300,1.3043,-264.52,0
378.02,22.366,-641,-339.44,23.068,-457.14,-270.71,-300,1.6087,-248.97,0
378.02,22.366,-641,-339.44,23.068,-457.14,-270.71,-300,1.913,-244.12,0
378.02,22.366,-641,-339.44,23.068,-457.14,-270.71,-300,2.2174,-250.11,0
378.02,22.366,-641,-339.44,23.068,-457.14,-270.71,-300,2.5217,-267.89,0
378.02,22.366,-641,-339.44,23.068,-457.14,-270.71,-300,2.8261,-299.58,0
378.02,22.366,-641,-339.44,23.068,-457.14,-270.71,-300,3.1304,-349.1,0
378.02,22.366,-641,-339.44,23.068,-457.14,-270.71,-300,3.4348,-423.56,0
378.02,22.366,-641,-339.44,23.068,-457.14,-270.71,-300,3.7391,-536.56,0
378.02,22.366,-641,-339.44,23.068,-457.14,-270.71,-300,4.0435,-717.16,0
378.02,22.366,-641,-339.44,23.068,-457.14,-270.71,-300,4.3478,-1039.7,0
378.02,22.366,-641,-339.44,23.068,-457.14,-270.71,-300,4.6522,-1767.3,0
378.02,22.366,-641,-339.44,23.068,-457.14,-270.71,-300,4.9565,-Inf,0
378.02,22.366,-641,-339.44,23.068,-457.14,-270.71,-300,5.2609,-Inf,0
378.02,22.366,-641,-339.44,23.068,-457.14,-270.71,-300,5.5652,-Inf,0
378.02,22.366,-641,-339.44,23.068,-457.14,-270.71,-300,5.8696,-Inf,0
378.02,22.366,-641,-339.44,23.068,-457.14,-270.71,-300,6.1739,-Inf,0
378.02,22.366,-641,-339.44,23.068,-457.14,-270.71,-300,6.4783,-Inf,0
378.02,22.366,-641,-339.44,23.068,-457.14,-270.71,-300,6.7826,-Inf,0
378.02,22.366,-641,-339.44,23.068,-457.14,-270.71,-300,7.087,-Inf,0
378.02,22.366,-641,-339.44,23.068,-457.14,-270.71,-300,7.3913,-Inf,0
378.02,22.366,-641,-339.44,23.068,-457.14,-270.71,-300,7.6957,-Inf,0
378.02,22.366,-641,-339.44,23.068,-457.14,-270.71,-300,8,-Inf,0
297.13,19.186,-641,-339.44,23.068,-457.14,-270.71,-200,1,-303.69,0
297.13,19.186,-641,-339.44,23.068,-457.14,-270.71,-200,1.3043,-274.74,0
297.13,19.186,-641,-339.44,23.068,-457.14,-270.71,-200,1.6087,-255.8,0
297.13,19.186,-641,-339.44,23.068,-457.14,-270.71,-200,1.913,-245.93,0
297.13,19.186,-641,-339.44,23.068,-457.14,-270.71,-200,2.2174,-244.83,0
297.13,19.186,-641,-339.44,23.068,-457.14,-270.71,-200,2.5217,-252.87,0
297.13,19.186,-641,-339.44,23.068,-457.14,-270.71,-200,2.8261,-271.22,0
297.13,19.186,-641,-339.44,23.068,-457.14,-270.71,-200,3.1304,-302.16,0
297.13,19.186,-641,-339.44,23.068,-457.14,-270.71,-200,3.4348,-349.95,0
297.13,19.186,-641,-339.44,23.068,-457.14,-270.71,-200,3.7391,-422.49,0
297.13,19.186,-641,-339.44,23.068,-457.14,-270.71,-200,4.0435,-535.84,0
297.13,19.186,-641,-339.44,23.068,-457.14,-270.71,-200,4.3478,-727.53,0
297.13,19.186,-641,-339.44,23.068,-457.14,-270.71,-200,4.6522,-1109.8,0
297.13,19.186,-641,-339.44,23.068,-457.14,-270.71,-200,4.9565,-Inf,0
297.13,19.186,-641,-339.44,23.068,-457.14,-270.71,-200,5.2609,-Inf,0
297.13,19.186,-641,-339.44,23.068,-457.14,-270.71,-200,5.5652,-Inf,0
297.13,19.186,-641,-339.44,23.068,-457.14,-270.71,-200,5.8696,-Inf,0
297.13,19.186,-641,-339.44,23.068,-457.14,-270.71,-200,6.1739,-Inf,0
297.13,19.186,-641,-339.44,23.068,-457.14,-270.71,-200,6.4783,-Inf,0
297.13,19.186,-641,-339.44,23.068,-457.14,-270.71,-200,6.7826,-Inf,0
297.13,19.186,-641,-339.44,23.068,-457.14,-270.71,-200,7.087,-Inf,0
297.13,19.186,-641,-339.44,23.068,-457.14,-270.71,-200,7.3913,-Inf,0
297.13,19.186,-641,-339.44,23.068,-457.14,-270.71,-200,7.6957,-Inf,0
297.13,19.186,-641,-339.44,23.068,-457.14,-270.71,-200,8,-Inf,0
231.67,15.365,-641,-339.44,23.068,-457.14,-270.71,-100,1,-318.9,0
231.67,15.365,-641,-339.44,23.068,-457.14,-270.71,-100,1.3043,-287.76,0
231.67,15.365,-641,-339.44,23.068,-457.14,-270.71,-100,1.6087,-265.78,0
231.67,15.365,-641,-339.44,23.068,-457.14,-270.71,-100,1.913,-251.74,0
231.67,15.365,-641,-339.44,23.068,-457.14,-270.71,-100,2.2174,-245.01,0
231.67,15.365,-641,-339.44,23.068,-457.14,-270.71,-100,2.5217,-245.5,0
231.67,15.365,-641,-339.44,23.068,-457.14,-270.71,-100,2.8261,-253.66,0
231.67,15.365,-641,-339.44,23.068,-457.14,-270.71,-100,3.1304,-270.71,0
231.67,15.365,-641,-339.44,23.068,-457.14,-270.71,-100,3.4348,-298.96,0
231.67,15.365,-641,-339.44,23.068,-457.14,-270.71,-100,3.7391,-342.75,0
231.67,15.365,-641,-339.44,23.068,-457.14,-270.71,-100,4.0435,-410.47,0
231.67,15.365,-641,-339.44,23.068,-457.14,-270.71,-100,4.3478,-520.18,0
231.67,15.365,-641,-339.44,23.068,-457.14,-270.71,-100,4.6522,-718.57,0
231.67,15.365,-641,-339.44,23.068,-457.14,-270.71,-100,4.9565,-1172.9,0
231.67,15.365,-641,-339.44,23.068,-457.14,-270.71,-100,5.2609,-Inf,0
231.67,15.365,-641,-339.44,23.068,-457.14,-270.71,-100,5.5652,-Inf,0
231.67,15.365,-641,-339.44,23.068,-457.14,-270.71,-100,5.8696,-Inf,0
231.67,15.365,-641,-339.44,23.068,-457.14,-270.71,-100,6.1739,-Inf,0
231.67,15.365,-641,-339.44,23.068,-457.14,-270.71,-100,6.4783,-Inf,0
231.67,15.365,-641,-339.44,23.068,-457.14,-270.71,-100,6.7826,-Inf,0
231.67,15.365,-641,-339.44,23.068,-457.14,-270.71,-100,7.087,-Inf,0
231.67,15.365,-641,-339.44,23.068,-457.14,-270.71,-100,7.3913,-Inf,0
231.67,15.365,-641,-339.44,23.068,-457.14,-270.71,-100,7.6957,-Inf,0
231.67,15.365,-641,-339.44,23.068,-457.14,-270.71,-100,8,-Inf,0
197.63,10.748,-641,-339.44,23.068,-457.14,-270.71,0,1,-339.27,0
197.63,10.748,-641,-339.44,23.068,-457.14,-270.71,0,1.3043,-305.07,0
197.63,10.748,-641,-339.44,23.068,-457.14,-270.71,0,1.6087,-279.8,0
197.63,10.748,-641,-339.44,23.068,-457.14,-270.71,0,1.913,-261.92,0
197.63,10.748,-641,-339.44,23.068,-457.14,-270.71,0,2.2174,-250.48,0
197.63,10.748,-641,-339.44,23.068,-457.14,-270.71,0,2.5217,-245.02,0
197.63,10.748,-641,-339.44,23.068,-457.14,-270.71,0,2.8261,-245.49,0
197.63,10.748,-641,-339.44,23.068,-457.14,-270.71,0,3.1304,-252.35,0
197.63,10.748,-641,-339.44,23.068,-457.14,-270.71,0,3.4348,-266.72,0
197.63,10.748,-641,-339.44,23.068,-457.14,-270.71,0,3.7391,-290.76,0
197.63,10.748,-641,-339.44,23.068,-457.14,-270.71,0,4.0435,-328.58,0
197.63,10.748,-641,-339.44,23.068,-457.14,-270.71,0,4.3478,-388.45,0
197.63,10.748,-641,-339.44,23.068,-457.14,-270.71,0,4.6522,-489.2,0
197.63,10.748,-641,-339.44,23.068,-457.14,-270.71,0,4.9565,-684.21,0
197.63,10.748,-641,-339.44,23.068,-457.14,-270.71,0,5.2609,-1202.9,0
197.63,10.748,-641,-339.44,23.068,-457.14,-270.71,0,5.5652,-Inf,0
197.63,10.748,-641,-339.44,23.068,-457.14,-270.71,0,5.8696,-Inf,0
197.63,10.748,-641,-339.44,23.068,-457.14,-270.71,0,6.1739,-Inf,0
197.63,10.748,-641,-339.44,23.068,-457.14,-270.71,0,6.4783,-Inf,0
197.63,10.748,-641,-339.44,23.068,-457.14,-270.71,0,6.7826,-Inf,0
197.63,10.748,-641,-339.44,23.068,-457.14,-270.71,0,7.087,-Inf,0
197.63,10.748,-641,-339.44,23.068,-457.14,-270.71,0,7.3913,-Inf,0
197.63,10.748,-641,-339.44,23.068,-457.14,-270.71,0,7.6957,-3828,0
197.63,10.748,-641,-339.44,23.068,-457.14,-270.71,0,8,-Inf,0
210.82,5.2273,-641,-339.44,23.068,-457.14,-270.71,100,1,-369.77,1
210.82,5.2273,-641,-339.44,23.068,-457.14,-270.71,100,1.3043,-330.17,1
210.82,5.2273,-641,-339.44,23.068,-457.14,-270.71,100,1.6087,-300.26,1
210.82,5.2273,-641,-339.44,23.068,-457.14,-270.71,100,1.913,-277.97,1
210.82,5.2273,-641,-339.44,23.068,-457.14,-270.71,100,2.2174,-261.94,1
210.82,5.2273,-641,-339.44,23.068,-457.14,-270.71,100,2.5217,-251.33,1
210.82,5.2273,-641,-339.44,23.068,-457.14,-270.71,100,2.8261,-245.71,1
210.82,5.2273,-641,-339.44,23.068,-457.14,-270.71,100,3.1304,-245.02,1
210.82,5.2273,-641,-339.44,23.068,-457.14,-270.71,100,3.4348,-249.61,1
210.82,5.2273,-641,-339.44,23.068,-457.14,-270.71,100,3.7391,-260.41,1
210.82,5.2273,-641,-339.44,23.068,-457.14,-270.71,100,4.0435,-279.23,1
210.82,5.2273,-641,-339.44,23.068,-457.14,-270.71,100,4.3478,-309.64,1
210.82,5.2273,-641,-339.44,23.068,-457.14,-270.71,100,4.6522,-358.99,1
210.82,5.2273,-641,-339.44,23.068,-457.14,-270.71,100,4.9565,-444.69,1
210.82,5.2273,-641,-339.44,23.068,-457.14,-270.71,100,5.2609,-619.37,1
210.82,5.2273,-641,-339.44,23.068,-457.14,-270.71,100,5.5652,-1140.3,1
210.82,5.2273,-641,-339.44,23.068,-457.14,-270.71,100,5.8696,-Inf,1
210.82,5.2273,-641,-339.44,23.068,-457.14,-270.71,100,6.1739,-Inf,1
210.82,5.2273,-641,-339.44,23.068,-457.14,-270.71,100,6.4783,-Inf,1
210.82,5.2273,-641,-339.44,23.068,-457.14,-270.71,100,6.7826,-Inf,1
210.82,5.2273,-641,-339.44,23.068,-457.14,-270.71,100,7.087,-Inf,1
210.82,5.2273,-641,-339.44,23.068,-457.14,-270.71,100,7.3913,-Inf,1
210.82,5.2273,-641,-339.44,23.068,-457.14,-270.71,100,7.6957,-Inf,1
210.82,5.2273,-641,-339.44,23.068,-457.14,-270.71,100,8,-2895.8,1
264.25,2.7705,-641,-339.44,23.068,-457.14,-270.71,200,1,-422.74,0
264.25,2.7705,-641,-339.44,23.068,-457.14,-270.71,200,1.3043,-371.92,0
264.25,2.7705,-641,-339.44,23.068,-457.14,-270.71,200,1.6087,-333.52,0
264.25,2.7705,-641,-339.44,23.068,-457.14,-270.71,200,1.913,-304.35,0
264.25,2.7705,-641,-339.44,23.068,-457.14,-270.71,200,2.2174,-282.34,0
264.25,2.7705,-641,-339.44,23.068,-457.14,-270.71,200,2.5217,-266.09,0
264.25,2.7705,-641,-339.44,23.068,-457.14,-270.71,200,2.8261,-254.75,0
264.25,2.7705,-641,-339.44,23.068,-457.14,-270.71,200,3.1304,-247.8,0
264.25,2.7705,-641,-339.44,23.068,-457.14,-270.71,200,3.4348,-245.08,0
264.25,2.7705,-641,-339.44,23.068,-457.14,-270.71,200,3.7391,-246.78,0
264.25,2.7705,-641,-339.44,23.068,-457.14,-270.71,200,4.0435,-253.54,0
264.25,2.7705,-641,-339.44,23.068,-457.14,-270.71,200,4.3478,-266.74,0
264.25,2.7705,-641,-339.44,23.068,-457.14,-270.71,200,4.6522,-289.15,0
264.25,2.7705,-641,-339.44,23.068,-457.14,-270.71,200,4.9565,-326.5,0
264.25,2.7705,-641,-339.44,23.068,-457.14,-270.71,200,5.2609,-392.6,0
264.25,2.7705,-641,-339.44,23.068,-457.14,-270.71,200,5.5652,-529.37,0
264.25,2.7705,-641,-339.44,23.068,-457.14,-270.71,200,5.8696,-943.27,0
264.25,2.7705,-641,-339.44,23.068,-457.14,-270.71,200,6.1739,-Inf,0
264.25,2.7705,-641,-339.44,23.068,-457.14,-270.71,200,6.4783,-Inf,0
264.25,2.7705,-641,-339.44,23.068,-457.14,-270.71,200,6.7826,-Inf,0
264.25,2.7705,-641,-339.44,23.068,-457.14,-270.71,200,7.087,-Inf,0
264.25,2.7705,-641,-339.44,23.068,-457.14,-270.71,200,7.3913,-Inf,0
264.25,2.7705,-641,-339.44,23.068,-457.14,-270.71,200,7.6957,-Inf,0
264.25,2.7705,-641,-339.44,23.068,-457.14,-270.71,200,8,-Inf,0
339.44,10.63,-641,-339.44,23.068,-457.14,-270.71,300,1,-532.61,0
339.44,10.63,-641,-339.44,23.068,-457.14,-270.71,300,1.3043,-454.51,0
339.44,10.63,-641,-339.44,23.068,-457.14,-270.71,300,1.6087,-396.97,0
339.44,10.63,-641,-339.44,23.068,-457.14,-270.71,300,1.913,-353.72,0
339.44,10.63,-641,-339.44,23.068,-457.14,-270.71,300,2.2174,-320.85,0
339.44,10.63,-641,-339.44,23.068,-457.14,-270.71,300,2.5217,-295.78,0
339.44,10.63,-641,-339.44,23.068,-457.14,-270.71,300,2.8261,-276.83,0
339.44,10.63,-641,-339.44,23.068,-457.14,-270.71,300,3.1304,-262.89,0
339.44,10.63,-641,-339.44,23.068,-457.14,-270.71,300,3.4348,-253.26,0
339.44,10.63,-641,-339.44,23.068,-457.14,-270.71,300,3.7391,-247.57,0
339.44,10.63,-641,-339.44,23.068,-457.14,-270.71,300,4.0435,-245.81,0
339.44,10.63,-641,-339.44,23.068,-457.14,-270.71,300,4.3478,-248.29,0
339.44,10.63,-641,-339.44,23.068,-457.14,-270.71,300,4.6522,-255.93,0
339.44,10.63,-641,-339.44,23.068,-457.14,-270.71,300,4.9565,-270.6,0
339.44,10.63,-641,-339.44,23.068,-457.14,-270.71,300,5.2609,-296.24,0
339.44,10.63,-641,-339.44,23.068,-457.14,-270.71,300,5.5652,-342.1,0
339.44,10.63,-641,-339.44,23.068,-457.14,-270.71,300,5.8696,-434.73,0
339.44,10.63,-641,-339.44,23.068,-457.14,-270.71,300,6.1739,-688.62,0
339.44,10.63,-641,-339.44,23.068,-457.14,-270.71,300,6.4783,-Inf,0
339.44,10.63,-641,-339.44,23.068,-457.14,-270.71,300,6.7826,-Inf,0
339.44,10.63,-641,-339.44,23.068,-457.14,-270.71,300,7.087,-Inf,0
339.44,10.63,-641,-339.44,23.068,-457.14,-270.71,300,7.3913,-Inf,0
339.44,10.63,-641,-339.44,23.068,-457.14,-270.71,300,7.6957,-Inf,0
339.44,10.63,-641,-339.44,23.068,-457.14,-270.71,300,8,-Inf,0
403.49,24.219,-641,-339.44,23.068,-457.14,-182.5,-300,1,-285.31,0
403.49,24.219,-641,-339.44,23.068,-457.14,-182.5,-300,1.3043,-259.51,0
403.49,24.219,-641,-339.44,23.068,-457.14,-182.5,-300,1.6087,-244.75,0
403.49,24.219,-641,-339.44,23.068,-457.14,-182.5,-300,1.913,-240.4,0
403.49,24.219,-641,-339.44,23.068,-457.14,-182.5,-300,2.2174,-246.59,0
403.49,24.219,-641,-339.44,23.068,-457.14,-182.5,-300,2.5217,-264.27,0
403.49,24.219,-641,-339.44,23.068,-457.14,-182.5,-300,2.8261,-295.5,0
403.49,24.219,-641,-339.44,23.068,-457.14,-182.5,-300,3.1304,-344.08,0
403.49,24.219,-641,-339.44,23.068,-457.14,-182.5,-300,3.4348,-416.91,0
403.49,24.219,-641,-339.44,23.068,-457.14,-182.5,-300,3.7391,-527.14,0
403.49,24.219,-641,-339.44,23.068,-457.14,-182.5,-300,4.0435,-702.78,0
403.49,24.219,-641,-339.44,23.068,-457.14,-182.5,-300,4.3478,-1015,0
403.49,24.219,-641,-339.44,23.068,-457.14,-182.5,-300,4.6522,-1713.3,0
403.49,24.219,-641,-339.44,23.068,-457.14,-182.5,-300,4.9565,-Inf,0
403.49,24.219,-641,-339.44,23.068,-457.14,-182.5,-300,5.2609,-Inf,0
403.49,24.219,-641,-339.44,23.068,-457.14,-182.5,-300,5.5652,-Inf,0
403.49,24.219,-641,-339.44,23.068,-457.14,-182.5,-300,5.8696,-Inf,0
403.49,24.219,-641,-339.44,23.068,-457.14,-182.5,-300,6.1739,-Inf,0
403.49,24.219,-641,-339.44,23.068,-457.14,-182.5,-300,6.4783,-Inf,0
403.49,24.219,-641,-339.44,23.068,-457.14,-182.5,-300,6.7826,-Inf,0
403.49,24.219,-641,-339.44,23.068,-457.14,-182.5,-300,7.087,-Inf,0
403.49,24.219,-641,-339.44,23.068,-457.14,-182.5,-300,7.3913,-Inf,0
403.49,24.219,-641,-339.44,23.068,-457.14,-182.5,-300,7.6957,-Inf,0
403.49,24.219,-641,-339.44,23.068,-457.14,-182.5,-300,8,-Inf,0
328.92,21.39,-641,-339.44,23.068,-457.14,-182.5,-200,1,-296.93,0
328.92,21.39,-641,-339.44,23.068,-457.14,-182.5,-200,1.3043,-269.26,0
328.92,21.39,-641,-339.44,23.068,-457.14,-182.5,-200,1.6087,-251.26,0
328.92,21.39,-641,-339.44,23.068,-457.14,-182.5,-200,1.913,-242.01,0
328.92,21.39,-641,-339.44,23.068,-457.14,-182.5,-200,2.2174,-241.26,0
328.92,21.39,-641,-339.44,23.068,-457.14,-182.5,-200,2.5217,-249.35,0
328.92,21.39,-641,-339.44,23.068,-457.14,-182.5,-200,2.8261,-267.41,0
328.92,21.39,-641,-339.44,23.068,-457.14,-182.5,-200,3.1304,-297.67,0
328.92,21.39,-641,-339.44,23.068,-457.14,-182.5,-200,3.4348,-344.21,0
328.92,21.39,-641,-339.44,23.068,-457.14,-182.5,-200,3.7391,-414.66,0
328.92,21.39,-641,-339.44,23.068,-457.14,-182.5,-200,4.0435,-524.41,0
328.92,21.39,-641,-339.44,23.068,-457.14,-182.5,-200,4.3478,-709.25,0
328.92,21.39,-641,-339.44,23.068,-457.14,-182.5,-200,4.6522,-1075.4,0
328.92,21.39,-641,-339.44,23.068,-457.14,-182.5,-200,4.9565,-Inf,0
328.92,21.39,-641,-339.44,23.068,-457.14,-182.5,-200,5.2609,-Inf,0
328.92,21.39,-641,-339.44,23.068,-457.14,-182.5,-200,5.5652,-Inf,0
328.92,21.39,-641,-339.44,23.068,-457.14,-182.5,-200,5.8696,-Inf,0
328.92,21.39,-641,-339.44,23.068,-457.14,-182.5,-200,6.1739,-Inf,0
328.92,21.39,-641,-339.44,23.068,-457.14,-182.5,-200,6.4783,-Inf,0
328.92,21.39,-641,-339.44,23.068,-457.14,-182.5,-200,6.7826,-Inf,0
328.92,21.39,-641,-339.44,23.068,-457.14,-182.5,-200,7.087,-Inf,0
328.92,21.39,-641,-339.44,23.068,-457.14,-182.5,-200,7.3913,-Inf,0
328.92,21.39,-641,-339.44,23.068,-457.14,-182.5,-200,7.6957,-Inf,0
328.92,21.39,-641,-339.44,23.068,-457.14,-182.5,-200,8,-Inf,0
271.25,18.115,-641,-339.44,23.068,-457.14,-182.5,-100,1,-311.18,0
271.25,18.115,-641,-339.44,23.068,-457.14,-182.5,-100,1.3043,-281.58,0
271.25,18.115,-641,-339.44,23.068,-457.14,-182.5,-100,1.6087,-260.73,0
271.25,18.115,-641,-339.44,23.068,-457.14,-182.5,-100,1.913,-247.49,0
271.25,18.115,-641,-339.44,23.068,-457.14,-182.5,-100,2.2174,-241.27,0
271.25,18.115,-641,-339.44,23.068,-457.14,-182.5,-100,2.5217,-241.98,0
271.25,18.115,-641,-339.44,23.068,-457.14,-182.5,-100,2.8261,-250.07,0
271.25,18.115,-641,-339.44,23.068,-457.14,-182.5,-100,3.1304,-266.69,0
271.25,18.115,-641,-339.44,23.068,-457.14,-182.5,-100,3.4348,-294.08,0
271.25,18.115,-641,-339.44,23.068,-457.14,-182.5,-100,3.7391,-336.36,0
271.25,18.115,-641,-339.44,23.068,-457.14,-182.5,-100,4.0435,-401.54,0
271.25,18.115,-641,-339.44,23.068,-457.14,-182.5,-100,4.3478,-506.75,0
271.25,18.115,-641,-339.44,23.068,-457.14,-182.5,-100,4.6522,-696.01,0
271.25,18.115,-641,-339.44,23.068,-457.14,-182.5,-100,4.9565,-1124.9,0
271.25,18.115,-641,-339.44,23.068,-457.14,-182.5,-100,5.2609,-Inf,0
271.25,18.115,-641,-339.44,23.068,-457.14,-182.5,-100,5.5652,-Inf,0
271.25,18.115,-641,-339.44,23.068,-457.14,-182.5,-100,5.8696,-Inf,0
271.25,18.115,-641,-339.44,23.068,-457.14,-182.5,-100,6.1739,-Inf,0
271.25,18.115,-641,-339.44,23.068,-457.14,-182.5,-100,6.4783,-Inf,0
271.25,18.115,-641,-339.44,23.068,-457.14,-182.5,-100,6.7826,-Inf,0
271.25,18.115,-641,-339.44,23.068,-457.14,-182.5,-100,7.087,-Inf,0
271.25,18.115,-641,-339.44,23.068,-457.14,-182.5,-100,7.3913,-Inf,0
271.25,18.115,-641,-339.44,23.068,-457.14,-182.5,-100,7.6957,-Inf,0
271.25,18.115,-641,-339.44,23.068,-457.14,-182.5,-100,8,-Inf,0
242.82,14.473,-641,-339.44,23.068,-457.14,-182.5,0,1,-330.02,0
242.82,14.473,-641,-339.44,23.068,-457.14,-182.5,0,1.3043,-297.72,0
242.82,14.473,-641,-339.44,23.068,-457.14,-182.5,0,1.6087,-273.89,0
242.82,14.473,-641,-339.44,23.068,-457.14,-182.5,0,1.913,-257.07,0
242.82,14.473,-641,-339.44,23.068,-457.14,-182.5,0,2.2174,-246.37,0
242.82,14.473,-641,-339.44,23.068,-457.14,-182.5,0,2.5217,-241.34,0
242.82,14.473,-641,-339.44,23.068,-457.14,-182.5,0,2.8261,-241.97,0
242.82,14.473,-641,-339.44,23.068,-457.14,-182.5,0,3.1304,-248.68,0
242.82,14.473,-641,-339.44,23.068,-457.14,-182.5,0,3.4348,-262.53,0
242.82,14.473,-641,-339.44,23.068,-457.14,-182.5,0,3.7391,-285.59,0
242.82,14.473,-641,-339.44,23.068,-457.14,-182.5,0,4.0435,-321.71,0
242.82,14.473,-641,-339.44,23.068,-457.14,-182.5,0,4.3478,-378.69,0
242.82,14.473,-641,-339.44,23.068,-457.14,-182.5,0,4.6522,-474.16,0
242.82,14.473,-641,-339.44,23.068,-457.14,-182.5,0,4.9565,-657.72,0
242.82,14.473,-641,-339.44,23.068,-457.14,-182.5,0,5.2609,-1138.6,0
242.82,14.473,-641,-339.44,23.068,-457.14,-182.5,0,5.5652,-Inf,0
242.82,14.473,-641,-339.44,23.068,-457.14,-182.5,0,5.8696,-Inf,0
242.82,14.473,-641,-339.44,23.068,-457.14,-182.5,0,6.1739,-Inf,0
242.82,14.473,-641,-339.44,23.068,-457.14,-182.5,0,6.4783,-Inf,0
242.82,14.473,-641,-339.44,23.068,-457.14,-182.5,0,6.7826,-Inf,0
242.82,14.473,-641,-339.44,23.068,-457.14,-182.5,0,7.087,-Inf,0
242.82,14.473,-641,-339.44,23.068,-457.14,-182.5,0,7.3913,-Inf,0
242.82,14.473,-641,-339.44,23.068,-457.14,-182.5,0,7.6957,-3789.6,0
242.82,14.473,-641,-339.44,23.068,-457.14,-182.5,0,8,-Inf,0
253.67,11.058,-641,-339.44,23.068,-457.14,-182.5,100,1,-357.8,0
253.67,11.058,-641,-339.44,23.068,-457.14,-182.5,100,1.3043,-320.77,0
253.67,11.058,-641,-339.44,23.068,-457.14,-182.5,100,1.6087,-292.8,0
253.67,11.058,-641,-339.44,23.068,-457.14,-182.5,100,1.913,-271.97,0
253.67,11.058,-641,-339.44,23.068,-457.14,-182.5,100,2.2174,-257.02,0
253.67,11.058,-641,-339.44,23.068,-457.14,-182.5,100,2.5217,-247.16,0
253.67,11.058,-641,-339.44,23.068,-457.14,-182.5,100,2.8261,-241.99,0
253.67,11.058,-641,-339.44,23.068,-457.14,-182.5,100,3.1304,-241.45,0
253.67,11.058,-641,-339.44,23.068,-457.14,-182.5,100,3.4348,-245.89,0
253.67,11.058,-641,-339.44,23.068,-457.14,-182.5,100,3.7391,-256.15,0
253.67,11.058,-641,-339.44,23.068,-457.14,-182.5,100,4.0435,-273.94,0
253.67,11.058,-641,-339.44,23.068,-457.14,-182.5,100,4.3478,-302.58,0
253.67,11.058,-641,-339.44,23.068,-457.14,-182.5,100,4.6522,-348.89,0
253.67,11.058,-641,-339.44,23.068,-457.14,-182.5,100,4.9565,-428.93,0
253.67,11.058,-641,-339.44,23.068,-457.14,-182.5,100,5.2609,-590.8,0
253.67,11.058,-641,-339.44,23.068,-457.14,-182.5,100,5.5652,-1064.3,0
253.67,11.058,-641,-339.44,23.068,-457.14,-182.5,100,5.8696,-Inf,0
253.67,11.058,-641,-339.44,23.068,-457.14,-182.5,100,6.1739,-Inf,0
253.67,11.058,-641,-339.44,23.068,-457.14,-182.5,100,6.4783,-Inf,0
253.67,11.058,-641,-339.44,23.068,-457.14,-182.5,100,6.7826,-Inf,0
253.67,11.058,-641,-339.44,23.068,-457.14,-182.5,100,7.087,-Inf,0
253.67,11.058,-641,-339.44,23.068,-457.14,-182.5,100,7.3913,-Inf,0
253.67,11.058,-641,-339.44,23.068,-457.14,-182.5,100,7.6957,-Inf,0
253.67,11.058,-641,-339.44,23.068,-457.14,-182.5,100,8,-2836.2,0
299.56,10.151,-641,-339.44,23.068,-457.14,-182.5,200,1,-405.43,0
299.56,10.151,-641,-339.44,23.068,-457.14,-182.5,200,1.3043,-358.5,0
299.56,10.151,-641,-339.44,23.068,-457.14,-182.5,200,1.6087,-323.02,0
299.56,10.151,-641,-339.44,23.068,-457.14,-182.5,200,1.913,-296.07,0
299.56,10.151,-641,-339.44,23.068,-457.14,-182.5,200,2.2174,-275.72,0
299.56,10.151,-641,-339.44,23.068,-457.14,-182.5,200,2.5217,-260.72,0
299.56,10.151,-641,-339.44,23.068,-457.14,-182.5,200,2.8261,-250.25,0
299.56,10.151,-641,-339.44,23.068,-457.14,-182.5,200,3.1304,-243.85,0
299.56,10.151,-641,-339.44,23.068,-457.14,-182.5,200,3.4348,-241.37,0
299.56,10.151,-641,-339.44,23.068,-457.14,-182.5,200,3.7391,-242.99,0
299.56,10.151,-641,-339.44,23.068,-457.14,-182.5,200,4.0435,-249.29,0
299.56,10.151,-641,-339.44,23.068,-457.14,-182.5,200,4.3478,-261.54,0
299.56,10.151,-641,-339.44,23.068,-457.14,-182.5,200,4.6522,-282.25,0
299.56,10.151,-641,-339.44,23.068,-457.14,-182.5,200,4.9565,-316.69,0
299.56,10.151,-641,-339.44,23.068,-457.14,-182.5,200,5.2609,-377.34,0
299.56,10.151,-641,-339.44,23.068,-457.14,-182.5,200,5.5652,-501.91,0
299.56,10.151,-641,-339.44,23.068,-457.14,-182.5,200,5.8696,-871.98,0
299.56,10.151,-641,-339.44,23.068,-457.14,-182.5,200,6.1739,-Inf,0
299.56,10.151,-641,-339.44,23.068,-457.14,-182.5,200,6.4783,-Inf,0
299.56,10.151,-641,-339.44,23.068,-457.14,-182.5,200,6.7826,-Inf,0
299.56,10.151,-641,-339.44,23.068,-457.14,-182.5,200,7.087,-Inf,0
299.56,10.151,-641,-339.44,23.068,-457.14,-182.5,200,7.3913,-Inf,0
299.56,10.151,-641,-339.44,23.068,-457.14,-182.5,200,7.6957,-Inf,0
299.56,10.151,-641,-339.44,23.068,-457.14,-182.5,200,8,-Inf,0
367.59,14.483,-641,-339.44,23.068,-457.14,-182.5,300,1,-503.16,0
367.59,14.483,-641,-339.44,23.068,-457.14,-182.5,300,1.3043,-432.17,0
367.59,14.483,-641,-339.44,23.068,-457.14,-182.5,300,1.6087,-379.8,0
367.59,14.483,-641,-339.44,23.068,-457.14,-182.5,300,1.913,-340.41,0
367.59,14.483,-641,-339.44,23.068,-457.14,-182.5,300,2.2174,-310.43,0
367.59,14.483,-641,-339.44,23.068,-457.14,-182.5,300,2.5217,-287.56,0
367.59,14.483,-641,-339.44,23.068,-457.14,-182.5,300,2.8261,-270.26,0
367.59,14.483,-641,-339.44,23.068,-457.14,-182.5,300,3.1304,-257.52,0
367.59,14.483,-641,-339.44,23.068,-457.14,-182.5,300,3.4348,-248.71,0
367.59,14.483,-641,-339.44,23.068,-457.14,-182.5,300,3.7391,-243.49,0
367.59,14.483,-641,-339.44,23.068,-457.14,-182.5,300,4.0435,-241.84,0
367.59,14.483,-641,-339.44,23.068,-457.14,-182.5,300,4.3478,-244.06,0
367.59,14.483,-641,-339.44,23.068,-457.14,-182.5,300,4.6522,-250.94,0
367.59,14.483,-641,-339.44,23.068,-457.14,-182.5,300,4.9565,-264.16,0
367.59,14.483,-641,-339.44,23.068,-457.14,-182.5,300,5.2609,-287.26,0
367.59,14.483,-641,-339.44,23.068,-457.14,-182.5,300,5.5652,-328.46,0
367.59,14.483,-641,-339.44,23.068,-457.14,-182.5,300,5.8696,-411.24,0
367.59,14.483,-641,-339.44,23.068,-457.14,-182.5,300,6.1739,-635.28,0
367.59,14.483,-641,-339.44,23.068,-457.14,-182.5,300,6.4783,-Inf,0
367.59,14.483,-641,-339.44,23.068,-457.14,-182.5,300,6.7826,-Inf,0
367.59,14.483,-641,-339.44,23.068,-457.14,-182.5,300,7.087,-Inf,0
367.59,14.483,-641,-339.44,23.068,-457.14,-182.5,300,7.3913,-Inf,0
367.59,14.483,-641,-339.44,23.068,-457.14,-182.5,300,7.6957,-Inf,0
367.59,14.483,-641,-339.44,23.068,-457.14,-182.5,300,8,-Inf,0
636.69,34.243,-641,-339.44,23.068,-342.86,-800,-300,1,-726.22,1
636.69,34.243,-641,-339.44,23.068,-342.86,-800,-300,1.3043,-695.92,1
636.69,34.243,-641,-339.44,23.068,-342.86,-800,-300,1.6087,-687.5,1
636.69,34.243,-641,-339.44,23.068,-342.86,-800,-300,1.913,-701.3,1
636.69,34.243,-641,-339.44,23.068,-342.86,-800,-300,2.2174,-739.49,1
636.69,34.243,-641,-339.44,23.068,-342.86,-800,-300,2.5217,-806.61,1
636.69,34.243,-641,-339.44,23.068,-342.86,-800,-300,2.8261,-911.03,1
636.69,34.243,-641,-339.44,23.068,-342.86,-800,-300,3.1304,-1067.9,1
636.69,34.243,-641,-339.44,23.068,-342.86,-800,-300,3.4348,-1306.1,1
636.69,34.243,-641,-339.44,23.068,-342.86,-800,-300,3.7391,-1687.6,1
636.69,34.243,-641,-339.44,23.068,-342.86,-800,-300,4.0435,-2371.6,1
636.69,34.243,-641,-339.44,23.068,-342.86,-800,-300,4.3478,-Inf,1
636.69,34.243,-641,-339.44,23.068,-342.86,-800,-300,4.6522,-Inf,1
636.69,34.243,-641,-339.44,23.068,-342.86,-800,-300,4.9565,-Inf,1
636.69,34.243,-641,-339.44,23.068,-342.86,-800,-300,5.2609,-Inf,1
636.69,34.243,-641,-339.44,23.068,-342.86,-800,-300,5.5652,-Inf,1
636.69,34.243,-641,-339.44,23.068,-342.86,-800,-300,5.8696,-Inf,1
636.69,34.243,-641,-339.44,23.068,-342.86,-800,-300,6.1739,-Inf,1
636.69,34.243,-641,-339.44,23.068,-342.86,-800,-300,6.4783,-Inf,1
636.69,34.243,-641,-339.44,23.068,-342.86,-800,-300,6.7826,-Inf,1
636.69,34.243,-641,-339.44,23.068,-342.86,-800,-300,7.087,-Inf,1
636.69,34.243,-641,-339.44,23.068,-342.86,-800,-300,7.3913,-Inf,1
636.69,34.243,-641,-339.44,23.068,-342.86,-800,-300,7.6957,-Inf,1
636.69,34.243,-641,-339.44,23.068,-342.86,-800,-300,8,-Inf,1
592.25,34.236,-641,-339.44,23.068,-342.86,-800,-200,1,-782.83,1
592.25,34.236,-641,-339.44,23.068,-342.86,-800,-200,1.3043,-742.01,1
592.25,34.236,-641,-339.44,23.068,-342.86,-800,-200,1.6087,-722.26,1
592.25,34.236,-641,-339.44,23.068,-342.86,-800,-200,1.913,-723.13,1
592.25,34.236,-641,-339.44,23.068,-342.86,-800,-200,2.2174,-745.77,1
592.25,34.236,-641,-339.44,23.068,-342.86,-800,-200,2.5217,-793.26,1
592.25,34.236,-641,-339.44,23.068,-342.86,-800,-200,2.8261,-871.62,1
592.25,34.236,-641,-339.44,23.068,-342.86,-800,-200,3.1304,-991.78,1
592.25,34.236,-641,-339.44,23.068,-342.86,-800,-200,3.4348,-1174.2,1
592.25,34.236,-641,-339.44,23.068,-342.86,-800,-200,3.7391,-1460.8,1
592.25,34.236,-641,-339.44,23.068,-342.86,-800,-200,4.0435,-1951.1,1
592.25,34.236,-641,-339.44,23.068,-342.86,-800,-200,4.3478,-Inf,1
592.25,34.236,-641,-339.44,23.068,-342.86,-800,-200,4.6522,-Inf,1
592.25,34.236,-641,-339.44,23.068,-342.86,-800,-200,4.9565,-Inf,1
592.25,34.236,-641,-339.44,23.068,-342.86,-800,-200,5.2609,-Inf,1
592.25,34.236,-641,-339.44,23.068,-342.86,-800,-200,5.5652,-Inf,1
592.25,34.236,-641,-339.44,23.068,-342.86,-800,-200,5.8696,-Inf,1
592.25,34.236,-641,-339.44,23.068,-342.86,-800,-200,6.1739,-Inf,1
592.25,34.236,-641,-339.44,23.068,-342.86,-800,-200,6.4783,-Inf,1
592.25,34.236,-641,-339.44,23.068,-342.86,-800,-200,6.7826,-Inf,1
592.25,34.236,-641,-339.44,23.068,-342.86,-800,-200,7.087,-Inf,1
592.25,34.236,-641,-339.44,23.068,-342.86,-800,-200,7.3913,-Inf,1
592.25,34.236,-641,-339.44,23.068,-342.86,-800,-200,7.6957,-Inf,1
592.25,34.236,-641,-339.44,23.068,-342.86,-800,-200,8,-Inf,1
562.27,34.623,-641,-339.44,23.068,-342.86,-800,-100,1,-867.29,1
562.27,34.623,-641,-339.44,23.068,-342.86,-800,-100,1.3043,-812.68,1
562.27,34.623,-641,-339.44,23.068,-342.86,-800,-100,1.6087,-779.47,1
562.27,34.623,-641,-339.44,23.068,-342.86,-800,-100,1.913,-766.29,1
562.27,34.623,-641,-339.44,23.068,-342.86,-800,-100,2.2174,-773.26,1
562.27,34.623,-641,-339.44,23.068,-342.86,-800,-100,2.5217,-802.18,1
562.27,34.623,-641,-339.44,23.068,-342.86,-800,-100,2.8261,-857.05,1
562.27,34.623,-641,-339.44,23.068,-342.86,-800,-100,3.1304,-945.45,1
562.27,34.623,-641,-339.44,23.068,-342.86,-800,-100,3.4348,-1081.4,1
562.27,34.623,-641,-339.44,23.068,-342.86,-800,-100,3.7391,-1292.3,1
562.27,34.623,-641,-339.44,23.068,-342.86,-800,-100,4.0435,-1638.7,1
562.27,34.623,-641,-339.44,23.068,-342.86,-800,-100,4.3478,-2284.1,1
562.27,34.623,-641,-339.44,23.068,-342.86,-800,-100,4.6522,-Inf,1
562.27,34.623,-641,-339.44,23.068,-342.86,-800,-100,4.9565,-Inf,1
562.27,34.623,-641,-339.44,23.068,-342.86,-800,-100,5.2609,-Inf,1
562.27,34.623,-641,-339.44,23.068,-342.86,-800,-100,5.5652,-Inf,1
562.27,34.623,-641,-339.44,23.068,-342.86,-800,-100,5.8696,-Inf,1
562.27,34.623,-641,-339.44,23.068,-342.86,-800,-100,6.1739,-Inf,1
562.27,34.623,-641,-339.44,23.068,-342.86,-800,-100,6.4783,-Inf,1
562.27,34.623,-641,-339.44,23.068,-342.86,-800,-100,6.7826,-Inf,1
562.27,34.623,-641,-339.44,23.068,-342.86,-800,-100,7.087,-Inf,1
562.27,34.623,-641,-339.44,23.068,-342.86,-800,-100,7.3913,-Inf,1
562.27,34.623,-641,-339.44,23.068,-342.86,-800,-100,7.6957,-Inf,1
562.27,34.623,-641,-339.44,23.068,-342.86,-800,-100,8,-Inf,1
549.12,35.567,-641,-339.44,23.068,-342.86,-800,0,1,-1001.2,1
549.12,35.567,-641,-339.44,23.068,-342.86,-800,0,1.3043,-925.92,1
549.12,35.567,-641,-339.44,23.068,-342.86,-800,0,1.6087,-874.28,1
549.12,35.567,-641,-339.44,23.068,-342.86,-800,0,1.913,-843.67,1
549.12,35.567,-641,-339.44,23.068,-342.86,-800,0,2.2174,-833.02,1
549.12,35.567,-641,-339.44,23.068,-342.86,-800,0,2.5217,-842.8,1
549.12,35.567,-641,-339.44,23.068,-342.86,-800,0,2.8261,-875.3,1
549.12,35.567,-641,-339.44,23.068,-342.86,-800,0,3.1304,-935.35,1
549.12,35.567,-641,-339.44,23.068,-342.86,-800,0,3.4348,-1032.1,1
549.12,35.567,-641,-339.44,23.068,-342.86,-800,0,3.7391,-1182.9,1
549.12,35.567,-641,-339.44,23.068,-342.86,-800,0,4.0435,-1423.3,1
549.12,35.567,-641,-339.44,23.068,-342.86,-800,0,4.3478,-1838,1
549.12,35.567,-641,-339.44,23.068,-342.86,-800,0,4.6522,-Inf,1
549.12,35.567,-641,-339.44,23.068,-342.86,-800,0,4.9565,-Inf,1
549.12,35.567,-641,-339.44,23.068,-342.86,-800,0,5.2609,-Inf,1
549.12,35.567,-641,-339.44,23.068,-342.86,-800,0,5.5652,-Inf,1
549.12,35.567,-641,-339.44,23.068,-342.86,-800,0,5.8696,-Inf,1
549.12,35.567,-641,-339.44,23.068,-342.86,-800,0,6.1739,-Inf,1
549.12,35.567,-641,-339.44,23.068,-342.86,-800,0,6.4783,-Inf,1
549.12,35.567,-641,-339.44,23.068,-342.86,-800,0,6.7826,-Inf,1
549.12,35.567,-641,-339.44,23.068,-342.86,-800,0,7.087,-Inf,1
549.12,35.567,-641,-339.44,23.068,-342.86,-800,0,7.3913,-Inf,1
549.12,35.567,-641,-339.44,23.068,-342.86,-800,0,7.6957,-Inf,1
549.12,35.567,-641,-339.44,23.068,-342.86,-800,0,8,-Inf,1
554,37.24,-641,-339.44,23.068,-342.86,-800,100,1,-1229.6,1
554,37.24,-641,-339.44,23.068,-342.86,-800,100,1.3043,-1118.5,1
554,37.24,-641,-339.44,23.068,-342.86,-800,100,1.6087,-1037.1,1
554,37.24,-641,-339.44,23.068,-342.86,-800,100,1.913,-980.68,1
554,37.24,-641,-339.44,23.068,-342.86,-800,100,2.2174,-946.42,1
554,37.24,-641,-339.44,23.068,-342.86,-800,100,2.5217,-933.18,1
554,37.24,-641,-339.44,23.068,-342.86,-800,100,2.8261,-941.47,1
554,37.24,-641,-339.44,23.068,-342.86,-800,100,3.1304,-973.79,1
554,37.24,-641,-339.44,23.068,-342.86,-800,100,3.4348,-1035.6,1
554,37.24,-641,-339.44,23.068,-342.86,-800,100,3.7391,-1137.1,1
554,37.24,-641,-339.44,23.068,-342.86,-800,100,4.0435,-1298.6,1
554,37.24,-641,-339.44,23.068,-342.86,-800,100,4.3478,-1562.7,1
554,37.24,-641,-339.44,23.068,-342.86,-800,100,4.6522,-2036.8,1
554,37.24,-641,-339.44,23.068,-342.86,-800,100,4.9565,-Inf,1
554,37.24,-641,-339.44,23.068,-342.86,-800,100,5.2609,-Inf,1
554,37.24,-641,-339.44,23.068,-342.86,-800,100,5.5652,-Inf,1
554,37.24,-641,-339.44,23.068,-342.86,-800,100,5.8696,-Inf,1
554,37.24,-641,-339.44,23.068,-342.86,-800,100,6.1739,-Inf,1
554,37.24,-641,-339.44,23.068,-342.86,-800,100,6.4783,-Inf,1
554,37.24,-641,-339.44,23.068,-342.86,-800,100,6.7826,-Inf,1
554,37.24,-641,-339.44,23.068,-342.86,-800,100,7.087,-Inf,1
554,37.24,-641,-339.44,23.068,-342.86,-800,100,7.3913,-Inf,1
554,37.24,-641,-339.44,23.068,-342.86,-800,100,7.6957,-Inf,1
554,37.24,-641,-339.44,23.068,-342.86,-800,100,8,-Inf,1
576.46,39.792,-641,-339.44,23.068,-342.86,-800,200,1,-1649,1
576.46,39.792,-641,-339.44,23.068,-342.86,-800,200,1.3043,-1466,1
576.46,39.792,-641,-339.44,23.068,-342.86,-800,200,1.6087,-1328.3,1
576.46,39.792,-641,-339.44,23.068,-342.86,-800,200,1.913,-1226,1
576.46,39.792,-641,-339.44,23.068,-342.86,-800,200,2.2174,-1153.1,1
576.46,39.792,-641,-339.44,23.068,-342.86,-800,200,2.5217,-1105.5,1
576.46,39.792,-641,-339.44,23.068,-342.86,-800,200,2.8261,-1081.5,1
576.46,39.792,-641,-339.44,23.068,-342.86,-800,200,3.1304,-1081.1,1
576.46,39.792,-641,-339.44,23.068,-342.86,-800,200,3.4348,-1106.6,1
576.46,39.792,-641,-339.44,23.068,-342.86,-800,200,3.7391,-1163.1,1
576.46,39.792,-641,-339.44,23.068,-342.86,-800,200,4.0435,-1261.2,1
576.46,39.792,-641,-339.44,23.068,-342.86,-800,200,4.3478,-1421.5,1
576.46,39.792,-641,-339.44,23.068,-342.86,-800,200,4.6522,-1688.1,1
576.46,39.792,-641,-339.44,23.068,-342.86,-800,200,4.9565,-2172.6,1
576.46,39.792,-641,-339.44,23.068,-342.86,-800,200,5.2609,-Inf,1
576.46,39.792,-641,-339.44,23.068,-342.86,-800,200,5.5652,-Inf,1
576.46,39.792,-641,-339.44,23.068,-342.86,-800,200,5.8696,-Inf,1
576.46,39.792,-641,-339.44,23.068,-342.86,-800,200,6.1739,-Inf,1
576.46,39.792,-641,-339.44,23.068,-342.86,-800,200,6.4783,-Inf,1
576.46,39.792,-641,-339.44,23.068,-342.86,-800,200,6.7826,-Inf,1
576.46,39.792,-641,-339.44,23.068,-342.86,-800,200,7.087,-Inf,1
576.46,39.792,-641,-339.44,23.068,-342.86,-800,200,7.3913,-Inf,1
576.46,39.792,-641,-339.44,23.068,-342.86,-800,200,7.6957,-Inf,1
576.46,39.792,-641,-339.44,23.068,-342.86,-800,200,8,-Inf,1
614.57,43.305,-641,-339.44,23.068,-342.86,-800,300,1,-2390.1,1
614.57,43.305,-641,-339.44,23.068,-342.86,-800,300,1.3043,-2053.7,1
614.57,43.305,-641,-339.44,23.068,-342.86,-800,300,1.6087,-1802.2,1
614.57,43.305,-641,-339.44,23.068,-342.86,-800,300,1.913,-1612.5,1
614.57,43.305,-641,-339.44,23.068,-342.86,-800,300,2.2174,-1469.9,1
614.57,43.305,-641,-339.44,23.068,-342.86,-800,300,2.5217,-1364.4,1
614.57,43.305,-641,-339.44,23.068,-342.86,-800,300,2.8261,-1290,1
614.57,43.305,-641,-339.44,23.068,-342.86,-800,300,3.1304,-1243,1
614.57,43.305,-641,-339.44,23.068,-342.86,-800,300,3.4348,-1222,1
614.57,43.305,-641,-339.44,23.068,-342.86,-800,300,3.7391,-1227.7,1
614.57,43.305,-641,-339.44,23.068,-342.86,-800,300,4.0435,-1264,1
614.57,43.305,-641,-339.44,23.068,-342.86,-800,300,4.3478,-1338.9,1
614.57,43.305,-641,-339.44,23.068,-342.86,-800,300,4.6522,-1468.7,1
614.57,43.305,-641,-339.44,23.068,-342.86,-800,300,4.9565,-1687.7,1
614.57,43.305,-641,-339.44,23.068,-342.86,-800,300,5.2609,-2077.5,1
614.57,43.305,-641,-339.44,23.068,-342.86,-800,300,5.5652,-Inf,1
614.57,43.305,-641,-339.44,23.068,-342.86,-800,300,5.8696,-Inf,1
614.57,43.305,-641,-339.44,23.068,-342.86,-800,300,6.1739,-Inf,1
614.57,43.305,-641,-339.44,23.068,-342.86,-800,300,6.4783,-Inf,1
614.57,43.305,-641,-339.44,23.068,-342.86,-800,300,6.7826,-Inf,1
614.57,43.305,-641,-339.44,23.068,-342.86,-800,300,7.087,-Inf,1
614.57,43.305,-641,-339.44,23.068,-342.86,-800,300,7.3913,-Inf,1
614.57,43.305,-641,-339.44,23.068,-342.86,-800,300,7.6957,-Inf,1
614.57,43.305,-641,-339.44,23.068,-342.86,-800,300,8,-Inf,1
576.11,32.167,-641,-339.44,23.068,-342.86,-711.79,-300,1,-566.22,1
576.11,32.167,-641,-339.44,23.068,-342.86,-711.79,-300,1.3043,-541.69,1
576.11,32.167,-641,-339.44,23.068,-342.86,-711.79,-300,1.6087,-535.22,1
576.11,32.167,-641,-339.44,23.068,-342.86,-711.79,-300,1.913,-547.09,1
576.11,32.167,-641,-339.44,23.068,-342.86,-711.79,-300,2.2174,-579.07,1
576.11,32.167,-641,-339.44,23.068,-342.86,-711.79,-300,2.5217,-634.92,1
576.11,32.167,-641,-339.44,23.068,-342.86,-711.79,-300,2.8261,-721.49,1
576.11,32.167,-641,-339.44,23.068,-342.86,-711.79,-300,3.1304,-851.17,1
576.11,32.167,-641,-339.44,23.068,-342.86,-711.79,-300,3.4348,-1047.6,1
576.11,32.167,-641,-339.44,23.068,-342.86,-711.79,-300,3.7391,-1361.1,1
576.11,32.167,-641,-339.44,23.068,-342.86,-711.79,-300,4.0435,-1920.1,1
576.11,32.167,-641,-339.44,23.068,-342.86,-711.79,-300,4.3478,-Inf,1
576.11,32.167,-641,-339.44,23.068,-342.86,-711.79,-300,4.6522,-Inf,1
576.11,32.167,-641,-339.44,23.068,-342.86,-711.79,-300,4.9565,-Inf,1
576.11,32.167,-641,-339.44,23.068,-342.86,-711.79,-300,5.2609,-Inf,1
576.11,32.167,-641,-339.44,23.068,-342.86,-711.79,-300,5.5652,-Inf,1
576.11,32.167,-641,-339.44,23.068,-342.86,-711.79,-300,5.8696,-Inf,1
576.11,32.167,-641,-339.44,23.068,-342.86,-711.79,-300,6.1739,-Inf,1
576.11,32.167,-641,-339.44,23.068,-342.86,-711.79,-300,6.4783,-Inf,1
576.11,32.167,-641,-339.44,23.068,-342.86,-711.79,-300,6.7826,-Inf,1
576.11,32.167,-641,-339.44,23.068,-342.86,-711.79,-300,7.087,-Inf,1
576.11,32.167,-641,-339.44,23.068,-342.86,-711.79,-300,7.3913,-Inf,1
576.11,32.167,-641,-339.44,23.068,-342.86,-711.79,-300,7.6957,-Inf,1
576.11,32.167,-641,-339.44,23.068,-342.86,-711.79,-300,8,-Inf,1
526.58,31.682,-641,-339.44,23.068,-342.86,-711.79,-200,1,-599.7,1
526.58,31.682,-641,-339.44,23.068,-342.86,-711.79,-200,1.3043,-567.54,1
526.58,31.682,-641,-339.44,23.068,-342.86,-711.79,-200,1.6087,-552.18,1
526.58,31.682,-641,-339.44,23.068,-342.86,-711.79,-200,1.913,-553.27,1
526.58,31.682,-641,-339.44,23.068,-342.86,-711.79,-200,2.2174,-571.72,1
526.58,31.682,-641,-339.44,23.068,-342.86,-711.79,-200,2.5217,-609.98,1
526.58,31.682,-641,-339.44,23.068,-342.86,-711.79,-200,2.8261,-672.82,1
526.58,31.682,-641,-339.44,23.068,-342.86,-711.79,-200,3.1304,-768.87,1
526.58,31.682,-641,-339.44,23.068,-342.86,-711.79,-200,3.4348,-914.3,1
526.58,31.682,-641,-339.44,23.068,-342.86,-711.79,-200,3.7391,-1142,1
526.58,31.682,-641,-339.44,23.068,-342.86,-711.79,-200,4.0435,-1529.6,1
526.58,31.682,-641,-339.44,23.068,-342.86,-711.79,-200,4.3478,-2316.2,1
526.58,31.682,-641,-339.44,23.068,-342.86,-711.79,-200,4.6522,-Inf,1
526.58,31.682,-641,-339.44,23.068,-342.86,-711.79,-200,4.9565,-Inf,1
526.58,31.682,-641,-339.44,23.068,-342.86,-711.79,-200,5.2609,-Inf,1
526.58,31.682,-641,-339.44,23.068,-342.86,-711.79,-200,5.5652,-Inf,1
526.58,31.682,-641,-339.44,23.068,-342.86,-711.79,-200,5.8696,-Inf,1
526.58,31.682,-641,-339.44,23.068,-342.86,-711.79,-200,6.1739,-Inf,1
526.58,31.682,-641,-339.44,23.068,-342.86,-711.79,-200,6.4783,-Inf,1
526.58,31.682,-641,-339.44,23.068,-342.86,-711.79,-200,6.7826,-Inf,1
526.58,31.682,-641,-339.44,23.068,-342.86,-711.79,-200,7.087,-Inf,1
526.58,31.682,-641,-339.44,23.068,-342.86,-711.79,-200,7.3913,-Inf,1
526.58,31.682,-641,-339.44,23.068,-342.86,-711.79,-200,7.6957,-Inf,1
526.58,31.682,-641,-339.44,23.068,-342.86,-711.79,-200,8,-Inf,1
492.62,31.551,-641,-339.44,23.068,-342.86,-711.79,-100,1,-649.87,1
492.62,31.551,-641,-339.44,23.068,-342.86,-711.79,-100,1.3043,-608.28,1
492.62,31.551,-641,-339.44,23.068,-342.86,-711.79,-100,1.6087,-583.09,1
492.62,31.551,-641,-339.44,23.068,-342.86,-711.79,-100,1.913,-573.28,1
492.62,31.551,-641,-339.44,23.068,-342.86,-711.79,-100,2.2174,-578.93,1
492.62,31.551,-641,-339.44,23.068,-342.86,-711.79,-100,2.5217,-601.4,1
492.62,31.551,-641,-339.44,23.068,-342.86,-711.79,-100,2.8261,-643.76,1
492.62,31.551,-641,-339.44,23.068,-342.86,-711.79,-100,3.1304,-711.74,1
492.62,31.551,-641,-339.44,23.068,-342.86,-711.79,-100,3.4348,-815.96,1
492.62,31.551,-641,-339.44,23.068,-342.86,-711.79,-100,3.7391,-977.14,1
492.62,31.551,-641,-339.44,23.068,-342.86,-711.79,-100,4.0435,-1240.7,1
492.62,31.551,-641,-339.44,23.068,-342.86,-711.79,-100,4.3478,-1728.5,1
492.62,31.551,-641,-339.44,23.068,-342.86,-711.79,-100,4.6522,-Inf,1
492.62,31.551,-641,-339.44,23.068,-342.86,-711.79,-100,4.9565,-Inf,1
492.62,31.551,-641,-339.44,23.068,-342.86,-711.79,-100,5.2609,-Inf,1
492.62,31.551,-641,-339.44,23.068,-342.86,-711.79,-100,5.5652,-Inf,1
492.62,31.551,-641,-339.44,23.068,-342.86,-711.79,-100,5.8696,-Inf,1
492.62,31.551,-641,-339.44,23.068,-342.86,-711.79,-100,6.1739,-Inf,1
492.62,31.551,-641,-339.44,23.068,-342.86,-711.79,-100,6.4783,-Inf,1
492.62,31.551,-641,-339.44,23.068,-342.86,-711.79,-100,6.7826,-Inf,1
492.62,31.551,-641,-339.44,23.068,-342.86,-711.79,-100,7.087,-Inf,1
492.62,31.551,-641,-339.44,23.068,-342.86,-711.79,-100,7.3913,-Inf,1
492.62,31.551,-641,-339.44,23.068,-342.86,-711.79,-100,7.6957,-Inf,1
492.62,31.551,-641,-339.44,23.068,-342.86,-711.79,-100,8,-Inf,1
477.56,31.986,-641,-339.44,23.068,-342.86,-711.79,0,1,-729.88,1
477.56,31.986,-641,-339.44,23.068,-342.86,-711.79,0,1.3043,-674.73,1
477.56,31.986,-641,-339.44,23.068,-342.86,-711.79,0,1.6087,-636.95,1
477.56,31.986,-641,-339.44,23.068,-342.86,-711.79,0,1.913,-614.62,1
477.56,31.986,-641,-339.44,23.068,-342.86,-711.79,0,2.2174,-606.97,1
477.56,31.986,-641,-339.44,23.068,-342.86,-711.79,0,2.5217,-614.33,1
477.56,31.986,-641,-339.44,23.068,-342.86,-711.79,0,2.8261,-638.35,1
477.56,31.986,-641,-339.44,23.068,-342.86,-711.79,0,3.1304,-682.56,1
477.56,31.986,-641,-339.44,23.068,-342.86,-711.79,0,3.4348,-753.55,1
477.56,31.986,-641,-339.44,23.068,-342.86,-711.79,0,3.7391,-863.88,1
477.56,31.986,-641,-339.44,23.068,-342.86,-711.79,0,4.0435,-1039.2,1
477.56,31.986,-641,-339.44,23.068,-342.86,-711.79,0,4.3478,-1339.9,1
477.56,31.986,-641,-339.44,23.068,-342.86,-711.79,0,4.6522,-1950.1,1
477.56,31.986,-641,-339.44,23.068,-342.86,-711.79,0,4.9565,-Inf,1
477.56,31.986,-641,-339.44,23.068,-342.86,-711.79,0,5.2609,-Inf,1
477.56,31.986,-641,-339.44,23.068,-342.86,-711.79,0,5.5652,-Inf,1
477.56,31.986,-641,-339.44,23.068,-342.86,-711.79,0,5.8696,-Inf,1
477.56,31.986,-641,-339.44,23.068,-342.86,-711.79,0,6.1739,-Inf,1
477.56,31.986,-641,-339.44,23.068,-342.86,-711.79,0,6.4783,-Inf,1
477.56,31.986,-641,-339.44,23.068,-342.86,-711.79,0,6.7826,-Inf,1
477.56,31.986,-641,-339.44,23.068,-342.86,-711.79,0,7.087,-Inf,1
477.56,31.986,-641,-339.44,23.068,-342.86,-711.79,0,7.3913,-Inf,1
477.56,31.986,-641,-339.44,23.068,-342.86,-711.79,0,7.6957,-Inf,1
477.56,31.986,-641,-339.44,23.068,-342.86,-711.79,0,8,-Inf,1
483.16,33.249,-641,-339.44,23.068,-342.86,-711.79,100,1,-868.15,1
483.16,33.249,-641,-339.44,23.068,-342.86,-711.79,100,1.3043,-789.98,1
483.16,33.249,-641,-339.44,23.068,-342.86,-711.79,100,1.6087,-732.73,1
483.16,33.249,-641,-339.44,23.068,-342.86,-711.79,100,1.913,-693.05,1
483.16,33.249,-641,-339.44,23.068,-342.86,-711.79,100,2.2174,-668.96,1
483.16,33.249,-641,-339.44,23.068,-342.86,-711.79,100,2.5217,-659.64,1
483.16,33.249,-641,-339.44,23.068,-342.86,-711.79,100,2.8261,-665.44,1
483.16,33.249,-641,-339.44,23.068,-342.86,-711.79,100,3.1304,-688.09,1
483.16,33.249,-641,-339.44,23.068,-342.86,-711.79,100,3.4348,-731.33,1
483.16,33.249,-641,-339.44,23.068,-342.86,-711.79,100,3.7391,-802.28,1
483.16,33.249,-641,-339.44,23.068,-342.86,-711.79,100,4.0435,-914.8,1
483.16,33.249,-641,-339.44,23.068,-342.86,-711.79,100,4.3478,-1098.2,1
483.16,33.249,-641,-339.44,23.068,-342.86,-711.79,100,4.6522,-1425.3,1
483.16,33.249,-641,-339.44,23.068,-342.86,-711.79,100,4.9565,-2139.8,1
483.16,33.249,-641,-339.44,23.068,-342.86,-711.79,100,5.2609,-Inf,1
483.16,33.249,-641,-339.44,23.068,-342.86,-711.79,100,5.5652,-Inf,1
483.16,33.249,-641,-339.44,23.068,-342.86,-711.79,100,5.8696,-Inf,1
483.16,33.249,-641,-339.44,23.068,-342.86,-711.79,100,6.1739,-Inf,1
483.16,33.249,-641,-339.44,23.068,-342.86,-711.79,100,6.4783,-Inf,1
483.16,33.249,-641,-339.44,23.068,-342.86,-711.79,100,6.7826,-Inf,1
483.16,33.249,-641,-339.44,23.068,-342.86,-711.79,100,7.087,-Inf,1
483.16,33.249,-641,-339.44,23.068,-342.86,-711.79,100,7.3913,-Inf,1
483.16,33.249,-641,-339.44,23.068,-342.86,-711.79,100,7.6957,-Inf,1
483.16,33.249,-641,-339.44,23.068,-342.86,-711.79,100,8,-Inf,1
508.76,35.597,-641,-339.44,23.068,-342.86,-711.79,200,1,-1132.7,1
508.76,35.597,-641,-339.44,23.068,-342.86,-711.79,200,1.3043,-1007.8,1
508.76,35.597,-641,-339.44,23.068,-342.86,-711.79,200,1.6087,-913.73,1
508.76,35.597,-641,-339.44,23.068,-342.86,-711.79,200,1.913,-843.83,1
508.76,35.597,-641,-339.44,23.068,-342.86,-711.79,200,2.2174,-793.85,1
508.76,35.597,-641,-339.44,23.068,-342.86,-711.79,200,2.5217,-761.19,1
508.76,35.597,-641,-339.44,23.068,-342.86,-711.79,200,2.8261,-744.56,1
508.76,35.597,-641,-339.44,23.068,-342.86,-711.79,200,3.1304,-743.97,1
508.76,35.597,-641,-339.44,23.068,-342.86,-711.79,200,3.4348,-760.88,1
508.76,35.597,-641,-339.44,23.068,-342.86,-711.79,200,3.7391,-798.76,1
508.76,35.597,-641,-339.44,23.068,-342.86,-711.79,200,4.0435,-864.57,1
508.76,35.597,-641,-339.44,23.068,-342.86,-711.79,200,4.3478,-971.95,1
508.76,35.597,-641,-339.44,23.068,-342.86,-711.79,200,4.6522,-1150,1
508.76,35.597,-641,-339.44,23.068,-342.86,-711.79,200,4.9565,-1471.8,1
508.76,35.597,-641,-339.44,23.068,-342.86,-711.79,200,5.2609,-Inf,1
508.76,35.597,-641,-339.44,23.068,-342.86,-711.79,200,5.5652,-Inf,1
508.76,35.597,-641,-339.44,23.068,-342.86,-711.79,200,5.8696,-Inf,1
508.76,35.597,-641,-339.44,23.068,-342.86,-711.79,200,6.1739,-Inf,1
508.76,35.597,-641,-339.44,23.068,-342.86,-711.79,200,6.4783,-Inf,1
508.76,35.597,-641,-339.44,23.068,-342.86,-711.79,200,6.7826,-Inf,1
508.76,35.597,-641,-339.44,23.068,-342.86,-711.79,200,7.087,-Inf,1
508.76,35.597,-641,-339.44,23.068,-342.86,-711.79,200,7.3913,-Inf,1
508.76,35.597,-641,-339.44,23.068,-342.86,-711.79,200,7.6957,-Inf,1
508.76,35.597,-641,-339.44,23.068,-342.86,-711.79,200,8,-Inf,1
551.56,39.198,-641,-339.44,23.068,-342.86,-711.79,300,1,-1679.5,1
551.56,39.198,-641,-339.44,23.068,-342.86,-711.79,300,1.3043,-1443.5,1
551.56,39.198,-641,-339.44,23.068,-342.86,-711.79,300,1.6087,-1266.9,1
551.56,39.198,-641,-339.44,23.068,-342.86,-711.79,300,1.913,-1133.5,1
551.56,39.198,-641,-339.44,23.068,-342.86,-711.79,300,2.2174,-1033,1
551.56,39.198,-641,-339.44,23.068,-342.86,-711.79,300,2.5217,-958.54,1
551.56,39.198,-641,-339.44,23.068,-342.86,-711.79,300,2.8261,-905.78,1
551.56,39.198,-641,-339.44,23.068,-342.86,-711.79,300,3.1304,-872.14,1
551.56,39.198,-641,-339.44,23.068,-342.86,-711.79,300,3.4348,-856.62,1
551.56,39.198,-641,-339.44,23.068,-342.86,-711.79,300,3.7391,-859.71,1
551.56,39.198,-641,-339.44,23.068,-342.86,-711.79,300,4.0435,-883.89,1
551.56,39.198,-641,-339.44,23.068,-342.86,-711.79,300,4.3478,-934.65,1
551.56,39.198,-641,-339.44,23.068,-342.86,-711.79,300,4.6522,-1023,1
551.56,39.198,-641,-339.44,23.068,-342.86,-711.79,300,4.9565,-1172.1,1
551.56,39.198,-641,-339.44,23.068,-342.86,-711.79,300,5.2609,-1436.6,1
551.56,39.198,-641,-339.44,23.068,-342.86,-711.79,300,5.5652,-1980.3,1
551.56,39.198,-641,-339.44,23.068,-342.86,-711.79,300,5.8696,-Inf,1
551.56,39.198,-641,-339.44,23.068,-342.86,-711.79,300,6.1739,-Inf,1
551.56,39.198,-641,-339.44,23.068,-342.86,-711.79,300,6.4783,-Inf,1
551.56,39.198,-641,-339.44,23.068,-342.86,-711.79,300,6.7826,-Inf,1
551.56,39.198,-641,-339.44,23.068,-342.86,-711.79,300,7.087,-Inf,1
551.56,39.198,-641,-339.44,23.068,-342.86,-711.79,300,7.3913,-Inf,1
551.56,39.198,-641,-339.44,23.068,-342.86,-711.79,300,7.6957,-Inf,1
551.56,39.198,-641,-339.44,23.068,-342.86,-711.79,300,8,-Inf,1
523.44,30.268,-641,-339.44,23.068,-342.86,-623.57,-300,1,-448.96,1
523.44,30.268,-641,-339.44,23.068,-342.86,-623.57,-300,1.3043,-428.96,1
523.44,30.268,-641,-339.44,23.068,-342.86,-623.57,-300,1.6087,-423.98,1
523.44,30.268,-641,-339.44,23.068,-342.86,-623.57,-300,1.913,-434.28,1
523.44,30.268,-641,-339.44,23.068,-342.86,-623.57,-300,2.2174,-461.34,1
523.44,30.268,-641,-339.44,23.068,-342.86,-623.57,-300,2.5217,-508.26,1
523.44,30.268,-641,-339.44,23.068,-342.86,-623.57,-300,2.8261,-580.73,1
523.44,30.268,-641,-339.44,23.068,-342.86,-623.57,-300,3.1304,-688.98,1
523.44,30.268,-641,-339.44,23.068,-342.86,-623.57,-300,3.4348,-852.51,1
523.44,30.268,-641,-339.44,23.068,-342.86,-623.57,-300,3.7391,-1112.6,1
523.44,30.268,-641,-339.44,23.068,-342.86,-623.57,-300,4.0435,-1574.1,1
523.44,30.268,-641,-339.44,23.068,-342.86,-623.57,-300,4.3478,-Inf,1
523.44,30.268,-641,-339.44,23.068,-342.86,-623.57,-300,4.6522,-Inf,1
523.44,30.268,-641,-339.44,23.068,-342.86,-623.57,-300,4.9565,-Inf,1
523.44,30.268,-641,-339.44,23.068,-342.86,-623.57,-300,5.2609,-Inf,1
523.44,30.268,-641,-339.44,23.068,-342.86,-623.57,-300,5.5652,-Inf,1
523.44,30.268,-641,-339.44,23.068,-342.86,-623.57,-300,5.8696,-Inf,1
523.44,30.268,-641,-339.44,23.068,-342.86,-623.57,-300,6.1739,-Inf,1
523.44,30.268,-641,-339.44,23.068,-342.86,-623.57,-300,6.4783,-Inf,1
523.44,30.268,-641,-339.44,23.068,-342.86,-623.57,-300,6.7826,-Inf,1
523.44,30.268,-641,-339.44,23.068,-342.86,-623.57,-300,7.087,-Inf,1
523.44,30.268,-641,-339.44,23.068,-342.86,-623.57,-300,7.3913,-Inf,1
523.44,30.268,-641,-339.44,23.068,-342.86,-623.57,-300,7.6957,-Inf,1
523.44,30.268,-641,-339.44,23.068,-342.86,-623.57,-300,8,-Inf,1
468.38,29.216,-641,-339.44,23.068,-342.86,-623.57,-200,1,-468.37,1
468.38,29.216,-641,-339.44,23.068,-342.86,-623.57,-200,1.3043,-442.85,1
468.38,29.216,-641,-339.44,23.068,-342.86,-623.57,-200,1.6087,-430.83,1
468.38,29.216,-641,-339.44,23.068,-342.86,-623.57,-200,1.913,-432.05,1
468.38,29.216,-641,-339.44,23.068,-342.86,-623.57,-200,2.2174,-447.22,1
468.38,29.216,-641,-339.44,23.068,-342.86,-623.57,-200,2.5217,-478.33,1
468.38,29.216,-641,-339.44,23.068,-342.86,-623.57,-200,2.8261,-529.18,1
468.38,29.216,-641,-339.44,23.068,-342.86,-623.57,-200,3.1304,-606.65,1
468.38,29.216,-641,-339.44,23.068,-342.86,-623.57,-200,3.4348,-723.59,1
468.38,29.216,-641,-339.44,23.068,-342.86,-623.57,-200,3.7391,-906.06,1
468.38,29.216,-641,-339.44,23.068,-342.86,-623.57,-200,4.0435,-1215.3,1
468.38,29.216,-641,-339.44,23.068,-342.86,-623.57,-200,4.3478,-1837.6,1
468.38,29.216,-641,-339.44,23.068,-342.86,-623.57,-200,4.6522,-Inf,1
468.38,29.216,-641,-339.44,23.068,-342.86,-623.57,-200,4.9565,-Inf,1
468.38,29.216,-641,-339.44,23.068,-342.86,-623.57,-200,5.2609,-Inf,1
468.38,29.216,-641,-339.44,23.068,-342.86,-623.57,-200,5.5652,-Inf,1
468.38,29.216,-641,-339.44,23.068,-342.86,-623.57,-200,5.8696,-Inf,1
468.38,29.216,-641,-339.44,23.068,-342.86,-623.57,-200,6.1739,-Inf,1
468.38,29.216,-641,-339.44,23.068,-342.86,-623.57,-200,6.4783,-Inf,1
468.38,29.216,-641,-339.44,23.068,-342.86,-623.57,-200,6.7826,-Inf,1
468.38,29.216,-641,-339.44,23.068,-342.86,-623.57,-200,7.087,-Inf,1
468.38,29.216,-641,-339.44,23.068,-342.86,-623.57,-200,7.3913,-Inf,1
468.38,29.216,-641,-339.44,23.068,-342.86,-623.57,-200,7.6957,-Inf,1
468.38,29.216,-641,-339.44,23.068,-342.86,-623.57,-200,8,-Inf,1
429.84,28.409,-641,-339.44,23.068,-342.86,-623.57,-100,1,-497.31,1
429.84,28.409,-641,-339.44,23.068,-342.86,-623.57,-100,1.3043,-465.45,1
429.84,28.409,-641,-339.44,23.068,-342.86,-623.57,-100,1.6087,-446.26,1
429.84,28.409,-641,-339.44,23.068,-342.86,-623.57,-100,1.913,-438.94,1
429.84,28.409,-641,-339.44,23.068,-342.86,-623.57,-100,2.2174,-443.55,1
429.84,28.409,-641,-339.44,23.068,-342.86,-623.57,-100,2.5217,-461.14,1
429.84,28.409,-641,-339.44,23.068,-342.86,-623.57,-100,2.8261,-494.05,1
429.84,28.409,-641,-339.44,23.068,-342.86,-623.57,-100,3.1304,-546.67,1
429.84,28.409,-641,-339.44,23.068,-342.86,-623.57,-100,3.4348,-627.09,1
429.84,28.409,-641,-339.44,23.068,-342.86,-623.57,-100,3.7391,-751.06,1
429.84,28.409,-641,-339.44,23.068,-342.86,-623.57,-100,4.0435,-952.97,1
429.84,28.409,-641,-339.44,23.068,-342.86,-623.57,-100,4.3478,-1324.1,1
429.84,28.409,-641,-339.44,23.068,-342.86,-623.57,-100,4.6522,-Inf,1
429.84,28.409,-641,-339.44,23.068,-342.86,-623.57,-100,4.9565,-Inf,1
429.84,28.409,-641,-339.44,23.068,-342.86,-623.57,-100,5.2609,-Inf,1
429.84,28.409,-641,-339.44,23.068,-342.86,-623.57,-100,5.5652,-Inf,1
429.84,28.409,-641,-339.44,23.068,-342.86,-623.57,-100,5.8696,-Inf,1
429.84,28.409,-641,-339.44,23.068,-342.86,-623.57,-100,6.1739,-Inf,1
429.84,28.409,-641,-339.44,23.068,-342.86,-623.57,-100,6.4783,-Inf,1
429.84,28.409,-641,-339.44,23.068,-342.86,-623.57,-100,6.7826,-Inf,1
429.84,28.409,-641,-339.44,23.068,-342.86,-623.57,-100,7.087,-Inf,1
429.84,28.409,-641,-339.44,23.068,-342.86,-623.57,-100,7.3913,-Inf,1
429.84,28.409,-641,-339.44,23.068,-342.86,-623.57,-100,7.6957,-Inf,1
429.84,28.409,-641,-339.44,23.068,-342.86,-623.57,-100,8,-Inf,1
412.49,28.113,-641,-339.44,23.068,-342.86,-623.57,0,1,-543.16,1
412.49,28.113,-641,-339.44,23.068,-342.86,-623.57,0,1.3043,-502.73,1
412.49,28.113,-641,-339.44,23.068,-342.86,-623.57,0,1.6087,-475.08,1
412.49,28.113,-641,-339.44,23.068,-342.86,-623.57,0,1.913,-458.8,1
412.49,28.113,-641,-339.44,23.068,-342.86,-623.57,0,2.2174,-453.32,1
412.49,28.113,-641,-339.44,23.068,-342.86,-623.57,0,2.5217,-458.87,1
412.49,28.113,-641,-339.44,23.068,-342.86,-623.57,0,2.8261,-476.66,1
412.49,28.113,-641,-339.44,23.068,-342.86,-623.57,0,3.1304,-509.24,1
412.49,28.113,-641,-339.44,23.068,-342.86,-623.57,0,3.4348,-561.4,1
412.49,28.113,-641,-339.44,23.068,-342.86,-623.57,0,3.7391,-642.22,1
412.49,28.113,-641,-339.44,23.068,-342.86,-623.57,0,4.0435,-770.16,1
412.49,28.113,-641,-339.44,23.068,-342.86,-623.57,0,4.3478,-988.54,1
412.49,28.113,-641,-339.44,23.068,-342.86,-623.57,0,4.6522,-1427.6,1
412.49,28.113,-641,-339.44,23.068,-342.86,-623.57,0,4.9565,-Inf,1
412.49,28.113,-641,-339.44,23.068,-342.86,-623.57,0,5.2609,-Inf,1
412.49,28.113,-641,-339.44,23.068,-342.86,-623.57,0,5.5652,-Inf,1
412.49,28.113,-641,-339.44,23.068,-342.86,-623.57,0,5.8696,-Inf,1
412.49,28.113,-641,-339.44,23.068,-342.86,-623.57,0,6.1739,-Inf,1
412.49,28.113,-641,-339.44,23.068,-342.86,-623.57,0,6.4783,-Inf,1
412.49,28.113,-641,-339.44,23.068,-342.86,-623.57,0,6.7826,-Inf,1
412.49,28.113,-641,-339.44,23.068,-342.86,-623.57,0,7.087,-Inf,1
412.49,28.113,-641,-339.44,23.068,-342.86,-623.57,0,7.3913,-Inf,1
412.49,28.113,-641,-339.44,23.068,-342.86,-623.57,0,7.6957,-Inf,1
412.49,28.113,-641,-339.44,23.068,-342.86,-623.57,0,8,-Inf,1
418.97,28.707,-641,-339.44,23.068,-342.86,-623.57,100,1,-622.22,1
418.97,28.707,-641,-339.44,23.068,-342.86,-623.57,100,1.3043,-567.72,1
418.97,28.707,-641,-339.44,23.068,-342.86,-623.57,100,1.6087,-527.82,1
418.97,28.707,-641,-339.44,23.068,-342.86,-623.57,100,1.913,-500.16,1
418.97,28.707,-641,-339.44,23.068,-342.86,-623.57,100,2.2174,-483.37,1
418.97,28.707,-641,-339.44,23.068,-342.86,-623.57,100,2.5217,-476.88,1
418.97,28.707,-641,-339.44,23.068,-342.86,-623.57,100,2.8261,-480.91,1
418.97,28.707,-641,-339.44,23.068,-342.86,-623.57,100,3.1304,-496.64,1
418.97,28.707,-641,-339.44,23.068,-342.86,-623.57,100,3.4348,-526.63,1
418.97,28.707,-641,-339.44,23.068,-342.86,-623.57,100,3.7391,-575.75,1
418.97,28.707,-641,-339.44,23.068,-342.86,-623.57,100,4.0435,-653.44,1
418.97,28.707,-641,-339.44,23.068,-342.86,-623.57,100,4.3478,-779.59,1
418.97,28.707,-641,-339.44,23.068,-342.86,-623.57,100,4.6522,-1003.3,1
418.97,28.707,-641,-339.44,23.068,-342.86,-623.57,100,4.9565,-1486.2,1
418.97,28.707,-641,-339.44,23.068,-342.86,-623.57,100,5.2609,-Inf,1
418.97,28.707,-641,-339.44,23.068,-342.86,-623.57,100,5.5652,-Inf,1
418.97,28.707,-641,-339.44,23.068,-342.86,-623.57,100,5.8696,-Inf,1
418.97,28.707,-641,-339.44,23.068,-342.86,-623.57,100,6.1739,-Inf,1
418.97,28.707,-641,-339.44,23.068,-342.86,-623.57,100,6.4783,-Inf,1
418.97,28.707,-641,-339.44,23.068,-342.86,-623.57,100,6.7826,-Inf,1
418.97,28.707,-641,-339.44,23.068,-342.86,-623.57,100,7.087,-Inf,1
418.97,28.707,-641,-339.44,23.068,-342.86,-623.57,100,7.3913,-Inf,1
418.97,28.707,-641,-339.44,23.068,-342.86,-623.57,100,7.6957,-Inf,1
418.97,28.707,-641,-339.44,23.068,-342.86,-623.57,100,8,-Inf,1
448.24,30.631,-641,-339.44,23.068,-342.86,-623.57,200,1,-775.31,1
448.24,30.631,-641,-339.44,23.068,-342.86,-623.57,200,1.3043,-692.56,1
448.24,30.631,-641,-339.44,23.068,-342.86,-623.57,200,1.6087,-630.16,1
448.24,30.631,-641,-339.44,23.068,-342.86,-623.57,200,1.913,-583.75,1
448.24,30.631,-641,-339.44,23.068,-342.86,-623.57,200,2.2174,-550.52,1
448.24,30.631,-641,-339.44,23.068,-342.86,-623.57,200,2.5217,-528.74,1
448.24,30.631,-641,-339.44,23.068,-342.86,-623.57,200,2.8261,-517.54,1
448.24,30.631,-641,-339.44,23.068,-342.86,-623.57,200,3.1304,-516.91,1
448.24,30.631,-641,-339.44,23.068,-342.86,-623.57,200,3.4348,-527.77,1
448.24,30.631,-641,-339.44,23.068,-342.86,-623.57,200,3.7391,-552.38,1
448.24,30.631,-641,-339.44,23.068,-342.86,-623.57,200,4.0435,-595.18,1
448.24,30.631,-641,-339.44,23.068,-342.86,-623.57,200,4.3478,-664.96,1
448.24,30.631,-641,-339.44,23.068,-342.86,-623.57,200,4.6522,-780.37,1
448.24,30.631,-641,-339.44,23.068,-342.86,-623.57,200,4.9565,-987.73,1
448.24,30.631,-641,-339.44,23.068,-342.86,-623.57,200,5.2609,-1440,1
448.24,30.631,-641,-339.44,23.068,-342.86,-623.57,200,5.5652,-Inf,1
448.24,30.631,-641,-339.44,23.068,-342.86,-623.57,200,5.8696,-Inf,1
448.24,30.631,-641,-339.44,23.068,-342.86,-623.57,200,6.1739,-Inf,1
448.24,30.631,-641,-339.44,23.068,-342.86,-623.57,200,6.4783,-Inf,1
448.24,30.631,-641,-339.44,23.068,-342.86,-623.57,200,6.7826,-Inf,1
448.24,30.631,-641,-339.44,23.068,-342.86,-623.57,200,7.087,-Inf,1
448.24,30.631,-641,-339.44,23.068,-342.86,-623.57,200,7.3913,-Inf,1
448.24,30.631,-641,-339.44,23.068,-342.86,-623.57,200,7.6957,-Inf,1
448.24,30.631,-641,-339.44,23.068,-342.86,-623.57,200,8,-Inf,1
496.29,34.225,-641,-339.44,23.068,-342.86,-623.57,300,1,-1117.4,0
496.29,34.225,-641,-339.44,23.068,-342.86,-623.57,300,1.3043,-964.15,0
496.29,34.225,-641,-339.44,23.068,-342.86,-623.57,300,1.6087,-849.22,0
496.29,34.225,-641,-339.44,23.068,-342.86,-623.57,300,1.913,-762.3,0
496.29,34.225,-641,-339.44,23.068,-342.86,-623.57,300,2.2174,-696.68,0
496.29,34.225,-641,-339.44,23.068,-342.86,-623.57,300,2.5217,-647.94,0
496.29,34.225,-641,-339.44,23.068,-342.86,-623.57,300,2.8261,-613.26,0
496.29,34.225,-641,-339.44,23.068,-342.86,-623.57,300,3.1304,-590.95,0
496.29,34.225,-641,-339.44,23.068,-342.86,-623.57,300,3.4348,-580.31,0
496.29,34.225,-641,-339.44,23.068,-342.86,-623.57,300,3.7391,-581.64,0
496.29,34.225,-641,-339.44,23.068,-342.86,-623.57,300,4.0435,-596.45,0
496.29,34.225,-641,-339.44,23.068,-342.86,-623.57,300,4.3478,-628.19,0
496.29,34.225,-641,-339.44,23.068,-342.86,-623.57,300,4.6522,-683.74,0
496.29,34.225,-641,-339.44,23.068,-342.86,-623.57,300,4.9565,-777.48,0
496.29,34.225,-641,-339.44,23.068,-342.86,-623.57,300,5.2609,-943.35,0
496.29,34.225,-641,-339.44,23.068,-342.86,-623.57,300,5.5652,-1281.9,0
496.29,34.225,-641,-339.44,23.068,-342.86,-623.57,300,5.8696,-Inf,0
496.29,34.225,-641,-339.44,23.068,-342.86,-623.57,300,6.1739,-Inf,0
496.29,34.225,-641,-339.44,23.068,-342.86,-623.57,300,6.4783,-Inf,0
496.29,34.225,-641,-339.44,23.068,-342.86,-623.57,300,6.7826,-Inf,0
496.29,34.225,-641,-339.44,23.068,-342.86,-623.57,300,7.087,-Inf,0
496.29,34.225,-641,-339.44,23.068,-342.86,-623.57,300,7.3913,-Inf,0
496.29,34.225,-641,-339.44,23.068,-342.86,-623.57,300,7.6957,-Inf,0
496.29,34.225,-641,-339.44,23.068,-342.86,-623.57,300,8,-Inf,0
481.29,28.721,-641,-339.44,23.068,-342.86,-535.36,-300,1,-366.4,0
481.29,28.721,-641,-339.44,23.068,-342.86,-535.36,-300,1.3043,-349.83,0
481.29,28.721,-641,-339.44,23.068,-342.86,-535.36,-300,1.6087,-345.98,0
481.29,28.721,-641,-339.44,23.068,-342.86,-535.36,-300,1.913,-355.09,0
481.29,28.721,-641,-339.44,23.068,-342.86,-535.36,-300,2.2174,-378.4,0
481.29,28.721,-641,-339.44,23.068,-342.86,-535.36,-300,2.5217,-418.54,0
481.29,28.721,-641,-339.44,23.068,-342.86,-535.36,-300,2.8261,-480.3,0
481.29,28.721,-641,-339.44,23.068,-342.86,-535.36,-300,3.1304,-572.3,0
481.29,28.721,-641,-339.44,23.068,-342.86,-535.36,-300,3.4348,-710.88,0
481.29,28.721,-641,-339.44,23.068,-342.86,-535.36,-300,3.7391,-930.57,0
481.29,28.721,-641,-339.44,23.068,-342.86,-535.36,-300,4.0435,-1318.4,0
481.29,28.721,-641,-339.44,23.068,-342.86,-535.36,-300,4.3478,-Inf,0
481.29,28.721,-641,-339.44,23.068,-342.86,-535.36,-300,4.6522,-Inf,0
481.29,28.721,-641,-339.44,23.068,-342.86,-535.36,-300,4.9565,-Inf,0
481.29,28.721,-641,-339.44,23.068,-342.86,-535.36,-300,5.2609,-Inf,0
481.29,28.721,-641,-339.44,23.068,-342.86,-535.36,-300,5.5652,-Inf,0
481.29,28.721,-641,-339.44,23.068,-342.86,-535.36,-300,5.8696,-Inf,0
481.29,28.721,-641,-339.44,23.068,-342.86,-535.36,-300,6.1739,-Inf,0
481.29,28.721,-641,-339.44,23.068,-342.86,-535.36,-300,6.4783,-Inf,0
481.29,28.721,-641,-339.44,23.068,-342.86,-535.36,-300,6.7826,-Inf,0
481.29,28.721,-641,-339.44,23.068,-342.86,-535.36,-300,7.087,-Inf,0
481.29,28.721,-641,-339.44,23.068,-342.86,-535.36,-300,7.3913,-Inf,0
481.29,28.721,-641,-339.44,23.068,-342.86,-535.36,-300,7.6957,-Inf,0
481.29,28.721,-641,-339.44,23.068,-342.86,-535.36,-300,8,-Inf,0
420.75,27.045,-641,-339.44,23.068,-342.86,-535.36,-200,1,-378.12,1
420.75,27.045,-641,-339.44,23.068,-342.86,-535.36,-200,1.3043,-357.51,1
420.75,27.045,-641,-339.44,23.068,-342.86,-535.36,-200,1.6087,-347.96,1
420.75,27.045,-641,-339.44,23.068,-342.86,-535.36,-200,1.913,-349.26,1
420.75,27.045,-641,-339.44,23.068,-342.86,-535.36,-200,2.2174,-362,1
420.75,27.045,-641,-339.44,23.068,-342.86,-535.36,-200,2.5217,-387.79,1
420.75,27.045,-641,-339.44,23.068,-342.86,-535.36,-200,2.8261,-429.73,1
420.75,27.045,-641,-339.44,23.068,-342.86,-535.36,-200,3.1304,-493.42,1
420.75,27.045,-641,-339.44,23.068,-342.86,-535.36,-200,3.4348,-589.28,1
420.75,27.045,-641,-339.44,23.068,-342.86,-535.36,-200,3.7391,-738.37,1
420.75,27.045,-641,-339.44,23.068,-342.86,-535.36,-200,4.0435,-989.9,1
420.75,27.045,-641,-339.44,23.068,-342.86,-535.36,-200,4.3478,-1492,1
420.75,27.045,-641,-339.44,23.068,-342.86,-535.36,-200,4.6522,-Inf,1
420.75,27.045,-641,-339.44,23.068,-342.86,-535.36,-200,4.9565,-Inf,1
420.75,27.045,-641,-339.44,23.068,-342.86,-535.36,-200,5.2609,-Inf,1
420.75,27.045,-641,-339.44,23.068,-342.86,-535.36,-200,5.5652,-Inf,1
420.75,27.045,-641,-339.44,23.068,-342.86,-535.36,-200,5.8696,-Inf,1
420.75,27.045,-641,-339.44,23.068,-342.86,-535.36,-200,6.1739,-Inf,1
420.75,27.045,-641,-339.44,23.068,-342.86,-535.36,-200,6.4783,-Inf,1
420.75,27.045,-641,-339.44,23.068,-342.86,-535.36,-200,6.7826,-Inf,1
420.75,27.045,-641,-339.44,23.068,-342.86,-535.36,-200,7.087,-Inf,1
420.75,27.045,-641,-339.44,23.068,-342.86,-535.36,-200,7.3913,-Inf,1
420.75,27.045,-641,-339.44,23.068,-342.86,-535.36,-200,7.6957,-Inf,1
420.75,27.045,-641,-339.44,23.068,-342.86,-535.36,-200,8,-Inf,1
377.38,25.419,-641,-339.44,23.068,-342.86,-535.36,-100,1,-395.14,1
377.38,25.419,-641,-339.44,23.068,-342.86,-535.36,-100,1.3043,-370.31,1
377.38,25.419,-641,-339.44,23.068,-342.86,-535.36,-100,1.6087,-355.43,1
377.38,25.419,-641,-339.44,23.068,-342.86,-535.36,-100,1.913,-349.89,1
377.38,25.419,-641,-339.44,23.068,-342.86,-535.36,-100,2.2174,-353.73,1
377.38,25.419,-641,-339.44,23.068,-342.86,-535.36,-100,2.5217,-367.78,1
377.38,25.419,-641,-339.44,23.068,-342.86,-535.36,-100,2.8261,-393.87,1
377.38,25.419,-641,-339.44,23.068,-342.86,-535.36,-100,3.1304,-435.4,1
377.38,25.419,-641,-339.44,23.068,-342.86,-535.36,-100,3.4348,-498.67,1
377.38,25.419,-641,-339.44,23.068,-342.86,-535.36,-100,3.7391,-595.9,1
377.38,25.419,-641,-339.44,23.068,-342.86,-535.36,-100,4.0435,-753.6,1
377.38,25.419,-641,-339.44,23.068,-342.86,-535.36,-100,4.3478,-1041.6,1
377.38,25.419,-641,-339.44,23.068,-342.86,-535.36,-100,4.6522,-1722.1,1
377.38,25.419,-641,-339.44,23.068,-342.86,-535.36,-100,4.9565,-Inf,1
377.38,25.419,-641,-339.44,23.068,-342.86,-535.36,-100,5.2609,-Inf,1
377.38,25.419,-641,-339.44,23.068,-342.86,-535.36,-100,5.5652,-Inf,1
377.38,25.419,-641,-339.44,23.068,-342.86,-535.36,-100,5.8696,-Inf,1
377.38,25.419,-641,-339.44,23.068,-342.86,-535.36,-100,6.1739,-Inf,1
377.38,25.419,-641,-339.44,23.068,-342.86,-535.36,-100,6.4783,-Inf,1
377.38,25.419,-641,-339.44,23.068,-342.86,-535.36,-100,6.7826,-Inf,1
377.38,25.419,-641,-339.44,23.068,-342.86,-535.36,-100,7.087,-Inf,1
377.38,25.419,-641,-339.44,23.068,-342.86,-535.36,-100,7.3913,-Inf,1
377.38,25.419,-641,-339.44,23.068,-342.86,-535.36,-100,7.6957,-Inf,1
377.38,25.419,-641,-339.44,23.068,-342.86,-535.36,-100,8,-Inf,1
357.49,24.115,-641,-339.44,23.068,-342.86,-535.36,0,1,-421.39,1
357.49,24.115,-641,-339.44,23.068,-342.86,-535.36,0,1.3043,-391.26,1
357.49,24.115,-641,-339.44,23.068,-342.86,-535.36,0,1.6087,-370.7,1
357.49,24.115,-641,-339.44,23.068,-342.86,-535.36,0,1.913,-358.64,1
357.49,24.115,-641,-339.44,23.068,-342.86,-535.36,0,2.2174,-354.66,1
357.49,24.115,-641,-339.44,23.068,-342.86,-535.36,0,2.5217,-358.94,1
357.49,24.115,-641,-339.44,23.068,-342.86,-535.36,0,2.8261,-372.35,1
357.49,24.115,-641,-339.44,23.068,-342.86,-535.36,0,3.1304,-396.8,1
357.49,24.115,-641,-339.44,23.068,-342.86,-535.36,0,3.4348,-435.81,1
357.49,24.115,-641,-339.44,23.068,-342.86,-535.36,0,3.7391,-496.07,1
357.49,24.115,-641,-339.44,23.068,-342.86,-535.36,0,4.0435,-591.12,1
357.49,24.115,-641,-339.44,23.068,-342.86,-535.36,0,4.3478,-752.52,1
357.49,24.115,-641,-339.44,23.068,-342.86,-535.36,0,4.6522,-1074.1,1
357.49,24.115,-641,-339.44,23.068,-342.86,-535.36,0,4.9565,-Inf,1
357.49,24.115,-641,-339.44,23.068,-342.86,-535.36,0,5.2609,-Inf,1
357.49,24.115,-641,-339.44,23.068,-342.86,-535.36,0,5.5652,-Inf,1
357.49,24.115,-641,-339.44,23.068,-342.86,-535.36,0,5.8696,-Inf,1
357.49,24.115,-641,-339.44,23.068,-342.86,-535.36,0,6.1739,-Inf,1
357.49,24.115,-641,-339.44,23.068,-342.86,-535.36,0,6.4783,-Inf,1
357.49,24.115,-641,-339.44,23.068,-342.86,-535.36,0,6.7826,-Inf,1
357.49,24.115,-641,-339.44,23.068,-342.86,-535.36,0,7.087,-Inf,1
357.49,24.115,-641,-339.44,23.068,-342.86,-535.36,0,7.3913,-Inf,1
357.49,24.115,-641,-339.44,23.068,-342.86,-535.36,0,7.6957,-Inf,1
357.49,24.115,-641,-339.44,23.068,-342.86,-535.36,0,8,-Inf,1
364.95,23.648,-641,-339.44,23.068,-342.86,-535.36,100,1,-465.63,1
364.95,23.648,-641,-339.44,23.068,-342.86,-535.36,100,1.3043,-427.22,1
364.95,23.648,-641,-339.44,23.068,-342.86,-535.36,100,1.6087,-399.09,1
364.95,23.648,-641,-339.44,23.068,-342.86,-535.36,100,1.913,-379.6,1
364.95,23.648,-641,-339.44,23.068,-342.86,-535.36,100,2.2174,-367.78,1
364.95,23.648,-641,-339.44,23.068,-342.86,-535.36,100,2.5217,-363.21,1
364.95,23.648,-641,-339.44,23.068,-342.86,-535.36,100,2.8261,-366.05,1
364.95,23.648,-641,-339.44,23.068,-342.86,-535.36,100,3.1304,-377.11,1
364.95,23.648,-641,-339.44,23.068,-342.86,-535.36,100,3.4348,-398.16,1
364.95,23.648,-641,-339.44,23.068,-342.86,-535.36,100,3.7391,-432.56,1
364.95,23.648,-641,-339.44,23.068,-342.86,-535.36,100,4.0435,-486.84,1
364.95,23.648,-641,-339.44,23.068,-342.86,-535.36,100,4.3478,-574.64,1
364.95,23.648,-641,-339.44,23.068,-342.86,-535.36,100,4.6522,-729.48,1
364.95,23.648,-641,-339.44,23.068,-342.86,-535.36,100,4.9565,-1059.9,1
364.95,23.648,-641,-339.44,23.068,-342.86,-535.36,100,5.2609,-Inf,1
364.95,23.648,-641,-339.44,23.068,-342.86,-535.36,100,5.5652,-Inf,1
364.95,23.648,-641,-339.44,23.068,-342.86,-535.36,100,5.8696,-Inf,1
364.95,23.648,-641,-339.44,23.068,-342.86,-535.36,100,6.1739,-Inf,1
364.95,23.648,-641,-339.44,23.068,-342.86,-535.36,100,6.4783,-Inf,1
364.95,23.648,-641,-339.44,23.068,-342.86,-535.36,100,6.7826,-Inf,1
364.95,23.648,-641,-339.44,23.068,-342.86,-535.36,100,7.087,-Inf,1
364.95,23.648,-641,-339.44,23.068,-342.86,-535.36,100,7.3913,-Inf,1
364.95,23.648,-641,-339.44,23.068,-342.86,-535.36,100,7.6957,-Inf,1
364.95,23.648,-641,-339.44,23.068,-342.86,-535.36,100,8,-Inf,1
398.21,24.773,-641,-339.44,23.068,-342.86,-535.36,200,1,-550.3,0
398.21,24.773,-641,-339.44,23.068,-342.86,-535.36,200,1.3043,-495.56,0
398.21,24.773,-641,-339.44,23.068,-342.86,-535.36,200,1.6087,-454.24,0
398.21,24.773,-641,-339.44,23.068,-342.86,-535.36,200,1.913,-423.49,0
398.21,24.773,-641,-339.44,23.068,-342.86,-535.36,200,2.2174,-401.44,0
398.21,24.773,-641,-339.44,23.068,-342.86,-535.36,200,2.5217,-386.93,0
398.21,24.773,-641,-339.44,23.068,-342.86,-535.36,200,2.8261,-379.4,0
398.21,24.773,-641,-339.44,23.068,-342.86,-535.36,200,3.1304,-378.82,0
398.21,24.773,-641,-339.44,23.068,-342.86,-535.36,200,3.4348,-385.77,0
398.21,24.773,-641,-339.44,23.068,-342.86,-535.36,200,3.7391,-401.7,0
398.21,24.773,-641,-339.44,23.068,-342.86,-535.36,200,4.0435,-429.45,0
398.21,24.773,-641,-339.44,23.068,-342.86,-535.36,200,4.3478,-474.67,0
398.21,24.773,-641,-339.44,23.068,-342.86,-535.36,200,4.6522,-549.26,0
398.21,24.773,-641,-339.44,23.068,-342.86,-535.36,200,4.9565,-682.59,0
398.21,24.773,-641,-339.44,23.068,-342.86,-535.36,200,5.2609,-970.28,0
398.21,24.773,-641,-339.44,23.068,-342.86,-535.36,200,5.5652,-Inf,0
398.21,24.773,-641,-339.44,23.068,-342.86,-535.36,200,5.8696,-Inf,0
398.21,24.773,-641,-339.44,23.068,-342.86,-535.36,200,6.1739,-Inf,0
398.21,24.773,-641,-339.44,23.068,-342.86,-535.36,200,6.4783,-Inf,0
398.21,24.773,-641,-339.44,23.068,-342.86,-535.36,200,6.7826,-Inf,0
398.21,24.773,-641,-339.44,23.068,-342.86,-535.36,200,7.087,-Inf,0
398.21,24.773,-641,-339.44,23.068,-342.86,-535.36,200,7.3913,-Inf,0
398.21,24.773,-641,-339.44,23.068,-342.86,-535.36,200,7.6957,-Inf,0
398.21,24.773,-641,-339.44,23.068,-342.86,-535.36,200,8,-3639.1,0
451.62,28.191,-641,-339.44,23.068,-342.86,-535.36,300,1,-744,0
451.62,28.191,-641,-339.44,23.068,-342.86,-535.36,300,1.3043,-648.04,0
451.62,28.191,-641,-339.44,23.068,-342.86,-535.36,300,1.6087,-575.99,0
451.62,28.191,-641,-339.44,23.068,-342.86,-535.36,300,1.913,-521.42,0
451.62,28.191,-641,-339.44,23.068,-342.86,-535.36,300,2.2174,-480.14,0
451.62,28.191,-641,-339.44,23.068,-342.86,-535.36,300,2.5217,-449.4,0
451.62,28.191,-641,-339.44,23.068,-342.86,-535.36,300,2.8261,-427.42,0
451.62,28.191,-641,-339.44,23.068,-342.86,-535.36,300,3.1304,-413.15,0
451.62,28.191,-641,-339.44,23.068,-342.86,-535.36,300,3.4348,-406.12,0
451.62,28.191,-641,-339.44,23.068,-342.86,-535.36,300,3.7391,-406.48,0
451.62,28.191,-641,-339.44,23.068,-342.86,-535.36,300,4.0435,-415.14,0
451.62,28.191,-641,-339.44,23.068,-342.86,-535.36,300,4.3478,-434.14,0
451.62,28.191,-641,-339.44,23.068,-342.86,-535.36,300,4.6522,-467.64,0
451.62,28.191,-641,-339.44,23.068,-342.86,-535.36,300,4.9565,-524.24,0
451.62,28.191,-641,-339.44,23.068,-342.86,-535.36,300,5.2609,-624.19,0
451.62,28.191,-641,-339.44,23.068,-342.86,-535.36,300,5.5652,-826.87,0
451.62,28.191,-641,-339.44,23.068,-342.86,-535.36,300,5.8696,-1402.1,0
451.62,28.191,-641,-339.44,23.068,-342.86,-535.36,300,6.1739,-Inf,0
451.62,28.191,-641,-339.44,23.068,-342.86,-535.36,300,6.4783,-Inf,0
451.62,28.191,-641,-339.44,23.068,-342.86,-535.36,300,6.7826,-Inf,0
451.62,28.191,-641,-339.44,23.068,-342.86,-535.36,300,7.087,-Inf,0
451.62,28.191,-641,-339.44,23.068,-342.86,-535.36,300,7.3913,-Inf,0
451.62,28.191,-641,-339.44,23.068,-342.86,-535.36,300,7.6957,-Inf,0
451.62,28.191,-641,-339.44,23.068,-342.86,-535.36,300,8,-Inf,0
452.61,27.734,-641,-339.44,23.068,-342.86,-447.14,-300,1,-310.87,0
452.61,27.734,-641,-339.44,23.068,-342.86,-447.14,-300,1.3043,-296.83,0
452.61,27.734,-641,-339.44,23.068,-342.86,-447.14,-300,1.6087,-293.84,0
452.61,27.734,-641,-339.44,23.068,-342.86,-447.14,-300,1.913,-302.11,0
452.61,27.734,-641,-339.44,23.068,-342.86,-447.14,-300,2.2174,-322.72,0
452.61,27.734,-641,-339.44,23.068,-342.86,-447.14,-300,2.5217,-357.96,0
452.61,27.734,-641,-339.44,23.068,-342.86,-447.14,-300,2.8261,-411.96,0
452.61,27.734,-641,-339.44,23.068,-342.86,-447.14,-300,3.1304,-492.18,0
452.61,27.734,-641,-339.44,23.068,-342.86,-447.14,-300,3.4348,-612.68,0
452.61,27.734,-641,-339.44,23.068,-342.86,-447.14,-300,3.7391,-803.08,0
452.61,27.734,-641,-339.44,23.068,-342.86,-447.14,-300,4.0435,-1137.6,0
452.61,27.734,-641,-339.44,23.068,-342.86,-447.14,-300,4.3478,-1870.3,0
452.61,27.734,-641,-339.44,23.068,-342.86,-447.14,-300,4.6522,-Inf,0
452.61,27.734,-641,-339.44,23.068,-342.86,-447.14,-300,4.9565,-Inf,0
452.61,27.734,-641,-339.44,23.068,-342.86,-447.14,-300,5.2609,-Inf,0
452.61,27.734,-641,-339.44,23.068,-342.86,-447.14,-300,5.5652,-Inf,0
452.61,27.734,-641,-339.44,23.068,-342.86,-447.14,-300,5.8696,-Inf,0
452.61,27.734,-641,-339.44,23.068,-342.86,-447.14,-300,6.1739,-Inf,0
452.61,27.734,-641,-339.44,23.068,-342.86,-447.14,-300,6.4783,-Inf,0
452.61,27.734,-641,-339.44,23.068,-342.86,-447.14,-300,6.7826,-Inf,0
452.61,27.734,-641,-339.44,23.068,-342.86,-447.14,-300,7.087,-Inf,0
452.61,27.734,-641,-339.44,23.068,-342.86,-447.14,-300,7.3913,-Inf,0
452.61,27.734,-641,-339.44,23.068,-342.86,-447.14,-300,7.6957,-Inf,0
452.61,27.734,-641,-339.44,23.068,-342.86,-447.14,-300,8,-Inf,0
387.62,25.472,-641,-339.44,23.068,-342.86,-447.14,-200,1,-318.88,0
387.62,25.472,-641,-339.44,23.068,-342.86,-447.14,-200,1.3043,-301.78,0
387.62,25.472,-641,-339.44,23.068,-342.86,-447.14,-200,1.6087,-294.01,0
387.62,25.472,-641,-339.44,23.068,-342.86,-447.14,-200,1.913,-295.39,0
387.62,25.472,-641,-339.44,23.068,-342.86,-447.14,-200,2.2174,-306.41,0
387.62,25.472,-641,-339.44,23.068,-342.86,-447.14,-200,2.5217,-328.44,0
387.62,25.472,-641,-339.44,23.068,-342.86,-447.14,-200,2.8261,-364.07,0
387.62,25.472,-641,-339.44,23.068,-342.86,-447.14,-200,3.1304,-417.99,0
387.62,25.472,-641,-339.44,23.068,-342.86,-447.14,-200,3.4348,-498.91,0
387.62,25.472,-641,-339.44,23.068,-342.86,-447.14,-200,3.7391,-624.34,0
387.62,25.472,-641,-339.44,23.068,-342.86,-447.14,-200,4.0435,-835.03,0
387.62,25.472,-641,-339.44,23.068,-342.86,-447.14,-200,4.3478,-1252.3,0
387.62,25.472,-641,-339.44,23.068,-342.86,-447.14,-200,4.6522,-Inf,0
387.62,25.472,-641,-339.44,23.068,-342.86,-447.14,-200,4.9565,-Inf,0
387.62,25.472,-641,-339.44,23.068,-342.86,-447.14,-200,5.2609,-Inf,0
387.62,25.472,-641,-339.44,23.068,-342.86,-447.14,-200,5.5652,-Inf,0
387.62,25.472,-641,-339.44,23.068,-342.86,-447.14,-200,5.8696,-Inf,0
387.62,25.472,-641,-339.44,23.068,-342.86,-447.14,-200,6.1739,-Inf,0
387.62,25.472,-641,-339.44,23.068,-342.86,-447.14,-200,6.4783,-Inf,0
387.62,25.472,-641,-339.44,23.068,-342.86,-447.14,-200,6.7826,-Inf,0
387.62,25.472,-641,-339.44,23.068,-342.86,-447.14,-200,7.087,-Inf,0
387.62,25.472,-641,-339.44,23.068,-342.86,-447.14,-200,7.3913,-Inf,0
387.62,25.472,-641,-339.44,23.068,-342.86,-447.14,-200,7.6957,-Inf,0
387.62,25.472,-641,-339.44,23.068,-342.86,-447.14,-200,8,-Inf,0
340.05,22.974,-641,-339.44,23.068,-342.86,-447.14,-100,1,-329.87,1
340.05,22.974,-641,-339.44,23.068,-342.86,-447.14,-100,1.3043,-309.92,1
340.05,22.974,-641,-339.44,23.068,-342.86,-447.14,-100,1.6087,-298.04,1
340.05,22.974,-641,-339.44,23.068,-342.86,-447.14,-100,1.913,-293.75,1
340.05,22.974,-641,-339.44,23.068,-342.86,-447.14,-100,2.2174,-297.07,1
340.05,22.974,-641,-339.44,23.068,-342.86,-447.14,-100,2.5217,-308.68,1
340.05,22.974,-641,-339.44,23.068,-342.86,-447.14,-100,2.8261,-330.05,1
340.05,22.974,-641,-339.44,23.068,-342.86,-447.14,-100,3.1304,-363.93,1
340.05,22.974,-641,-339.44,23.068,-342.86,-447.14,-100,3.4348,-415.37,1
340.05,22.974,-641,-339.44,23.068,-342.86,-447.14,-100,3.7391,-494.15,1
340.05,22.974,-641,-339.44,23.068,-342.86,-447.14,-100,4.0435,-621.4,1
340.05,22.974,-641,-339.44,23.068,-342.86,-447.14,-100,4.3478,-852.37,1
340.05,22.974,-641,-339.44,23.068,-342.86,-447.14,-100,4.6522,-1391,1
340.05,22.974,-641,-339.44,23.068,-342.86,-447.14,-100,4.9565,-Inf,1
340.05,22.974,-641,-339.44,23.068,-342.86,-447.14,-100,5.2609,-Inf,1
340.05,22.974,-641,-339.44,23.068,-342.86,-447.14,-100,5.5652,-Inf,1
340.05,22.974,-641,-339.44,23.068,-342.86,-447.14,-100,5.8696,-Inf,1
340.05,22.974,-641,-339.44,23.068,-342.86,-447.14,-100,6.1739,-Inf,1
340.05,22.974,-641,-339.44,23.068,-342.86,-447.14,-100,6.4783,-Inf,1
340.05,22.974,-641,-339.44,23.068,-342.86,-447.14,-100,6.7826,-Inf,1
340.05,22.974,-641,-339.44,23.068,-342.86,-447.14,-100,7.087,-Inf,1
340.05,22.974,-641,-339.44,23.068,-342.86,-447.14,-100,7.3913,-Inf,1
340.05,22.974,-641,-339.44,23.068,-342.86,-447.14,-100,7.6957,-Inf,1
340.05,22.974,-641,-339.44,23.068,-342.86,-447.14,-100,8,-Inf,1
317.83,20.414,-641,-339.44,23.068,-342.86,-447.14,0,1,-345.87,1
317.83,20.414,-641,-339.44,23.068,-342.86,-447.14,0,1.3043,-322.67,1
317.83,20.414,-641,-339.44,23.068,-342.86,-447.14,0,1.6087,-306.88,1
317.83,20.414,-641,-339.44,23.068,-342.86,-447.14,0,1.913,-297.66,1
317.83,20.414,-641,-339.44,23.068,-342.86,-447.14,0,2.2174,-294.71,1
317.83,20.414,-641,-339.44,23.068,-342.86,-447.14,0,2.5217,-298.14,1
317.83,20.414,-641,-339.44,23.068,-342.86,-447.14,0,2.8261,-308.63,1
317.83,20.414,-641,-339.44,23.068,-342.86,-447.14,0,3.1304,-327.63,1
317.83,20.414,-641,-339.44,23.068,-342.86,-447.14,0,3.4348,-357.85,1
317.83,20.414,-641,-339.44,23.068,-342.86,-447.14,0,3.7391,-404.38,1
317.83,20.414,-641,-339.44,23.068,-342.86,-447.14,0,4.0435,-477.49,1
317.83,20.414,-641,-339.44,23.068,-342.86,-447.14,0,4.3478,-601.03,1
317.83,20.414,-641,-339.44,23.068,-342.86,-447.14,0,4.6522,-845.06,1
317.83,20.414,-641,-339.44,23.068,-342.86,-447.14,0,4.9565,-1537.5,1
317.83,20.414,-641,-339.44,23.068,-342.86,-447.14,0,5.2609,-Inf,1
317.83,20.414,-641,-339.44,23.068,-342.86,-447.14,0,5.5652,-Inf,1
317.83,20.414,-641,-339.44,23.068,-342.86,-447.14,0,5.8696,-Inf,1
317.83,20.414,-641,-339.44,23.068,-342.86,-447.14,0,6.1739,-Inf,1
317.83,20.414,-641,-339.44,23.068,-342.86,-447.14,0,6.4783,-Inf,1
317.83,20.414,-641,-339.44,23.068,-342.86,-447.14,0,6.7826,-Inf,1
317.83,20.414,-641,-339.44,23.068,-342.86,-447.14,0,7.087,-Inf,1
317.83,20.414,-641,-339.44,23.068,-342.86,-447.14,0,7.3913,-Inf,1
317.83,20.414,-641,-339.44,23.068,-342.86,-447.14,0,7.6957,-Inf,1
317.83,20.414,-641,-339.44,23.068,-342.86,-447.14,0,8,-Inf,1
326.2,18.333,-641,-339.44,23.068,-342.86,-447.14,100,1,-371.48,1
326.2,18.333,-641,-339.44,23.068,-342.86,-447.14,100,1.3043,-343.49,1
326.2,18.333,-641,-339.44,23.068,-342.86,-447.14,100,1.6087,-323.01,1
326.2,18.333,-641,-339.44,23.068,-342.86,-447.14,100,1.913,-308.82,1
326.2,18.333,-641,-339.44,23.068,-342.86,-447.14,100,2.2174,-300.23,1
326.2,18.333,-641,-339.44,23.068,-342.86,-447.14,100,2.5217,-296.93,1
326.2,18.333,-641,-339.44,23.068,-342.86,-447.14,100,2.8261,-299.02,1
326.2,18.333,-641,-339.44,23.068,-342.86,-447.14,100,3.1304,-307.08,1
326.2,18.333,-641,-339.44,23.068,-342.86,-447.14,100,3.4348,-322.38,1
326.2,18.333,-641,-339.44,23.068,-342.86,-447.14,100,3.7391,-347.33,1
326.2,18.333,-641,-339.44,23.068,-342.86,-447.14,100,4.0435,-386.58,1
326.2,18.333,-641,-339.44,23.068,-342.86,-447.14,100,4.3478,-449.84,1
326.2,18.333,-641,-339.44,23.068,-342.86,-447.14,100,4.6522,-560.77,1
326.2,18.333,-641,-339.44,23.068,-342.86,-447.14,100,4.9565,-795,1
326.2,18.333,-641,-339.44,23.068,-342.86,-447.14,100,5.2609,-Inf,1
326.2,18.333,-641,-339.44,23.068,-342.86,-447.14,100,5.5652,-Inf,1
326.2,18.333,-641,-339.44,23.068,-342.86,-447.14,100,5.8696,-Inf,1
326.2,18.333,-641,-339.44,23.068,-342.86,-447.14,100,6.1739,-Inf,1
326.2,18.333,-641,-339.44,23.068,-342.86,-447.14,100,6.4783,-Inf,1
326.2,18.333,-641,-339.44,23.068,-342.86,-447.14,100,6.7826,-Inf,1
326.2,18.333,-641,-339.44,23.068,-342.86,-447.14,100,7.087,-Inf,1
326.2,18.333,-641,-339.44,23.068,-342.86,-447.14,100,7.3913,-Inf,1
326.2,18.333,-641,-339.44,23.068,-342.86,-447.14,100,7.6957,-Inf,1
326.2,18.333,-641,-339.44,23.068,-342.86,-447.14,100,8,-Inf,1
363.03,17.969,-641,-339.44,23.068,-342.86,-447.14,200,1,-418.62,0
363.03,17.969,-641,-339.44,23.068,-342.86,-447.14,200,1.3043,-381.37,0
363.03,17.969,-641,-339.44,23.068,-342.86,-447.14,200,1.6087,-353.25,0
363.03,17.969,-641,-339.44,23.068,-342.86,-447.14,200,1.913,-332.3,0
363.03,17.969,-641,-339.44,23.068,-342.86,-447.14,200,2.2174,-317.25,0
363.03,17.969,-641,-339.44,23.068,-342.86,-447.14,200,2.5217,-307.32,0
363.03,17.969,-641,-339.44,23.068,-342.86,-447.14,200,2.8261,-302.13,0
363.03,17.969,-641,-339.44,23.068,-342.86,-447.14,200,3.1304,-301.63,0
363.03,17.969,-641,-339.44,23.068,-342.86,-447.14,200,3.4348,-306.21,0
363.03,17.969,-641,-339.44,23.068,-342.86,-447.14,200,3.7391,-316.81,0
363.03,17.969,-641,-339.44,23.068,-342.86,-447.14,200,4.0435,-335.32,0
363.03,17.969,-641,-339.44,23.068,-342.86,-447.14,200,4.3478,-365.46,0
363.03,17.969,-641,-339.44,23.068,-342.86,-447.14,200,4.6522,-415.04,0
363.03,17.969,-641,-339.44,23.068,-342.86,-447.14,200,4.9565,-503.24,0
363.03,17.969,-641,-339.44,23.068,-342.86,-447.14,200,5.2609,-691.62,0
363.03,17.969,-641,-339.44,23.068,-342.86,-447.14,200,5.5652,-1326,0
363.03,17.969,-641,-339.44,23.068,-342.86,-447.14,200,5.8696,-Inf,0
363.03,17.969,-641,-339.44,23.068,-342.86,-447.14,200,6.1739,-Inf,0
363.03,17.969,-641,-339.44,23.068,-342.86,-447.14,200,6.4783,-Inf,0
363.03,17.969,-641,-339.44,23.068,-342.86,-447.14,200,6.7826,-Inf,0
363.03,17.969,-641,-339.44,23.068,-342.86,-447.14,200,7.087,-Inf,0
363.03,17.969,-641,-339.44,23.068,-342.86,-447.14,200,7.3913,-Inf,0
363.03,17.969,-641,-339.44,23.068,-342.86,-447.14,200,7.6957,-Inf,0
363.03,17.969,-641,-339.44,23.068,-342.86,-447.14,200,8,-2642,0
420.92,20.921,-641,-339.44,23.068,-342.86,-447.14,300,1,-524.91,0
420.92,20.921,-641,-339.44,23.068,-342.86,-447.14,300,1.3043,-464.34,0
420.92,20.921,-641,-339.44,23.068,-342.86,-447.14,300,1.6087,-418.8,0
420.92,20.921,-641,-339.44,23.068,-342.86,-447.14,300,1.913,-384.26,0
420.92,20.921,-641,-339.44,23.068,-342.86,-447.14,300,2.2174,-358.08,0
420.92,20.921,-641,-339.44,23.068,-342.86,-447.14,300,2.5217,-338.54,0
420.92,20.921,-641,-339.44,23.068,-342.86,-447.14,300,2.8261,-324.5,0
420.92,20.921,-641,-339.44,23.068,-342.86,-447.14,300,3.1304,-315.29,0
420.92,20.921,-641,-339.44,23.068,-342.86,-447.14,300,3.4348,-310.6,0
420.92,20.921,-641,-339.44,23.068,-342.86,-447.14,300,3.7391,-310.52,0
420.92,20.921,-641,-339.44,23.068,-342.86,-447.14,300,4.0435,-315.57,0
420.92,20.921,-641,-339.44,23.068,-342.86,-447.14,300,4.3478,-326.99,0
420.92,20.921,-641,-339.44,23.068,-342.86,-447.14,300,4.6522,-347.28,0
420.92,20.921,-641,-339.44,23.068,-342.86,-447.14,300,4.9565,-381.64,0
420.92,20.921,-641,-339.44,23.068,-342.86,-447.14,300,5.2609,-442.22,0
420.92,20.921,-641,-339.44,23.068,-342.86,-447.14,300,5.5652,-564.4,0
420.92,20.921,-641,-339.44,23.068,-342.86,-447.14,300,5.8696,-905.38,0
420.92,20.921,-641,-339.44,23.068,-342.86,-447.14,300,6.1739,-Inf,0
420.92,20.921,-641,-339.44,23.068,-342.86,-447.14,300,6.4783,-Inf,0
420.92,20.921,-641,-339.44,23.068,-342.86,-447.14,300,6.7826,-Inf,0
420.92,20.921,-641,-339.44,23.068,-342.86,-447.14,300,7.087,-Inf,0
420.92,20.921,-641,-339.44,23.068,-342.86,-447.14,300,7.3913,-Inf,0
420.92,20.921,-641,-339.44,23.068,-342.86,-447.14,300,7.6957,-Inf,0
420.92,20.921,-641,-339.44,23.068,-342.86,-447.14,300,8,-Inf,0
440.04,27.517,-641,-339.44,23.068,-342.86,-358.93,-300,1,-276.05,0
440.04,27.517,-641,-339.44,23.068,-342.86,-358.93,-300,1.3043,-263.8,0
440.04,27.517,-641,-339.44,23.068,-342.86,-358.93,-300,1.6087,-261.47,0
440.04,27.517,-641,-339.44,23.068,-342.86,-358.93,-300,1.913,-269.23,0
440.04,27.517,-641,-339.44,23.068,-342.86,-358.93,-300,2.2174,-288.08,0
440.04,27.517,-641,-339.44,23.068,-342.86,-358.93,-300,2.5217,-320.05,0
440.04,27.517,-641,-339.44,23.068,-342.86,-358.93,-300,2.8261,-368.85,0
440.04,27.517,-641,-339.44,23.068,-342.86,-358.93,-300,3.1304,-441.12,0
440.04,27.517,-641,-339.44,23.068,-342.86,-358.93,-300,3.4348,-549.39,0
440.04,27.517,-641,-339.44,23.068,-342.86,-358.93,-300,3.7391,-719.91,0
440.04,27.517,-641,-339.44,23.068,-342.86,-358.93,-300,4.0435,-1018.1,0
440.04,27.517,-641,-339.44,23.068,-342.86,-358.93,-300,4.3478,-1665.2,0
440.04,27.517,-641,-339.44,23.068,-342.86,-358.93,-300,4.6522,-Inf,0
440.04,27.517,-641,-339.44,23.068,-342.86,-358.93,-300,4.9565,-Inf,0
440.04,27.517,-641,-339.44,23.068,-342.86,-358.93,-300,5.2609,-Inf,0
440.04,27.517,-641,-339.44,23.068,-342.86,-358.93,-300,5.5652,-Inf,0
440.04,27.517,-641,-339.44,23.068,-342.86,-358.93,-300,5.8696,-Inf,0
440.04,27.517,-641,-339.44,23.068,-342.86,-358.93,-300,6.1739,-Inf,0
440.04,27.517,-641,-339.44,23.068,-342.86,-358.93,-300,6.4783,-Inf,0
440.04,27.517,-641,-339.44,23.068,-342.86,-358.93,-300,6.7826,-Inf,0
440.04,27.517,-641,-339.44,23.068,-342.86,-358.93,-300,7.087,-Inf,0
440.04,27.517,-641,-339.44,23.068,-342.86,-358.93,-300,7.3913,-Inf,0
440.04,27.517,-641,-339.44,23.068,-342.86,-358.93,-300,7.6957,-Inf,0
440.04,27.517,-641,-339.44,23.068,-342.86,-358.93,-300,8,-Inf,0
372.86,24.841,-641,-339.44,23.068,-342.86,-358.93,-200,1,-282.53,0
372.86,24.841,-641,-339.44,23.068,-342.86,-358.93,-200,1.3043,-267.84,0
372.86,24.841,-641,-339.44,23.068,-342.86,-358.93,-200,1.6087,-261.31,0
372.86,24.841,-641,-339.44,23.068,-342.86,-358.93,-200,1.913,-262.79,0
372.86,24.841,-641,-339.44,23.068,-342.86,-358.93,-200,2.2174,-272.72,0
372.86,24.841,-641,-339.44,23.068,-342.86,-358.93,-200,2.5217,-292.29,0
372.86,24.841,-641,-339.44,23.068,-342.86,-358.93,-200,2.8261,-323.76,0
372.86,24.841,-641,-339.44,23.068,-342.86,-358.93,-200,3.1304,-371.22,0
372.86,24.841,-641,-339.44,23.068,-342.86,-358.93,-200,3.4348,-442.22,0
372.86,24.841,-641,-339.44,23.068,-342.86,-358.93,-200,3.7391,-551.91,0
372.86,24.841,-641,-339.44,23.068,-342.86,-358.93,-200,4.0435,-735.36,0
372.86,24.841,-641,-339.44,23.068,-342.86,-358.93,-200,4.3478,-1096,0
372.86,24.841,-641,-339.44,23.068,-342.86,-358.93,-200,4.6522,-Inf,0
372.86,24.841,-641,-339.44,23.068,-342.86,-358.93,-200,4.9565,-Inf,0
372.86,24.841,-641,-339.44,23.068,-342.86,-358.93,-200,5.2609,-Inf,0
372.86,24.841,-641,-339.44,23.068,-342.86,-358.93,-200,5.5652,-Inf,0
372.86,24.841,-641,-339.44,23.068,-342.86,-358.93,-200,5.8696,-Inf,0
372.86,24.841,-641,-339.44,23.068,-342.86,-358.93,-200,6.1739,-Inf,0
372.86,24.841,-641,-339.44,23.068,-342.86,-358.93,-200,6.4783,-Inf,0
372.86,24.841,-641,-339.44,23.068,-342.86,-358.93,-200,6.7826,-Inf,0
372.86,24.841,-641,-339.44,23.068,-342.86,-358.93,-200,7.087,-Inf,0
372.86,24.841,-641,-339.44,23.068,-342.86,-358.93,-200,7.3913,-Inf,0
372.86,24.841,-641,-339.44,23.068,-342.86,-358.93,-200,7.6957,-Inf,0
372.86,24.841,-641,-339.44,23.068,-342.86,-358.93,-200,8,-Inf,0
323.13,21.644,-641,-339.44,23.068,-342.86,-358.93,-100,1,-290.81,0
323.13,21.644,-641,-339.44,23.068,-342.86,-358.93,-100,1.3043,-274.09,0
323.13,21.644,-641,-339.44,23.068,-342.86,-358.93,-100,1.6087,-264.22,0
323.13,21.644,-641,-339.44,23.068,-342.86,-358.93,-100,1.913,-260.78,0
323.13,21.644,-641,-339.44,23.068,-342.86,-358.93,-100,2.2174,-263.8,0
323.13,21.644,-641,-339.44,23.068,-342.86,-358.93,-100,2.5217,-273.86,0
323.13,21.644,-641,-339.44,23.068,-342.86,-358.93,-100,2.8261,-292.19,0
323.13,21.644,-641,-339.44,23.068,-342.86,-358.93,-100,3.1304,-321.12,0
323.13,21.644,-641,-339.44,23.068,-342.86,-358.93,-100,3.4348,-364.88,0
323.13,21.644,-641,-339.44,23.068,-342.86,-358.93,-100,3.7391,-431.68,0
323.13,21.644,-641,-339.44,23.068,-342.86,-358.93,-100,4.0435,-539.15,0
323.13,21.644,-641,-339.44,23.068,-342.86,-358.93,-100,4.3478,-733.01,0
323.13,21.644,-641,-339.44,23.068,-342.86,-358.93,-100,4.6522,-1179.4,0
323.13,21.644,-641,-339.44,23.068,-342.86,-358.93,-100,4.9565,-Inf,0
323.13,21.644,-641,-339.44,23.068,-342.86,-358.93,-100,5.2609,-Inf,0
323.13,21.644,-641,-339.44,23.068,-342.86,-358.93,-100,5.5652,-Inf,0
323.13,21.644,-641,-339.44,23.068,-342.86,-358.93,-100,5.8696,-Inf,0
323.13,21.644,-641,-339.44,23.068,-342.86,-358.93,-100,6.1739,-Inf,0
323.13,21.644,-641,-339.44,23.068,-342.86,-358.93,-100,6.4783,-Inf,0
323.13,21.644,-641,-339.44,23.068,-342.86,-358.93,-100,6.7826,-Inf,0
323.13,21.644,-641,-339.44,23.068,-342.86,-358.93,-100,7.087,-Inf,0
323.13,21.644,-641,-339.44,23.068,-342.86,-358.93,-100,7.3913,-Inf,0
323.13,21.644,-641,-339.44,23.068,-342.86,-358.93,-100,7.6957,-Inf,0
323.13,21.644,-641,-339.44,23.068,-342.86,-358.93,-100,8,-Inf,0
299.66,17.868,-641,-339.44,23.068,-342.86,-358.93,0,1,-301.95,1
299.66,17.868,-641,-339.44,23.068,-342.86,-358.93,0,1.3043,-283.19,1
299.66,17.868,-641,-339.44,23.068,-342.86,-358.93,0,1.6087,-270.45,1
299.66,17.868,-641,-339.44,23.068,-342.86,-358.93,0,1.913,-263.08,1
299.66,17.868,-641,-339.44,23.068,-342.86,-358.93,0,2.2174,-260.8,1
299.66,17.868,-641,-339.44,23.068,-342.86,-358.93,0,2.5217,-263.72,1
299.66,17.868,-641,-339.44,23.068,-342.86,-358.93,0,2.8261,-272.39,1
299.66,17.868,-641,-339.44,23.068,-342.86,-358.93,0,3.1304,-287.98,1
299.66,17.868,-641,-339.44,23.068,-342.86,-358.93,0,3.4348,-312.66,1
299.66,17.868,-641,-339.44,23.068,-342.86,-358.93,0,3.7391,-350.53,1
299.66,17.868,-641,-339.44,23.068,-342.86,-358.93,0,4.0435,-409.82,1
299.66,17.868,-641,-339.44,23.068,-342.86,-358.93,0,4.3478,-509.5,1
299.66,17.868,-641,-339.44,23.068,-342.86,-358.93,0,4.6522,-704.73,1
299.66,17.868,-641,-339.44,23.068,-342.86,-358.93,0,4.9565,-1247.4,1
299.66,17.868,-641,-339.44,23.068,-342.86,-358.93,0,5.2609,-Inf,1
299.66,17.868,-641,-339.44,23.068,-342.86,-358.93,0,5.5652,-Inf,1
299.66,17.868,-641,-339.44,23.068,-342.86,-358.93,0,5.8696,-Inf,1
299.66,17.868,-641,-339.44,23.068,-342.86,-358.93,0,6.1739,-Inf,1
299.66,17.868,-641,-339.44,23.068,-342.86,-358.93,0,6.4783,-Inf,1
299.66,17.868,-641,-339.44,23.068,-342.86,-358.93,0,6.7826,-Inf,1
299.66,17.868,-641,-339.44,23.068,-342.86,-358.93,0,7.087,-Inf,1
299.66,17.868,-641,-339.44,23.068,-342.86,-358.93,0,7.3913,-Inf,1
299.66,17.868,-641,-339.44,23.068,-342.86,-358.93,0,7.6957,-Inf,1
299.66,17.868,-641,-339.44,23.068,-342.86,-358.93,0,8,-Inf,1
308.52,13.685,-641,-339.44,23.068,-342.86,-358.93,100,1,-318.42,0
308.52,13.685,-641,-339.44,23.068,-342.86,-358.93,100,1.3043,-296.86,0
308.52,13.685,-641,-339.44,23.068,-342.86,-358.93,100,1.6087,-281.09,0
308.52,13.685,-641,-339.44,23.068,-342.86,-358.93,100,1.913,-270.18,0
308.52,13.685,-641,-339.44,23.068,-342.86,-358.93,100,2.2174,-263.6,0
308.52,13.685,-641,-339.44,23.068,-342.86,-358.93,100,2.5217,-261.09,0
308.52,13.685,-641,-339.44,23.068,-342.86,-358.93,100,2.8261,-262.75,0
308.52,13.685,-641,-339.44,23.068,-342.86,-358.93,100,3.1304,-269.01,0
308.52,13.685,-641,-339.44,23.068,-342.86,-358.93,100,3.4348,-280.83,0
308.52,13.685,-641,-339.44,23.068,-342.86,-358.93,100,3.7391,-300.04,0
308.52,13.685,-641,-339.44,23.068,-342.86,-358.93,100,4.0435,-330.17,0
308.52,13.685,-641,-339.44,23.068,-342.86,-358.93,100,4.3478,-378.55,0
308.52,13.685,-641,-339.44,23.068,-342.86,-358.93,100,4.6522,-462.89,0
308.52,13.685,-641,-339.44,23.068,-342.86,-358.93,100,4.9565,-639.15,0
308.52,13.685,-641,-339.44,23.068,-342.86,-358.93,100,5.2609,-1212.1,0
308.52,13.685,-641,-339.44,23.068,-342.86,-358.93,100,5.5652,-Inf,0
308.52,13.685,-641,-339.44,23.068,-342.86,-358.93,100,5.8696,-Inf,0
308.52,13.685,-641,-339.44,23.068,-342.86,-358.93,100,6.1739,-Inf,0
308.52,13.685,-641,-339.44,23.068,-342.86,-358.93,100,6.4783,-Inf,0
308.52,13.685,-641,-339.44,23.068,-342.86,-358.93,100,6.7826,-Inf,0
308.52,13.685,-641,-339.44,23.068,-342.86,-358.93,100,7.087,-Inf,0
308.52,13.685,-641,-339.44,23.068,-342.86,-358.93,100,7.3913,-Inf,0
308.52,13.685,-641,-339.44,23.068,-342.86,-358.93,100,7.6957,-3049.3,0
308.52,13.685,-641,-339.44,23.068,-342.86,-358.93,100,8,-Inf,0
347.23,10.461,-641,-339.44,23.068,-342.86,-358.93,200,1,-346.79,0
347.23,10.461,-641,-339.44,23.068,-342.86,-358.93,200,1.3043,-319.87,0
347.23,10.461,-641,-339.44,23.068,-342.86,-358.93,200,1.6087,-299.53,0
347.23,10.461,-641,-339.44,23.068,-342.86,-358.93,200,1.913,-284.37,0
347.23,10.461,-641,-339.44,23.068,-342.86,-358.93,200,2.2174,-273.47,0
347.23,10.461,-641,-339.44,23.068,-342.86,-358.93,200,2.5217,-266.27,0
347.23,10.461,-641,-339.44,23.068,-342.86,-358.93,200,2.8261,-262.48,0
347.23,10.461,-641,-339.44,23.068,-342.86,-358.93,200,3.1304,-262.07,0
347.23,10.461,-641,-339.44,23.068,-342.86,-358.93,200,3.4348,-265.3,0
347.23,10.461,-641,-339.44,23.068,-342.86,-358.93,200,3.7391,-272.83,0
347.23,10.461,-641,-339.44,23.068,-342.86,-358.93,200,4.0435,-286.01,0
347.23,10.461,-641,-339.44,23.068,-342.86,-358.93,200,4.3478,-307.41,0
347.23,10.461,-641,-339.44,23.068,-342.86,-358.93,200,4.6522,-342.54,0
347.23,10.461,-641,-339.44,23.068,-342.86,-358.93,200,4.9565,-404.71,0
347.23,10.461,-641,-339.44,23.068,-342.86,-358.93,200,5.2609,-536.2,0
347.23,10.461,-641,-339.44,23.068,-342.86,-358.93,200,5.5652,-966.86,0
347.23,10.461,-641,-339.44,23.068,-342.86,-358.93,200,5.8696,-Inf,0
347.23,10.461,-641,-339.44,23.068,-342.86,-358.93,200,6.1739,-Inf,0
347.23,10.461,-641,-339.44,23.068,-342.86,-358.93,200,6.4783,-Inf,0
347.23,10.461,-641,-339.44,23.068,-342.86,-358.93,200,6.7826,-Inf,0
347.23,10.461,-641,-339.44,23.068,-342.86,-358.93,200,7.087,-Inf,0
347.23,10.461,-641,-339.44,23.068,-342.86,-358.93,200,7.3913,-Inf,0
347.23,10.461,-641,-339.44,23.068,-342.86,-358.93,200,7.6957,-Inf,0
347.23,10.461,-641,-339.44,23.068,-342.86,-358.93,200,8,-2051.4,0
407.38,12.413,-641,-339.44,23.068,-342.86,-358.93,300,1,-408.03,0
407.38,12.413,-641,-339.44,23.068,-342.86,-358.93,300,1.3043,-367.54,0
407.38,12.413,-641,-339.44,23.068,-342.86,-358.93,300,1.6087,-337.05,0
407.38,12.413,-641,-339.44,23.068,-342.86,-358.93,300,1.913,-313.9,0
407.38,12.413,-641,-339.44,23.068,-342.86,-358.93,300,2.2174,-296.32,0
407.38,12.413,-641,-339.44,23.068,-342.86,-358.93,300,2.5217,-283.16,0
407.38,12.413,-641,-339.44,23.068,-342.86,-358.93,300,2.8261,-273.67,0
407.38,12.413,-641,-339.44,23.068,-342.86,-358.93,300,3.1304,-267.39,0
407.38,12.413,-641,-339.44,23.068,-342.86,-358.93,300,3.4348,-264.11,0
407.38,12.413,-641,-339.44,23.068,-342.86,-358.93,300,3.7391,-263.86,0
407.38,12.413,-641,-339.44,23.068,-342.86,-358.93,300,4.0435,-266.98,0
407.38,12.413,-641,-339.44,23.068,-342.86,-358.93,300,4.3478,-274.25,0
407.38,12.413,-641,-339.44,23.068,-342.86,-358.93,300,4.6522,-287.27,0
407.38,12.413,-641,-339.44,23.068,-342.86,-358.93,300,4.9565,-309.38,0
407.38,12.413,-641,-339.44,23.068,-342.86,-358.93,300,5.2609,-348.31,0
407.38,12.413,-641,-339.44,23.068,-342.86,-358.93,300,5.5652,-426.4,0
407.38,12.413,-641,-339.44,23.068,-342.86,-358.93,300,5.8696,-640.99,0
407.38,12.413,-641,-339.44,23.068,-342.86,-358.93,300,6.1739,-Inf,0
407.38,12.413,-641,-339.44,23.068,-342.86,-358.93,300,6.4783,-Inf,0
407.38,12.413,-641,-339.44,23.068,-342.86,-358.93,300,6.7826,-Inf,0
407.38,12.413,-641,-339.44,23.068,-342.86,-358.93,300,7.087,-Inf,0
407.38,12.413,-641,-339.44,23.068,-342.86,-358.93,300,7.3913,-Inf,0
407.38,12.413,-641,-339.44,23.068,-342.86,-358.93,300,7.6957,-Inf,0
407.38,12.413,-641,-339.44,23.068,-342.86,-358.93,300,8,-Inf,0
444.95,28.202,-641,-339.44,23.068,-342.86,-270.71,-300,1,-257.38,0
444.95,28.202,-641,-339.44,23.068,-342.86,-270.71,-300,1.3043,-246.32,0
444.95,28.202,-641,-339.44,23.068,-342.86,-270.71,-300,1.6087,-244.5,0
444.95,28.202,-641,-339.44,23.068,-342.86,-270.71,-300,1.913,-252.08,0
444.95,28.202,-641,-339.44,23.068,-342.86,-270.71,-300,2.2174,-270,0
444.95,28.202,-641,-339.44,23.068,-342.86,-270.71,-300,2.5217,-300.15,0
444.95,28.202,-641,-339.44,23.068,-342.86,-270.71,-300,2.8261,-345.98,0
444.95,28.202,-641,-339.44,23.068,-342.86,-270.71,-300,3.1304,-413.65,0
444.95,28.202,-641,-339.44,23.068,-342.86,-270.71,-300,3.4348,-514.75,0
444.95,28.202,-641,-339.44,23.068,-342.86,-270.71,-300,3.7391,-673.46,0
444.95,28.202,-641,-339.44,23.068,-342.86,-270.71,-300,4.0435,-949.72,0
444.95,28.202,-641,-339.44,23.068,-342.86,-270.71,-300,4.3478,-1544,0
444.95,28.202,-641,-339.44,23.068,-342.86,-270.71,-300,4.6522,-Inf,0
444.95,28.202,-641,-339.44,23.068,-342.86,-270.71,-300,4.9565,-Inf,0
444.95,28.202,-641,-339.44,23.068,-342.86,-270.71,-300,5.2609,-Inf,0
444.95,28.202,-641,-339.44,23.068,-342.86,-270.71,-300,5.5652,-Inf,0
444.95,28.202,-641,-339.44,23.068,-342.86,-270.71,-300,5.8696,-Inf,0
444.95,28.202,-641,-339.44,23.068,-342.86,-270.71,-300,6.1739,-Inf,0
444.95,28.202,-641,-339.44,23.068,-342.86,-270.71,-300,6.4783,-Inf,0
444.95,28.202,-641,-339.44,23.068,-342.86,-270.71,-300,6.7826,-Inf,0
444.95,28.202,-641,-339.44,23.068,-342.86,-270.71,-300,7.087,-Inf,0
444.95,28.202,-641,-339.44,23.068,-342.86,-270.71,-300,7.3913,-Inf,0
444.95,28.202,-641,-339.44,23.068,-342.86,-270.71,-300,7.6957,-Inf,0
444.95,28.202,-641,-339.44,23.068,-342.86,-270.71,-300,8,-Inf,0
378.64,25.418,-641,-339.44,23.068,-342.86,-270.71,-200,1,-263.29,0
378.64,25.418,-641,-339.44,23.068,-342.86,-270.71,-200,1.3043,-250.13,0
378.64,25.418,-641,-339.44,23.068,-342.86,-270.71,-200,1.6087,-244.43,0
378.64,25.418,-641,-339.44,23.068,-342.86,-270.71,-200,1.913,-246.07,0
378.64,25.418,-641,-339.44,23.068,-342.86,-270.71,-200,2.2174,-255.46,0
378.64,25.418,-641,-339.44,23.068,-342.86,-270.71,-200,2.5217,-273.68,0
378.64,25.418,-641,-339.44,23.068,-342.86,-270.71,-200,2.8261,-302.82,0
378.64,25.418,-641,-339.44,23.068,-342.86,-270.71,-200,3.1304,-346.59,0
378.64,25.418,-641,-339.44,23.068,-342.86,-270.71,-200,3.4348,-411.86,0
378.64,25.418,-641,-339.44,23.068,-342.86,-270.71,-200,3.7391,-512.38,0
378.64,25.418,-641,-339.44,23.068,-342.86,-270.71,-200,4.0435,-679.76,0
378.64,25.418,-641,-339.44,23.068,-342.86,-270.71,-200,4.3478,-1006.4,0
378.64,25.418,-641,-339.44,23.068,-342.86,-270.71,-200,4.6522,-Inf,0
378.64,25.418,-641,-339.44,23.068,-342.86,-270.71,-200,4.9565,-Inf,0
378.64,25.418,-641,-339.44,23.068,-342.86,-270.71,-200,5.2609,-Inf,0
378.64,25.418,-641,-339.44,23.068,-342.86,-270.71,-200,5.5652,-Inf,0
378.64,25.418,-641,-339.44,23.068,-342.86,-270.71,-200,5.8696,-Inf,0
378.64,25.418,-641,-339.44,23.068,-342.86,-270.71,-200,6.1739,-Inf,0
378.64,25.418,-641,-339.44,23.068,-342.86,-270.71,-200,6.4783,-Inf,0
378.64,25.418,-641,-339.44,23.068,-342.86,-270.71,-200,6.7826,-Inf,0
378.64,25.418,-641,-339.44,23.068,-342.86,-270.71,-200,7.087,-Inf,0
378.64,25.418,-641,-339.44,23.068,-342.86,-270.71,-200,7.3913,-Inf,0
378.64,25.418,-641,-339.44,23.068,-342.86,-270.71,-200,7.6957,-Inf,0
378.64,25.418,-641,-339.44,23.068,-342.86,-270.71,-200,8,-Inf,0
329.78,21.98,-641,-339.44,23.068,-342.86,-270.71,-100,1,-270.49,0
329.78,21.98,-641,-339.44,23.068,-342.86,-270.71,-100,1.3043,-255.73,0
329.78,21.98,-641,-339.44,23.068,-342.86,-270.71,-100,1.6087,-247.1,0
329.78,21.98,-641,-339.44,23.068,-342.86,-270.71,-100,1.913,-244.23,0
329.78,21.98,-641,-339.44,23.068,-342.86,-270.71,-100,2.2174,-247.16,0
329.78,21.98,-641,-339.44,23.068,-342.86,-270.71,-100,2.5217,-256.4,0
329.78,21.98,-641,-339.44,23.068,-342.86,-270.71,-100,2.8261,-273.06,0
329.78,21.98,-641,-339.44,23.068,-342.86,-270.71,-100,3.1304,-299.21,0
329.78,21.98,-641,-339.44,23.068,-342.86,-270.71,-100,3.4348,-338.63,0
329.78,21.98,-641,-339.44,23.068,-342.86,-270.71,-100,3.7391,-398.59,0
329.78,21.98,-641,-339.44,23.068,-342.86,-270.71,-100,4.0435,-494.66,0
329.78,21.98,-641,-339.44,23.068,-342.86,-270.71,-100,4.3478,-666.91,0
329.78,21.98,-641,-339.44,23.068,-342.86,-270.71,-100,4.6522,-1058.7,0
329.78,21.98,-641,-339.44,23.068,-342.86,-270.71,-100,4.9565,-Inf,0
329.78,21.98,-641,-339.44,23.068,-342.86,-270.71,-100,5.2609,-Inf,0
329.78,21.98,-641,-339.44,23.068,-342.86,-270.71,-100,5.5652,-Inf,0
329.78,21.98,-641,-339.44,23.068,-342.86,-270.71,-100,5.8696,-Inf,0
329.78,21.98,-641,-339.44,23.068,-342.86,-270.71,-100,6.1739,-Inf,0
329.78,21.98,-641,-339.44,23.068,-342.86,-270.71,-100,6.4783,-Inf,0
329.78,21.98,-641,-339.44,23.068,-342.86,-270.71,-100,6.7826,-Inf,0
329.78,21.98,-641,-339.44,23.068,-342.86,-270.71,-100,7.087,-Inf,0
329.78,21.98,-641,-339.44,23.068,-342.86,-270.71,-100,7.3913,-Inf,0
329.78,21.98,-641,-339.44,23.068,-342.86,-270.71,-100,7.6957,-Inf,0
329.78,21.98,-641,-339.44,23.068,-342.86,-270.71,-100,8,-Inf,0
306.82,17.667,-641,-339.44,23.068,-342.86,-270.71,0,1,-279.56,0
306.82,17.667,-641,-339.44,23.068,-342.86,-270.71,0,1.3043,-263.38,0
306.82,17.667,-641,-339.44,23.068,-342.86,-270.71,0,1.6087,-252.44,0
306.82,17.667,-641,-339.44,23.068,-342.86,-270.71,0,1.913,-246.17,0
306.82,17.667,-641,-339.44,23.068,-342.86,-270.71,0,2.2174,-244.33,0
306.82,17.667,-641,-339.44,23.068,-342.86,-270.71,0,2.5217,-247.03,0
306.82,17.667,-641,-339.44,23.068,-342.86,-270.71,0,2.8261,-254.74,0
306.82,17.667,-641,-339.44,23.068,-342.86,-270.71,0,3.1304,-268.46,0
306.82,17.667,-641,-339.44,23.068,-342.86,-270.71,0,3.4348,-290.09,0
306.82,17.667,-641,-339.44,23.068,-342.86,-270.71,0,3.7391,-323.14,0
306.82,17.667,-641,-339.44,23.068,-342.86,-270.71,0,4.0435,-374.67,0
306.82,17.667,-641,-339.44,23.068,-342.86,-270.71,0,4.3478,-460.88,0
306.82,17.667,-641,-339.44,23.068,-342.86,-270.71,0,4.6522,-628.32,0
306.82,17.667,-641,-339.44,23.068,-342.86,-270.71,0,4.9565,-1084.6,0
306.82,17.667,-641,-339.44,23.068,-342.86,-270.71,0,5.2609,-Inf,0
306.82,17.667,-641,-339.44,23.068,-342.86,-270.71,0,5.5652,-Inf,0
306.82,17.667,-641,-339.44,23.068,-342.86,-270.71,0,5.8696,-Inf,0
306.82,17.667,-641,-339.44,23.068,-342.86,-270.71,0,6.1739,-Inf,0
306.82,17.667,-641,-339.44,23.068,-342.86,-270.71,0,6.4783,-Inf,0
306.82,17.667,-641,-339.44,23.068,-342.86,-270.71,0,6.7826,-Inf,0
306.82,17.667,-641,-339.44,23.068,-342.86,-270.71,0,7.087,-Inf,0
306.82,17.667,-641,-339.44,23.068,-342.86,-270.71,0,7.3913,-Inf,0
306.82,17.667,-641,-339.44,23.068,-342.86,-270.71,0,7.6957,-Inf,0
306.82,17.667,-641,-339.44,23.068,-342.86,-270.71,0,8,-Inf,0
315.48,12.171,-641,-339.44,23.068,-342.86,-270.71,100,1,-292,0
315.48,12.171,-641,-339.44,23.068,-342.86,-270.71,100,1.3043,-274.03,0
315.48,12.171,-641,-339.44,23.068,-342.86,-270.71,100,1.6087,-260.9,0
315.48,12.171,-641,-339.44,23.068,-342.86,-270.71,100,1.913,-251.85,0
315.48,12.171,-641,-339.44,23.068,-342.86,-270.71,100,2.2174,-246.42,0
315.48,12.171,-641,-339.44,23.068,-342.86,-270.71,100,2.5217,-244.4,0
315.48,12.171,-641,-339.44,23.068,-342.86,-270.71,100,2.8261,-245.87,0
315.48,12.171,-641,-339.44,23.068,-342.86,-270.71,100,3.1304,-251.19,0
315.48,12.171,-641,-339.44,23.068,-342.86,-270.71,100,3.4348,-261.15,0
315.48,12.171,-641,-339.44,23.068,-342.86,-270.71,100,3.7391,-277.28,0
315.48,12.171,-641,-339.44,23.068,-342.86,-270.71,100,4.0435,-302.46,0
315.48,12.171,-641,-339.44,23.068,-342.86,-270.71,100,4.3478,-342.73,0
315.48,12.171,-641,-339.44,23.068,-342.86,-270.71,100,4.6522,-412.53,0
315.48,12.171,-641,-339.44,23.068,-342.86,-270.71,100,4.9565,-556.89,0
315.48,12.171,-641,-339.44,23.068,-342.86,-270.71,100,5.2609,-1013.4,0
315.48,12.171,-641,-339.44,23.068,-342.86,-270.71,100,5.5652,-Inf,0
315.48,12.171,-641,-339.44,23.068,-342.86,-270.71,100,5.8696,-Inf,0
315.48,12.171,-641,-339.44,23.068,-342.86,-270.71,100,6.1739,-Inf,0
315.48,12.171,-641,-339.44,23.068,-342.86,-270.71,100,6.4783,-Inf,0
315.48,12.171,-641,-339.44,23.068,-342.86,-270.71,100,6.7826,-Inf,0
315.48,12.171,-641,-339.44,23.068,-342.86,-270.71,100,7.087,-Inf,0
315.48,12.171,-641,-339.44,23.068,-342.86,-270.71,100,7.3913,-Inf,0
315.48,12.171,-641,-339.44,23.068,-342.86,-270.71,100,7.6957,-2712,0
315.48,12.171,-641,-339.44,23.068,-342.86,-270.71,100,8,-Inf,0
353.43,5.119,-641,-339.44,23.068,-342.86,-270.71,200,1,-311.94,0
353.43,5.119,-641,-339.44,23.068,-342.86,-270.71,200,1.3043,-290.54,0
353.43,5.119,-641,-339.44,23.068,-342.86,-270.71,200,1.6087,-274.37,0
353.43,5.119,-641,-339.44,23.068,-342.86,-270.71,200,1.913,-262.33,0
353.43,5.119,-641,-339.44,23.068,-342.86,-270.71,200,2.2174,-253.67,0
353.43,5.119,-641,-339.44,23.068,-342.86,-270.71,200,2.5217,-247.95,0
353.43,5.119,-641,-339.44,23.068,-342.86,-270.71,200,2.8261,-244.94,0
353.43,5.119,-641,-339.44,23.068,-342.86,-270.71,200,3.1304,-244.62,0
353.43,5.119,-641,-339.44,23.068,-342.86,-270.71,200,3.4348,-247.18,0
353.43,5.119,-641,-339.44,23.068,-342.86,-270.71,200,3.7391,-253.14,0
353.43,5.119,-641,-339.44,23.068,-342.86,-270.71,200,4.0435,-263.54,0
353.43,5.119,-641,-339.44,23.068,-342.86,-270.71,200,4.3478,-280.41,0
353.43,5.119,-641,-339.44,23.068,-342.86,-270.71,200,4.6522,-307.97,0
353.43,5.119,-641,-339.44,23.068,-342.86,-270.71,200,4.9565,-356.5,0
353.43,5.119,-641,-339.44,23.068,-342.86,-270.71,200,5.2609,-458.11,0
353.43,5.119,-641,-339.44,23.068,-342.86,-270.71,200,5.5652,-782,0
353.43,5.119,-641,-339.44,23.068,-342.86,-270.71,200,5.8696,-Inf,0
353.43,5.119,-641,-339.44,23.068,-342.86,-270.71,200,6.1739,-Inf,0
353.43,5.119,-641,-339.44,23.068,-342.86,-270.71,200,6.4783,-Inf,0
353.43,5.119,-641,-339.44,23.068,-342.86,-270.71,200,6.7826,-Inf,0
353.43,5.119,-641,-339.44,23.068,-342.86,-270.71,200,7.087,-Inf,0
353.43,5.119,-641,-339.44,23.068,-342.86,-270.71,200,7.3913,-Inf,0
353.43,5.119,-641,-339.44,23.068,-342.86,-270.71,200,7.6957,-Inf,0
353.43,5.119,-641,-339.44,23.068,-342.86,-270.71,200,8,-1751.3,0
412.68,4.2995,-641,-339.44,23.068,-342.86,-270.71,300,1,-352.67,0
412.68,4.2995,-641,-339.44,23.068,-342.86,-270.71,300,1.3043,-322.43,0
412.68,4.2995,-641,-339.44,23.068,-342.86,-270.71,300,1.6087,-299.64,0
412.68,4.2995,-641,-339.44,23.068,-342.86,-270.71,300,1.913,-282.32,0
412.68,4.2995,-641,-339.44,23.068,-342.86,-270.71,300,2.2174,-269.14,0
412.68,4.2995,-641,-339.44,23.068,-342.86,-270.71,300,2.5217,-259.27,0
412.68,4.2995,-641,-339.44,23.068,-342.86,-270.71,300,2.8261,-252.13,0
412.68,4.2995,-641,-339.44,23.068,-342.86,-270.71,300,3.1304,-247.37,0
412.68,4.2995,-641,-339.44,23.068,-342.86,-270.71,300,3.4348,-244.84,0
412.68,4.2995,-641,-339.44,23.068,-342.86,-270.71,300,3.7391,-244.56,0
412.68,4.2995,-641,-339.44,23.068,-342.86,-270.71,300,4.0435,-246.75,0
412.68,4.2995,-641,-339.44,23.068,-342.86,-270.71,300,4.3478,-251.99,0
412.68,4.2995,-641,-339.44,23.068,-342.86,-270.71,300,4.6522,-261.43,0
412.68,4.2995,-641,-339.44,23.068,-342.86,-270.71,300,4.9565,-277.45,0
412.68,4.2995,-641,-339.44,23.068,-342.86,-270.71,300,5.2609,-305.6,0
412.68,4.2995,-641,-339.44,23.068,-342.86,-270.71,300,5.5652,-361.75,0
412.68,4.2995,-641,-339.44,23.068,-342.86,-270.71,300,5.8696,-513.64,0
412.68,4.2995,-641,-339.44,23.068,-342.86,-270.71,300,6.1739,-Inf,0
412.68,4.2995,-641,-339.44,23.068,-342.86,-270.71,300,6.4783,-Inf,0
412.68,4.2995,-641,-339.44,23.068,-342.86,-270.71,300,6.7826,-Inf,0
412.68,4.2995,-641,-339.44,23.068,-342.86,-270.71,300,7.087,-Inf,0
412.68,4.2995,-641,-339.44,23.068,-342.86,-270.71,300,7.3913,-Inf,0
412.68,4.2995,-641,-339.44,23.068,-342.86,-270.71,300,7.6957,-Inf,0
412.68,4.2995,-641,-339.44,23.068,-342.86,-270.71,300,8,-Inf,0
466.79,29.794,-641,-339.44,23.068,-342.86,-182.5,-300,1,-252.08,0
466.79,29.794,-641,-339.44,23.068,-342.86,-182.5,-300,1.3043,-241.73,0
466.79,29.794,-641,-339.44,23.068,-342.86,-182.5,-300,1.6087,-240.33,0
466.79,29.794,-641,-339.44,23.068,-342.86,-182.5,-300,1.913,-248.07,0
466.79,29.794,-641,-339.44,23.068,-342.86,-182.5,-300,2.2174,-265.85,0
466.79,29.794,-641,-339.44,23.068,-342.86,-182.5,-300,2.5217,-295.52,0
466.79,29.794,-641,-339.44,23.068,-342.86,-182.5,-300,2.8261,-340.43,0
466.79,29.794,-641,-339.44,23.068,-342.86,-182.5,-300,3.1304,-406.53,0
466.79,29.794,-641,-339.44,23.068,-342.86,-182.5,-300,3.4348,-505.02,0
466.79,29.794,-641,-339.44,23.068,-342.86,-182.5,-300,3.7391,-659.16,0
466.79,29.794,-641,-339.44,23.068,-342.86,-182.5,-300,4.0435,-926.25,0
466.79,29.794,-641,-339.44,23.068,-342.86,-182.5,-300,4.3478,-1495.9,0
466.79,29.794,-641,-339.44,23.068,-342.86,-182.5,-300,4.6522,-Inf,0
466.79,29.794,-641,-339.44,23.068,-342.86,-182.5,-300,4.9565,-Inf,0
466.79,29.794,-641,-339.44,23.068,-342.86,-182.5,-300,5.2609,-Inf,0
466.79,29.794,-641,-339.44,23.068,-342.86,-182.5,-300,5.5652,-Inf,0
466.79,29.794,-641,-339.44,23.068,-342.86,-182.5,-300,5.8696,-Inf,0
466.79,29.794,-641,-339.44,23.068,-342.86,-182.5,-300,6.1739,-Inf,0
466.79,29.794,-641,-339.44,23.068,-342.86,-182.5,-300,6.4783,-Inf,0
466.79,29.794,-641,-339.44,23.068,-342.86,-182.5,-300,6.7826,-Inf,0
466.79,29.794,-641,-339.44,23.068,-342.86,-182.5,-300,7.087,-Inf,0
466.79,29.794,-641,-339.44,23.068,-342.86,-182.5,-300,7.3913,-Inf,0
466.79,29.794,-641,-339.44,23.068,-342.86,-182.5,-300,7.6957,-Inf,0
466.79,29.794,-641,-339.44,23.068,-342.86,-182.5,-300,8,-Inf,0
404.07,27.239,-641,-339.44,23.068,-342.86,-182.5,-200,1,-257.75,0
404.07,27.239,-641,-339.44,23.068,-342.86,-182.5,-200,1.3043,-245.38,0
404.07,27.239,-641,-339.44,23.068,-342.86,-182.5,-200,1.6087,-240.2,0
404.07,27.239,-641,-339.44,23.068,-342.86,-182.5,-200,1.913,-242.09,0
404.07,27.239,-641,-339.44,23.068,-342.86,-182.5,-200,2.2174,-251.45,0
404.07,27.239,-641,-339.44,23.068,-342.86,-182.5,-200,2.5217,-269.35,0
404.07,27.239,-641,-339.44,23.068,-342.86,-182.5,-200,2.8261,-297.77,0
404.07,27.239,-641,-339.44,23.068,-342.86,-182.5,-200,3.1304,-340.3,0
404.07,27.239,-641,-339.44,23.068,-342.86,-182.5,-200,3.4348,-403.53,0
404.07,27.239,-641,-339.44,23.068,-342.86,-182.5,-200,3.7391,-500.57,0
404.07,27.239,-641,-339.44,23.068,-342.86,-182.5,-200,4.0435,-661.5,0
404.07,27.239,-641,-339.44,23.068,-342.86,-182.5,-200,4.3478,-973.34,0
404.07,27.239,-641,-339.44,23.068,-342.86,-182.5,-200,4.6522,-Inf,0
404.07,27.239,-641,-339.44,23.068,-342.86,-182.5,-200,4.9565,-Inf,0
404.07,27.239,-641,-339.44,23.068,-342.86,-182.5,-200,5.2609,-Inf,0
404.07,27.239,-641,-339.44,23.068,-342.86,-182.5,-200,5.5652,-Inf,0
404.07,27.239,-641,-339.44,23.068,-342.86,-182.5,-200,5.8696,-Inf,0
404.07,27.239,-641,-339.44,23.068,-342.86,-182.5,-200,6.1739,-Inf,0
404.07,27.239,-641,-339.44,23.068,-342.86,-182.5,-200,6.4783,-Inf,0
404.07,27.239,-641,-339.44,23.068,-342.86,-182.5,-200,6.7826,-Inf,0
404.07,27.239,-641,-339.44,23.068,-342.86,-182.5,-200,7.087,-Inf,0
404.07,27.239,-641,-339.44,23.068,-342.86,-182.5,-200,7.3913,-Inf,0
404.07,27.239,-641,-339.44,23.068,-342.86,-182.5,-200,7.6957,-Inf,0
404.07,27.239,-641,-339.44,23.068,-342.86,-182.5,-200,8,-Inf,0
358.69,24.12,-641,-339.44,23.068,-342.86,-182.5,-100,1,-264.53,0
358.69,24.12,-641,-339.44,23.068,-342.86,-182.5,-100,1.3043,-250.7,0
358.69,24.12,-641,-339.44,23.068,-342.86,-182.5,-100,1.6087,-242.7,0
358.69,24.12,-641,-339.44,23.068,-342.86,-182.5,-100,1.913,-240.21,0
358.69,24.12,-641,-339.44,23.068,-342.86,-182.5,-100,2.2174,-243.26,0
358.69,24.12,-641,-339.44,23.068,-342.86,-182.5,-100,2.5217,-252.34,0
358.69,24.12,-641,-339.44,23.068,-342.86,-182.5,-100,2.8261,-268.52,0
358.69,24.12,-641,-339.44,23.068,-342.86,-182.5,-100,3.1304,-293.76,0
358.69,24.12,-641,-339.44,23.068,-342.86,-182.5,-100,3.4348,-331.66,0
358.69,24.12,-641,-339.44,23.068,-342.86,-182.5,-100,3.7391,-389.1,0
358.69,24.12,-641,-339.44,23.068,-342.86,-182.5,-100,4.0435,-480.75,0
358.69,24.12,-641,-339.44,23.068,-342.86,-182.5,-100,4.3478,-644.12,0
358.69,24.12,-641,-339.44,23.068,-342.86,-182.5,-100,4.6522,-1011.4,0
358.69,24.12,-641,-339.44,23.068,-342.86,-182.5,-100,4.9565,-Inf,0
358.69,24.12,-641,-339.44,23.068,-342.86,-182.5,-100,5.2609,-Inf,0
358.69,24.12,-641,-339.44,23.068,-342.86,-182.5,-100,5.5652,-Inf,0
358.69,24.12,-641,-339.44,23.068,-342.86,-182.5,-100,5.8696,-Inf,0
358.69,24.12,-641,-339.44,23.068,-342.86,-182.5,-100,6.1739,-Inf,0
358.69,24.12,-641,-339.44,23.068,-342.86,-182.5,-100,6.4783,-Inf,0
358.69,24.12,-641,-339.44,23.068,-342.86,-182.5,-100,6.7826,-Inf,0
358.69,24.12,-641,-339.44,23.068,-342.86,-182.5,-100,7.087,-Inf,0
358.69,24.12,-641,-339.44,23.068,-342.86,-182.5,-100,7.3913,-Inf,0
358.69,24.12,-641,-339.44,23.068,-342.86,-182.5,-100,7.6957,-Inf,0
358.69,24.12,-641,-339.44,23.068,-342.86,-182.5,-100,8,-Inf,0
337.71,20.295,-641,-339.44,23.068,-342.86,-182.5,0,1,-272.87,0
337.71,20.295,-641,-339.44,23.068,-342.86,-182.5,0,1.3043,-257.83,0
337.71,20.295,-641,-339.44,23.068,-342.86,-182.5,0,1.6087,-247.71,0
337.71,20.295,-641,-339.44,23.068,-342.86,-182.5,0,1.913,-241.98,0
337.71,20.295,-641,-339.44,23.068,-342.86,-182.5,0,2.2174,-240.44,0
337.71,20.295,-641,-339.44,23.068,-342.86,-182.5,0,2.5217,-243.17,0
337.71,20.295,-641,-339.44,23.068,-342.86,-182.5,0,2.8261,-250.64,0
337.71,20.295,-641,-339.44,23.068,-342.86,-182.5,0,3.1304,-263.77,0
337.71,20.295,-641,-339.44,23.068,-342.86,-182.5,0,3.4348,-284.36,0
337.71,20.295,-641,-339.44,23.068,-342.86,-182.5,0,3.7391,-315.68,0
337.71,20.295,-641,-339.44,23.068,-342.86,-182.5,0,4.0435,-364.33,0
337.71,20.295,-641,-339.44,23.068,-342.86,-182.5,0,4.3478,-445.28,0
337.71,20.295,-641,-339.44,23.068,-342.86,-182.5,0,4.6522,-601.23,0
337.71,20.295,-641,-339.44,23.068,-342.86,-182.5,0,4.9565,-1018.1,0
337.71,20.295,-641,-339.44,23.068,-342.86,-182.5,0,5.2609,-Inf,0
337.71,20.295,-641,-339.44,23.068,-342.86,-182.5,0,5.5652,-Inf,0
337.71,20.295,-641,-339.44,23.068,-342.86,-182.5,0,5.8696,-Inf,0
337.71,20.295,-641,-339.44,23.068,-342.86,-182.5,0,6.1739,-Inf,0
337.71,20.295,-641,-339.44,23.068,-342.86,-182.5,0,6.4783,-Inf,0
337.71,20.295,-641,-339.44,23.068,-342.86,-182.5,0,6.7826,-Inf,0
337.71,20.295,-641,-339.44,23.068,-342.86,-182.5,0,7.087,-Inf,0
337.71,20.295,-641,-339.44,23.068,-342.86,-182.5,0,7.3913,-Inf,0
337.71,20.295,-641,-339.44,23.068,-342.86,-182.5,0,7.6957,-Inf,0
337.71,20.295,-641,-339.44,23.068,-342.86,-182.5,0,8,-Inf,0
345.59,15.694,-641,-339.44,23.068,-342.86,-182.5,100,1,-283.98,0
345.59,15.694,-641,-339.44,23.068,-342.86,-182.5,100,1.3043,-267.48,0
345.59,15.694,-641,-339.44,23.068,-342.86,-182.5,100,1.6087,-255.46,0
345.59,15.694,-641,-339.44,23.068,-342.86,-182.5,100,1.913,-247.21,0
345.59,15.694,-641,-339.44,23.068,-342.86,-182.5,100,2.2174,-242.3,0
345.59,15.694,-641,-339.44,23.068,-342.86,-182.5,100,2.5217,-240.56,0
345.59,15.694,-641,-339.44,23.068,-342.86,-182.5,100,2.8261,-242.05,0
345.59,15.694,-641,-339.44,23.068,-342.86,-182.5,100,3.1304,-247.11,0
345.59,15.694,-641,-339.44,23.068,-342.86,-182.5,100,3.4348,-256.47,0
345.59,15.694,-641,-339.44,23.068,-342.86,-182.5,100,3.7391,-271.52,0
345.59,15.694,-641,-339.44,23.068,-342.86,-182.5,100,4.0435,-294.93,0
345.59,15.694,-641,-339.44,23.068,-342.86,-182.5,100,4.3478,-332.18,0
345.59,15.694,-641,-339.44,23.068,-342.86,-182.5,100,4.6522,-396.36,0
345.59,15.694,-641,-339.44,23.068,-342.86,-182.5,100,4.9565,-527.72,0
345.59,15.694,-641,-339.44,23.068,-342.86,-182.5,100,5.2609,-932.01,0
345.59,15.694,-641,-339.44,23.068,-342.86,-182.5,100,5.5652,-Inf,0
345.59,15.694,-641,-339.44,23.068,-342.86,-182.5,100,5.8696,-Inf,0
345.59,15.694,-641,-339.44,23.068,-342.86,-182.5,100,6.1739,-Inf,0
345.59,15.694,-641,-339.44,23.068,-342.86,-182.5,100,6.4783,-Inf,0
345.59,15.694,-641,-339.44,23.068,-342.86,-182.5,100,6.7826,-Inf,0
345.59,15.694,-641,-339.44,23.068,-342.86,-182.5,100,7.087,-Inf,0
345.59,15.694,-641,-339.44,23.068,-342.86,-182.5,100,7.3913,-Inf,0
345.59,15.694,-641,-339.44,23.068,-342.86,-182.5,100,7.6957,-2654.5,0
345.59,15.694,-641,-339.44,23.068,-342.86,-182.5,100,8,-Inf,0
380.55,10.91,-641,-339.44,23.068,-342.86,-182.5,200,1,-301.16,0
380.55,10.91,-641,-339.44,23.068,-342.86,-182.5,200,1.3043,-281.91,0
380.55,10.91,-641,-339.44,23.068,-342.86,-182.5,200,1.6087,-267.37,0
380.55,10.91,-641,-339.44,23.068,-342.86,-182.5,200,1.913,-256.55,0
380.55,10.91,-641,-339.44,23.068,-342.86,-182.5,200,2.2174,-248.78,0
380.55,10.91,-641,-339.44,23.068,-342.86,-182.5,200,2.5217,-243.68,0
380.55,10.91,-641,-339.44,23.068,-342.86,-182.5,200,2.8261,-241.02,0
380.55,10.91,-641,-339.44,23.068,-342.86,-182.5,200,3.1304,-240.79,0
380.55,10.91,-641,-339.44,23.068,-342.86,-182.5,200,3.4348,-243.18,0
380.55,10.91,-641,-339.44,23.068,-342.86,-182.5,200,3.7391,-248.63,0
380.55,10.91,-641,-339.44,23.068,-342.86,-182.5,200,4.0435,-258.08,0
380.55,10.91,-641,-339.44,23.068,-342.86,-182.5,200,4.3478,-273.33,0
380.55,10.91,-641,-339.44,23.068,-342.86,-182.5,200,4.6522,-298.14,0
380.55,10.91,-641,-339.44,23.068,-342.86,-182.5,200,4.9565,-341.54,0
380.55,10.91,-641,-339.44,23.068,-342.86,-182.5,200,5.2609,-431.44,0
380.55,10.91,-641,-339.44,23.068,-342.86,-182.5,200,5.5652,-710.29,0
380.55,10.91,-641,-339.44,23.068,-342.86,-182.5,200,5.8696,-Inf,0
380.55,10.91,-641,-339.44,23.068,-342.86,-182.5,200,6.1739,-Inf,0
380.55,10.91,-641,-339.44,23.068,-342.86,-182.5,200,6.4783,-Inf,0
380.55,10.91,-641,-339.44,23.068,-342.86,-182.5,200,6.7826,-Inf,0
380.55,10.91,-641,-339.44,23.068,-342.86,-182.5,200,7.087,-Inf,0
380.55,10.91,-641,-339.44,23.068,-342.86,-182.5,200,7.3913,-Inf,0
380.55,10.91,-641,-339.44,23.068,-342.86,-182.5,200,7.6957,-Inf,0
380.55,10.91,-641,-339.44,23.068,-342.86,-182.5,200,8,-1678.8,0
436.13,10.156,-641,-339.44,23.068,-342.86,-182.5,300,1,-335.24,0
436.13,10.156,-641,-339.44,23.068,-342.86,-182.5,300,1.3043,-308.79,0
436.13,10.156,-641,-339.44,23.068,-342.86,-182.5,300,1.6087,-288.84,0
436.13,10.156,-641,-339.44,23.068,-342.86,-182.5,300,1.913,-273.66,0
436.13,10.156,-641,-339.44,23.068,-342.86,-182.5,300,2.2174,-262.12,0
436.13,10.156,-641,-339.44,23.068,-342.86,-182.5,300,2.5217,-253.46,0
436.13,10.156,-641,-339.44,23.068,-342.86,-182.5,300,2.8261,-247.19,0
436.13,10.156,-641,-339.44,23.068,-342.86,-182.5,300,3.1304,-243.02,0
436.13,10.156,-641,-339.44,23.068,-342.86,-182.5,300,3.4348,-240.8,0
436.13,10.156,-641,-339.44,23.068,-342.86,-182.5,300,3.7391,-240.55,0
436.13,10.156,-641,-339.44,23.068,-342.86,-182.5,300,4.0435,-242.46,0
436.13,10.156,-641,-339.44,23.068,-342.86,-182.5,300,4.3478,-247.01,0
436.13,10.156,-641,-339.44,23.068,-342.86,-182.5,300,4.6522,-255.21,0
436.13,10.156,-641,-339.44,23.068,-342.86,-182.5,300,4.9565,-269.08,0
436.13,10.156,-641,-339.44,23.068,-342.86,-182.5,300,5.2609,-293.34,0
436.13,10.156,-641,-339.44,23.068,-342.86,-182.5,300,5.5652,-341.38,0
436.13,10.156,-641,-339.44,23.068,-342.86,-182.5,300,5.8696,-469.03,0
436.13,10.156,-641,-339.44,23.068,-342.86,-182.5,300,6.1739,-Inf,0
436.13,10.156,-641,-339.44,23.068,-342.86,-182.5,300,6.4783,-Inf,0
436.13,10.156,-641,-339.44,23.068,-342.86,-182.5,300,6.7826,-Inf,0
436.13,10.156,-641,-339.44,23.068,-342.86,-182.5,300,7.087,-Inf,0
436.13,10.156,-641,-339.44,23.068,-342.86,-182.5,300,7.3913,-Inf,0
436.13,10.156,-641,-339.44,23.068,-342.86,-182.5,300,7.6957,-Inf,0
436.13,10.156,-641,-339.44,23.068,-342.86,-182.5,300,8,-Inf,0
697.55,39.569,-641,-339.44,23.068,-228.57,-800,-300,1,-705.75,1
697.55,39.569,-641,-339.44,23.068,-228.57,-800,-300,1.3043,-704.92,1
697.55,39.569,-641,-339.44,23.068,-228.57,-800,-300,1.6087,-725.5,1
697.55,39.569,-641,-339.44,23.068,-228.57,-800,-300,1.913,-769.9,1
697.55,39.569,-641,-339.44,23.068,-228.57,-800,-300,2.2174,-842.9,1
697.55,39.569,-641,-339.44,23.068,-228.57,-800,-300,2.5217,-953.07,1
697.55,39.569,-641,-339.44,23.068,-228.57,-800,-300,2.8261,-1115.7,1
697.55,39.569,-641,-339.44,23.068,-228.57,-800,-300,3.1304,-1359.8,1
697.55,39.569,-641,-339.44,23.068,-228.57,-800,-300,3.4348,-1746.8,1
697.55,39.569,-641,-339.44,23.068,-228.57,-800,-300,3.7391,-2433,1
697.55,39.569,-641,-339.44,23.068,-228.57,-800,-300,4.0435,-Inf,1
697.55,39.569,-641,-339.44,23.068,-228.57,-800,-300,4.3478,-Inf,1
697.55,39.569,-641,-339.44,23.068,-228.57,-800,-300,4.6522,-Inf,1
697.55,39.569,-641,-339.44,23.068,-228.57,-800,-300,4.9565,-Inf,1
697.55,39.569,-641,-339.44,23.068,-228.57,-800,-300,5.2609,-Inf,1
697.55,39.569,-641,-339.44,23.068,-228.57,-800,-300,5.5652,-Inf,1
697.55,39.569,-641,-339.44,23.068,-228.57,-800,-300,5.8696,-Inf,1
697.55,39.569,-641,-339.44,23.068,-228.57,-800,-300,6.1739,-Inf,1
697.55,39.569,-641,-339.44,23.068,-228.57,-800,-300,6.4783,-Inf,1
697.55,39.569,-641,-339.44,23.068,-228.57,-800,-300,6.7826,-Inf,1
697.55,39.569,-641,-339.44,23.068,-228.57,-800,-300,7.087,-Inf,1
697.55,39.569,-641,-339.44,23.068,-228.57,-800,-300,7.3913,-Inf,1
697.55,39.569,-641,-339.44,23.068,-228.57,-800,-300,7.6957,-Inf,1
697.55,39.569,-641,-339.44,23.068,-228.57,-800,-300,8,-Inf,1
657.24,39.766,-641,-339.44,23.068,-228.57,-800,-200,1,-750.01,1
657.24,39.766,-641,-339.44,23.068,-228.57,-800,-200,1.3043,-740.39,1
657.24,39.766,-641,-339.44,23.068,-228.57,-800,-200,1.6087,-750.5,1
657.24,39.766,-641,-339.44,23.068,-228.57,-800,-200,1.913,-781.93,1
657.24,39.766,-641,-339.44,23.068,-228.57,-800,-200,2.2174,-838.27,1
657.24,39.766,-641,-339.44,23.068,-228.57,-800,-200,2.5217,-926.11,1
657.24,39.766,-641,-339.44,23.068,-228.57,-800,-200,2.8261,-1057.3,1
657.24,39.766,-641,-339.44,23.068,-228.57,-800,-200,3.1304,-1253.7,1
657.24,39.766,-641,-339.44,23.068,-228.57,-800,-200,3.4348,-1560.6,1
657.24,39.766,-641,-339.44,23.068,-228.57,-800,-200,3.7391,-2086,1
657.24,39.766,-641,-339.44,23.068,-228.57,-800,-200,4.0435,-Inf,1
657.24,39.766,-641,-339.44,23.068,-228.57,-800,-200,4.3478,-Inf,1
657.24,39.766,-641,-339.44,23.068,-228.57,-800,-200,4.6522,-Inf,1
657.24,39.766,-641,-339.44,23.068,-228.57,-800,-200,4.9565,-Inf,1
657.24,39.766,-641,-339.44,23.068,-228.57,-800,-200,5.2609,-Inf,1
657.24,39.766,-641,-339.44,23.068,-228.57,-800,-200,5.5652,-Inf,1
657.24,39.766,-641,-339.44,23.068,-228.57,-800,-200,5.8696,-Inf,1
657.24,39.766,-641,-339.44,23.068,-228.57,-800,-200,6.1739,-Inf,1
657.24,39.766,-641,-339.44,23.068,-228.57,-800,-200,6.4783,-Inf,1
657.24,39.766,-641,-339.44,23.068,-228.57,-800,-200,6.7826,-Inf,1
657.24,39.766,-641,-339.44,23.068,-228.57,-800,-200,7.087,-Inf,1
657.24,39.766,-641,-339.44,23.068,-228.57,-800,-200,7.3913,-Inf,1
657.24,39.766,-641,-339.44,23.068,-228.57,-800,-200,7.6957,-Inf,1
657.24,39.766,-641,-339.44,23.068,-228.57,-800,-200,8,-Inf,1
630.36,40.315,-641,-339.44,23.068,-228.57,-800,-100,1,-818.16,1
630.36,40.315,-641,-339.44,23.068,-228.57,-800,-100,1.3043,-798.17,1
630.36,40.315,-641,-339.44,23.068,-228.57,-800,-100,1.6087,-797.05,1
630.36,40.315,-641,-339.44,23.068,-228.57,-800,-100,1.913,-815.58,1
630.36,40.315,-641,-339.44,23.068,-228.57,-800,-100,2.2174,-856.25,1
630.36,40.315,-641,-339.44,23.068,-228.57,-800,-100,2.5217,-923.97,1
630.36,40.315,-641,-339.44,23.068,-228.57,-800,-100,2.8261,-1027.6,1
630.36,40.315,-641,-339.44,23.068,-228.57,-800,-100,3.1304,-1183.4,1
630.36,40.315,-641,-339.44,23.068,-228.57,-800,-100,3.4348,-1423.7,1
630.36,40.315,-641,-339.44,23.068,-228.57,-800,-100,3.7391,-1821.3,1
630.36,40.315,-641,-339.44,23.068,-228.57,-800,-100,4.0435,-2582.8,1
630.36,40.315,-641,-339.44,23.068,-228.57,-800,-100,4.3478,-Inf,1
630.36,40.315,-641,-339.44,23.068,-228.57,-800,-100,4.6522,-Inf,1
630.36,40.315,-641,-339.44,23.068,-228.57,-800,-100,4.9565,-Inf,1
630.36,40.315,-641,-339.44,23.068,-228.57,-800,-100,5.2609,-Inf,1
630.36,40.315,-641,-339.44,23.068,-228.57,-800,-100,5.5652,-Inf,1
630.36,40.315,-641,-339.44,23.068,-228.57,-800,-100,5.8696,-Inf,1
630.36,40.315,-641,-339.44,23.068,-228.57,-800,-100,6.1739,-Inf,1
630.36,40.315,-641,-339.44,23.068,-228.57,-800,-100,6.4783,-Inf,1
630.36,40.315,-641,-339.44,23.068,-228.57,-800,-100,6.7826,-Inf,1
630.36,40.315,-641,-339.44,23.068,-228.57,-800,-100,7.087,-Inf,1
630.36,40.315,-641,-339.44,23.068,-228.57,-800,-100,7.3913,-Inf,1
630.36,40.315,-641,-339.44,23.068,-228.57,-800,-100,7.6957,-Inf,1
630.36,40.315,-641,-339.44,23.068,-228.57,-800,-100,8,-Inf,1
618.66,41.361,-641,-339.44,23.068,-228.57,-800,0,1,-929.26,1
618.66,41.361,-641,-339.44,23.068,-228.57,-800,0,1.3043,-895.02,1
618.66,41.361,-641,-339.44,23.068,-228.57,-800,0,1.6087,-880.06,1
618.66,41.361,-641,-339.44,23.068,-228.57,-800,0,1.913,-884.26,1
618.66,41.361,-641,-339.44,23.068,-228.57,-800,0,2.2174,-909.01,1
618.66,41.361,-641,-339.44,23.068,-228.57,-800,0,2.5217,-957.7,1
618.66,41.361,-641,-339.44,23.068,-228.57,-800,0,2.8261,-1036.7,1
618.66,41.361,-641,-339.44,23.068,-228.57,-800,0,3.1304,-1157.8,1
618.66,41.361,-641,-339.44,23.068,-228.57,-800,0,3.4348,-1343.4,1
618.66,41.361,-641,-339.44,23.068,-228.57,-800,0,3.7391,-1641,1
618.66,41.361,-641,-339.44,23.068,-228.57,-800,0,4.0435,-2170.6,1
618.66,41.361,-641,-339.44,23.068,-228.57,-800,0,4.3478,-Inf,1
618.66,41.361,-641,-339.44,23.068,-228.57,-800,0,4.6522,-Inf,1
618.66,41.361,-641,-339.44,23.068,-228.57,-800,0,4.9565,-Inf,1
618.66,41.361,-641,-339.44,23.068,-228.57,-800,0,5.2609,-Inf,1
618.66,41.361,-641,-339.44,23.068,-228.57,-800,0,5.5652,-Inf,1
618.66,41.361,-641,-339.44,23.068,-228.57,-800,0,5.8696,-Inf,1
618.66,41.361,-641,-339.44,23.068,-228.57,-800,0,6.1739,-Inf,1
618.66,41.361,-641,-339.44,23.068,-228.57,-800,0,6.4783,-Inf,1
618.66,41.361,-641,-339.44,23.068,-228.57,-800,0,6.7826,-Inf,1
618.66,41.361,-641,-339.44,23.068,-228.57,-800,0,7.087,-Inf,1
618.66,41.361,-641,-339.44,23.068,-228.57,-800,0,7.3913,-Inf,1
618.66,41.361,-641,-339.44,23.068,-228.57,-800,0,7.6957,-Inf,1
618.66,41.361,-641,-339.44,23.068,-228.57,-800,0,8,-Inf,1
623,43.071,-641,-339.44,23.068,-228.57,-800,100,1,-1125,1
623,43.071,-641,-339.44,23.068,-228.57,-800,100,1.3043,-1067.1,1
623,43.071,-641,-339.44,23.068,-228.57,-800,100,1.6087,-1031.2,1
623,43.071,-641,-339.44,23.068,-228.57,-800,100,1.913,-1016,1
623,43.071,-641,-339.44,23.068,-228.57,-800,100,2.2174,-1021.6,1
623,43.071,-641,-339.44,23.068,-228.57,-800,100,2.5217,-1049.8,1
623,43.071,-641,-339.44,23.068,-228.57,-800,100,2.8261,-1104.8,1
623,43.071,-641,-339.44,23.068,-228.57,-800,100,3.1304,-1194.7,1
623,43.071,-641,-339.44,23.068,-228.57,-800,100,3.4348,-1334.4,1
623,43.071,-641,-339.44,23.068,-228.57,-800,100,3.7391,-1553.8,1
623,43.071,-641,-339.44,23.068,-228.57,-800,100,4.0435,-1920.2,1
623,43.071,-641,-339.44,23.068,-228.57,-800,100,4.3478,-2621.8,1
623,43.071,-641,-339.44,23.068,-228.57,-800,100,4.6522,-Inf,1
623,43.071,-641,-339.44,23.068,-228.57,-800,100,4.9565,-Inf,1
623,43.071,-641,-339.44,23.068,-228.57,-800,100,5.2609,-Inf,1
623,43.071,-641,-339.44,23.068,-228.57,-800,100,5.5652,-Inf,1
623,43.071,-641,-339.44,23.068,-228.57,-800,100,5.8696,-Inf,1
623,43.071,-641,-339.44,23.068,-228.57,-800,100,6.1739,-Inf,1
623,43.071,-641,-339.44,23.068,-228.57,-800,100,6.4783,-Inf,1
623,43.071,-641,-339.44,23.068,-228.57,-800,100,6.7826,-Inf,1
623,43.071,-641,-339.44,23.068,-228.57,-800,100,7.087,-Inf,1
623,43.071,-641,-339.44,23.068,-228.57,-800,100,7.3913,-Inf,1
623,43.071,-641,-339.44,23.068,-228.57,-800,100,7.6957,-Inf,1
623,43.071,-641,-339.44,23.068,-228.57,-800,100,8,-Inf,1
643.05,45.608,-641,-339.44,23.068,-228.57,-800,200,1,-1509.2,1
643.05,45.608,-641,-339.44,23.068,-228.57,-800,200,1.3043,-1402.1,1
643.05,45.608,-641,-339.44,23.068,-228.57,-800,200,1.6087,-1325.8,1
643.05,45.608,-641,-339.44,23.068,-228.57,-800,200,1.913,-1276.2,1
643.05,45.608,-641,-339.44,23.068,-228.57,-800,200,2.2174,-1251.3,1
643.05,45.608,-641,-339.44,23.068,-228.57,-800,200,2.5217,-1250.7,1
643.05,45.608,-641,-339.44,23.068,-228.57,-800,200,2.8261,-1276.5,1
643.05,45.608,-641,-339.44,23.068,-228.57,-800,200,3.1304,-1333.2,1
643.05,45.608,-641,-339.44,23.068,-228.57,-800,200,3.4348,-1430.2,1
643.05,45.608,-641,-339.44,23.068,-228.57,-800,200,3.7391,-1585.1,1
643.05,45.608,-641,-339.44,23.068,-228.57,-800,200,4.0435,-1833.8,1
643.05,45.608,-641,-339.44,23.068,-228.57,-800,200,4.3478,-2259.2,1
643.05,45.608,-641,-339.44,23.068,-228.57,-800,200,4.6522,-Inf,1
643.05,45.608,-641,-339.44,23.068,-228.57,-800,200,4.9565,-Inf,1
643.05,45.608,-641,-339.44,23.068,-228.57,-800,200,5.2609,-Inf,1
643.05,45.608,-641,-339.44,23.068,-228.57,-800,200,5.5652,-Inf,1
643.05,45.608,-641,-339.44,23.068,-228.57,-800,200,5.8696,-Inf,1
643.05,45.608,-641,-339.44,23.068,-228.57,-800,200,6.1739,-Inf,1
643.05,45.608,-641,-339.44,23.068,-228.57,-800,200,6.4783,-Inf,1
643.05,45.608,-641,-339.44,23.068,-228.57,-800,200,6.7826,-Inf,1
643.05,45.608,-641,-339.44,23.068,-228.57,-800,200,7.087,-Inf,1
643.05,45.608,-641,-339.44,23.068,-228.57,-800,200,7.3913,-Inf,1
643.05,45.608,-641,-339.44,23.068,-228.57,-800,200,7.6957,-Inf,1
643.05,45.608,-641,-339.44,23.068,-228.57,-800,200,8,-Inf,1
677.42,49.086,-641,-339.44,23.068,-228.57,-800,300,1,-2360.4,1
677.42,49.086,-641,-339.44,23.068,-228.57,-800,300,1.3043,-2124.2,1
677.42,49.086,-641,-339.44,23.068,-228.57,-800,300,1.6087,-1947.1,1
677.42,49.086,-641,-339.44,23.068,-228.57,-800,300,1.913,-1816.6,1
677.42,49.086,-641,-339.44,23.068,-228.57,-800,300,2.2174,-1724.6,1
677.42,49.086,-641,-339.44,23.068,-228.57,-800,300,2.5217,-1666.6,1
677.42,49.086,-641,-339.44,23.068,-228.57,-800,300,2.8261,-1640.4,1
677.42,49.086,-641,-339.44,23.068,-228.57,-800,300,3.1304,-1646.8,1
677.42,49.086,-641,-339.44,23.068,-228.57,-800,300,3.4348,-1689.5,1
677.42,49.086,-641,-339.44,23.068,-228.57,-800,300,3.7391,-1777.2,1
677.42,49.086,-641,-339.44,23.068,-228.57,-800,300,4.0435,-1926.8,1
677.42,49.086,-641,-339.44,23.068,-228.57,-800,300,4.3478,-2172.3,1
677.42,49.086,-641,-339.44,23.068,-228.57,-800,300,4.6522,-2589.4,1
677.42,49.086,-641,-339.44,23.068,-228.57,-800,300,4.9565,-Inf,1
677.42,49.086,-641,-339.44,23.068,-228.57,-800,300,5.2609,-Inf,1
677.42,49.086,-641,-339.44,23.068,-228.57,-800,300,5.5652,-Inf,1
677.42,49.086,-641,-339.44,23.068,-228.57,-800,300,5.8696,-Inf,1
677.42,49.086,-641,-339.44,23.068,-228.57,-800,300,6.1739,-Inf,1
677.42,49.086,-641,-339.44,23.068,-228.57,-800,300,6.4783,-Inf,1
677.42,49.086,-641,-339.44,23.068,-228.57,-800,300,6.7826,-Inf,1
677.42,49.086,-641,-339.44,23.068,-228.57,-800,300,7.087,-Inf,1
677.42,49.086,-641,-339.44,23.068,-228.57,-800,300,7.3913,-Inf,1
677.42,49.086,-641,-339.44,23.068,-228.57,-800,300,7.6957,-Inf,1
677.42,49.086,-641,-339.44,23.068,-228.57,-800,300,8,-Inf,1
642.73,37.824,-641,-339.44,23.068,-228.57,-711.79,-300,1,-546.42,1
642.73,37.824,-641,-339.44,23.068,-228.57,-711.79,-300,1.3043,-546.31,1
642.73,37.824,-641,-339.44,23.068,-228.57,-711.79,-300,1.6087,-563.68,1
642.73,37.824,-641,-339.44,23.068,-228.57,-711.79,-300,1.913,-600.49,1
642.73,37.824,-641,-339.44,23.068,-228.57,-711.79,-300,2.2174,-660.63,1
642.73,37.824,-641,-339.44,23.068,-228.57,-711.79,-300,2.5217,-751.07,1
642.73,37.824,-641,-339.44,23.068,-228.57,-711.79,-300,2.8261,-884.19,1
642.73,37.824,-641,-339.44,23.068,-228.57,-711.79,-300,3.1304,-1083.4,1
642.73,37.824,-641,-339.44,23.068,-228.57,-711.79,-300,3.4348,-1398.1,1
642.73,37.824,-641,-339.44,23.068,-228.57,-711.79,-300,3.7391,-1952.9,1
642.73,37.824,-641,-339.44,23.068,-228.57,-711.79,-300,4.0435,-Inf,1
642.73,37.824,-641,-339.44,23.068,-228.57,-711.79,-300,4.3478,-Inf,1
642.73,37.824,-641,-339.44,23.068,-228.57,-711.79,-300,4.6522,-Inf,1
642.73,37.824,-641,-339.44,23.068,-228.57,-711.79,-300,4.9565,-Inf,1
642.73,37.824,-641,-339.44,23.068,-228.57,-711.79,-300,5.2609,-Inf,1
642.73,37.824,-641,-339.44,23.068,-228.57,-711.79,-300,5.5652,-Inf,1
642.73,37.824,-641,-339.44,23.068,-228.57,-711.79,-300,5.8696,-Inf,1
642.73,37.824,-641,-339.44,23.068,-228.57,-711.79,-300,6.1739,-Inf,1
642.73,37.824,-641,-339.44,23.068,-228.57,-711.79,-300,6.4783,-Inf,1
642.73,37.824,-641,-339.44,23.068,-228.57,-711.79,-300,6.7826,-Inf,1
642.73,37.824,-641,-339.44,23.068,-228.57,-711.79,-300,7.087,-Inf,1
642.73,37.824,-641,-339.44,23.068,-228.57,-711.79,-300,7.3913,-Inf,1
642.73,37.824,-641,-339.44,23.068,-228.57,-711.79,-300,7.6957,-Inf,1
642.73,37.824,-641,-339.44,23.068,-228.57,-711.79,-300,8,-Inf,1
598.74,37.607,-641,-339.44,23.068,-228.57,-711.79,-200,1,-568.89,1
598.74,37.607,-641,-339.44,23.068,-228.57,-711.79,-200,1.3043,-561.85,1
598.74,37.607,-641,-339.44,23.068,-228.57,-711.79,-200,1.6087,-570.3,1
598.74,37.607,-641,-339.44,23.068,-228.57,-711.79,-200,1.913,-595.49,1
598.74,37.607,-641,-339.44,23.068,-228.57,-711.79,-200,2.2174,-640.23,1
598.74,37.607,-641,-339.44,23.068,-228.57,-711.79,-200,2.5217,-709.67,1
598.74,37.607,-641,-339.44,23.068,-228.57,-711.79,-200,2.8261,-812.99,1
598.74,37.607,-641,-339.44,23.068,-228.57,-711.79,-200,3.1304,-967.27,1
598.74,37.607,-641,-339.44,23.068,-228.57,-711.79,-200,3.4348,-1207.3,1
598.74,37.607,-641,-339.44,23.068,-228.57,-711.79,-200,3.7391,-1616.1,1
598.74,37.607,-641,-339.44,23.068,-228.57,-711.79,-200,4.0435,-2454.3,1
598.74,37.607,-641,-339.44,23.068,-228.57,-711.79,-200,4.3478,-Inf,1
598.74,37.607,-641,-339.44,23.068,-228.57,-711.79,-200,4.6522,-Inf,1
598.74,37.607,-641,-339.44,23.068,-228.57,-711.79,-200,4.9565,-Inf,1
598.74,37.607,-641,-339.44,23.068,-228.57,-711.79,-200,5.2609,-Inf,1
598.74,37.607,-641,-339.44,23.068,-228.57,-711.79,-200,5.5652,-Inf,1
598.74,37.607,-641,-339.44,23.068,-228.57,-711.79,-200,5.8696,-Inf,1
598.74,37.607,-641,-339.44,23.068,-228.57,-711.79,-200,6.1739,-Inf,1
598.74,37.607,-641,-339.44,23.068,-228.57,-711.79,-200,6.4783,-Inf,1
598.74,37.607,-641,-339.44,23.068,-228.57,-711.79,-200,6.7826,-Inf,1
598.74,37.607,-641,-339.44,23.068,-228.57,-711.79,-200,7.087,-Inf,1
598.74,37.607,-641,-339.44,23.068,-228.57,-711.79,-200,7.3913,-Inf,1
598.74,37.607,-641,-339.44,23.068,-228.57,-711.79,-200,7.6957,-Inf,1
598.74,37.607,-641,-339.44,23.068,-228.57,-711.79,-200,8,-Inf,1
569.1,37.692,-641,-339.44,23.068,-228.57,-711.79,-100,1,-604.65,1
569.1,37.692,-641,-339.44,23.068,-228.57,-711.79,-100,1.3043,-590.1,1
569.1,37.692,-641,-339.44,23.068,-228.57,-711.79,-100,1.6087,-589.71,1
569.1,37.692,-641,-339.44,23.068,-228.57,-711.79,-100,1.913,-604.06,1
569.1,37.692,-641,-339.44,23.068,-228.57,-711.79,-100,2.2174,-635.02,1
569.1,37.692,-641,-339.44,23.068,-228.57,-711.79,-100,2.5217,-686.24,1
569.1,37.692,-641,-339.44,23.068,-228.57,-711.79,-100,2.8261,-764.29,1
569.1,37.692,-641,-339.44,23.068,-228.57,-711.79,-100,3.1304,-881.25,1
569.1,37.692,-641,-339.44,23.068,-228.57,-711.79,-100,3.4348,-1060.9,1
569.1,37.692,-641,-339.44,23.068,-228.57,-711.79,-100,3.7391,-1356.6,1
569.1,37.692,-641,-339.44,23.068,-228.57,-711.79,-100,4.0435,-1917.9,1
569.1,37.692,-641,-339.44,23.068,-228.57,-711.79,-100,4.3478,-Inf,1
569.1,37.692,-641,-339.44,23.068,-228.57,-711.79,-100,4.6522,-Inf,1
569.1,37.692,-641,-339.44,23.068,-228.57,-711.79,-100,4.9565,-Inf,1
569.1,37.692,-641,-339.44,23.068,-228.57,-711.79,-100,5.2609,-Inf,1
569.1,37.692,-641,-339.44,23.068,-228.57,-711.79,-100,5.5652,-Inf,1
569.1,37.692,-641,-339.44,23.068,-228.57,-711.79,-100,5.8696,-Inf,1
569.1,37.692,-641,-339.44,23.068,-228.57,-711.79,-100,6.1739,-Inf,1
569.1,37.692,-641,-339.44,23.068,-228.57,-711.79,-100,6.4783,-Inf,1
569.1,37.692,-641,-339.44,23.068,-228.57,-711.79,-100,6.7826,-Inf,1
569.1,37.692,-641,-339.44,23.068,-228.57,-711.79,-100,7.087,-Inf,1
569.1,37.692,-641,-339.44,23.068,-228.57,-711.79,-100,7.3913,-Inf,1
569.1,37.692,-641,-339.44,23.068,-228.57,-711.79,-100,7.6957,-Inf,1
569.1,37.692,-641,-339.44,23.068,-228.57,-711.79,-100,8,-Inf,1
556.12,38.259,-641,-339.44,23.068,-228.57,-711.79,0,1,-664.19,1
556.12,38.259,-641,-339.44,23.068,-228.57,-711.79,0,1.3043,-640.18,1
556.12,38.259,-641,-339.44,23.068,-228.57,-711.79,0,1.6087,-629.9,1
556.12,38.259,-641,-339.44,23.068,-228.57,-711.79,0,1.913,-633.26,1
556.12,38.259,-641,-339.44,23.068,-228.57,-711.79,0,2.2174,-651.24,1
556.12,38.259,-641,-339.44,23.068,-228.57,-711.79,0,2.5217,-686.24,1
556.12,38.259,-641,-339.44,23.068,-228.57,-711.79,0,2.8261,-742.74,1
556.12,38.259,-641,-339.44,23.068,-228.57,-711.79,0,3.1304,-828.98,1
556.12,38.259,-641,-339.44,23.068,-228.57,-711.79,0,3.4348,-960.63,1
556.12,38.259,-641,-339.44,23.068,-228.57,-711.79,0,3.7391,-1170.7,1
556.12,38.259,-641,-339.44,23.068,-228.57,-711.79,0,4.0435,-1541.6,1
556.12,38.259,-641,-339.44,23.068,-228.57,-711.79,0,4.3478,-Inf,1
556.12,38.259,-641,-339.44,23.068,-228.57,-711.79,0,4.6522,-Inf,1
556.12,38.259,-641,-339.44,23.068,-228.57,-711.79,0,4.9565,-Inf,1
556.12,38.259,-641,-339.44,23.068,-228.57,-711.79,0,5.2609,-Inf,1
556.12,38.259,-641,-339.44,23.068,-228.57,-711.79,0,5.5652,-Inf,1
556.12,38.259,-641,-339.44,23.068,-228.57,-711.79,0,5.8696,-Inf,1
556.12,38.259,-641,-339.44,23.068,-228.57,-711.79,0,6.1739,-Inf,1
556.12,38.259,-641,-339.44,23.068,-228.57,-711.79,0,6.4783,-Inf,1
556.12,38.259,-641,-339.44,23.068,-228.57,-711.79,0,6.7826,-Inf,1
556.12,38.259,-641,-339.44,23.068,-228.57,-711.79,0,7.087,-Inf,1
556.12,38.259,-641,-339.44,23.068,-228.57,-711.79,0,7.3913,-Inf,1
556.12,38.259,-641,-339.44,23.068,-228.57,-711.79,0,7.6957,-Inf,1
556.12,38.259,-641,-339.44,23.068,-228.57,-711.79,0,8,-Inf,1
560.94,39.547,-641,-339.44,23.068,-228.57,-711.79,100,1,-770.7,1
560.94,39.547,-641,-339.44,23.068,-228.57,-711.79,100,1.3043,-732.02,1
560.94,39.547,-641,-339.44,23.068,-228.57,-711.79,100,1.6087,-708.19,1
560.94,39.547,-641,-339.44,23.068,-228.57,-711.79,100,1.913,-698.24,1
560.94,39.547,-641,-339.44,23.068,-228.57,-711.79,100,2.2174,-702.23,1
560.94,39.547,-641,-339.44,23.068,-228.57,-711.79,100,2.5217,-721.38,1
560.94,39.547,-641,-339.44,23.068,-228.57,-711.79,100,2.8261,-758.48,1
560.94,39.547,-641,-339.44,23.068,-228.57,-711.79,100,3.1304,-818.82,1
560.94,39.547,-641,-339.44,23.068,-228.57,-711.79,100,3.4348,-912.27,1
560.94,39.547,-641,-339.44,23.068,-228.57,-711.79,100,3.7391,-1058.4,1
560.94,39.547,-641,-339.44,23.068,-228.57,-711.79,100,4.0435,-1300.7,1
560.94,39.547,-641,-339.44,23.068,-228.57,-711.79,100,4.3478,-1759.8,1
560.94,39.547,-641,-339.44,23.068,-228.57,-711.79,100,4.6522,-Inf,1
560.94,39.547,-641,-339.44,23.068,-228.57,-711.79,100,4.9565,-Inf,1
560.94,39.547,-641,-339.44,23.068,-228.57,-711.79,100,5.2609,-Inf,1
560.94,39.547,-641,-339.44,23.068,-228.57,-711.79,100,5.5652,-Inf,1
560.94,39.547,-641,-339.44,23.068,-228.57,-711.79,100,5.8696,-Inf,1
560.94,39.547,-641,-339.44,23.068,-228.57,-711.79,100,6.1739,-Inf,1
560.94,39.547,-641,-339.44,23.068,-228.57,-711.79,100,6.4783,-Inf,1
560.94,39.547,-641,-339.44,23.068,-228.57,-711.79,100,6.7826,-Inf,1
560.94,39.547,-641,-339.44,23.068,-228.57,-711.79,100,7.087,-Inf,1
560.94,39.547,-641,-339.44,23.068,-228.57,-711.79,100,7.3913,-Inf,1
560.94,39.547,-641,-339.44,23.068,-228.57,-711.79,100,7.6957,-Inf,1
560.94,39.547,-641,-339.44,23.068,-228.57,-711.79,100,8,-Inf,1
583.13,41.822,-641,-339.44,23.068,-228.57,-711.79,200,1,-984.19,1
583.13,41.822,-641,-339.44,23.068,-228.57,-711.79,200,1.3043,-916.25,1
583.13,41.822,-641,-339.44,23.068,-228.57,-711.79,200,1.6087,-867.89,1
583.13,41.822,-641,-339.44,23.068,-228.57,-711.79,200,1.913,-836.46,1
583.13,41.822,-641,-339.44,23.068,-228.57,-711.79,200,2.2174,-820.64,1
583.13,41.822,-641,-339.44,23.068,-228.57,-711.79,200,2.5217,-820.28,1
583.13,41.822,-641,-339.44,23.068,-228.57,-711.79,200,2.8261,-836.53,1
583.13,41.822,-641,-339.44,23.068,-228.57,-711.79,200,3.1304,-872.31,1
583.13,41.822,-641,-339.44,23.068,-228.57,-711.79,200,3.4348,-933.33,1
583.13,41.822,-641,-339.44,23.068,-228.57,-711.79,200,3.7391,-1030.5,1
583.13,41.822,-641,-339.44,23.068,-228.57,-711.79,200,4.0435,-1185.7,1
583.13,41.822,-641,-339.44,23.068,-228.57,-711.79,200,4.3478,-1449.4,1
583.13,41.822,-641,-339.44,23.068,-228.57,-711.79,200,4.6522,-1966.3,1
583.13,41.822,-641,-339.44,23.068,-228.57,-711.79,200,4.9565,-Inf,1
583.13,41.822,-641,-339.44,23.068,-228.57,-711.79,200,5.2609,-Inf,1
583.13,41.822,-641,-339.44,23.068,-228.57,-711.79,200,5.5652,-Inf,1
583.13,41.822,-641,-339.44,23.068,-228.57,-711.79,200,5.8696,-Inf,1
583.13,41.822,-641,-339.44,23.068,-228.57,-711.79,200,6.1739,-Inf,1
583.13,41.822,-641,-339.44,23.068,-228.57,-711.79,200,6.4783,-Inf,1
583.13,41.822,-641,-339.44,23.068,-228.57,-711.79,200,6.7826,-Inf,1
583.13,41.822,-641,-339.44,23.068,-228.57,-711.79,200,7.087,-Inf,1
583.13,41.822,-641,-339.44,23.068,-228.57,-711.79,200,7.3913,-Inf,1
583.13,41.822,-641,-339.44,23.068,-228.57,-711.79,200,7.6957,-Inf,1
583.13,41.822,-641,-339.44,23.068,-228.57,-711.79,200,8,-Inf,1
620.83,45.312,-641,-339.44,23.068,-228.57,-711.79,300,1,-1491.7,1
620.83,45.312,-641,-339.44,23.068,-228.57,-711.79,300,1.3043,-1345.5,1
620.83,45.312,-641,-339.44,23.068,-228.57,-711.79,300,1.6087,-1235.6,1
620.83,45.312,-641,-339.44,23.068,-228.57,-711.79,300,1.913,-1154.5,1
620.83,45.312,-641,-339.44,23.068,-228.57,-711.79,300,2.2174,-1097.2,1
620.83,45.312,-641,-339.44,23.068,-228.57,-711.79,300,2.5217,-1060.8,1
620.83,45.312,-641,-339.44,23.068,-228.57,-711.79,300,2.8261,-1044,1
620.83,45.312,-641,-339.44,23.068,-228.57,-711.79,300,3.1304,-1047.3,1
620.83,45.312,-641,-339.44,23.068,-228.57,-711.79,300,3.4348,-1072.7,1
620.83,45.312,-641,-339.44,23.068,-228.57,-711.79,300,3.7391,-1125.5,1
620.83,45.312,-641,-339.44,23.068,-228.57,-711.79,300,4.0435,-1215.7,1
620.83,45.312,-641,-339.44,23.068,-228.57,-711.79,300,4.3478,-1363.4,1
620.83,45.312,-641,-339.44,23.068,-228.57,-711.79,300,4.6522,-1613,1
620.83,45.312,-641,-339.44,23.068,-228.57,-711.79,300,4.9565,-2082.7,1
620.83,45.312,-641,-339.44,23.068,-228.57,-711.79,300,5.2609,-Inf,1
620.83,45.312,-641,-339.44,23.068,-228.57,-711.79,300,5.5652,-Inf,1
620.83,45.312,-641,-339.44,23.068,-228.57,-711.79,300,5.8696,-Inf,1
620.83,45.312,-641,-339.44,23.068,-228.57,-711.79,300,6.1739,-Inf,1
620.83,45.312,-641,-339.44,23.068,-228.57,-711.79,300,6.4783,-Inf,1
620.83,45.312,-641,-339.44,23.068,-228.57,-711.79,300,6.7826,-Inf,1
620.83,45.312,-641,-339.44,23.068,-228.57,-711.79,300,7.087,-Inf,1
620.83,45.312,-641,-339.44,23.068,-228.57,-711.79,300,7.3913,-Inf,1
620.83,45.312,-641,-339.44,23.068,-228.57,-711.79,300,7.6957,-Inf,1
620.83,45.312,-641,-339.44,23.068,-228.57,-711.79,300,8,-Inf,1
595.98,36.253,-641,-339.44,23.068,-228.57,-623.57,-300,1,-430.72,0
595.98,36.253,-641,-339.44,23.068,-228.57,-623.57,-300,1.3043,-431.12,0
595.98,36.253,-641,-339.44,23.068,-228.57,-623.57,-300,1.6087,-445.9,0
595.98,36.253,-641,-339.44,23.068,-228.57,-623.57,-300,1.913,-476.69,0
595.98,36.253,-641,-339.44,23.068,-228.57,-623.57,-300,2.2174,-526.69,0
595.98,36.253,-641,-339.44,23.068,-228.57,-623.57,-300,2.5217,-601.59,0
595.98,36.253,-641,-339.44,23.068,-228.57,-623.57,-300,2.8261,-711.51,0
595.98,36.253,-641,-339.44,23.068,-228.57,-623.57,-300,3.1304,-875.54,0
595.98,36.253,-641,-339.44,23.068,-228.57,-623.57,-300,3.4348,-1133.7,0
595.98,36.253,-641,-339.44,23.068,-228.57,-623.57,-300,3.7391,-1586.5,0
595.98,36.253,-641,-339.44,23.068,-228.57,-623.57,-300,4.0435,-Inf,0
595.98,36.253,-641,-339.44,23.068,-228.57,-623.57,-300,4.3478,-Inf,0
595.98,36.253,-641,-339.44,23.068,-228.57,-623.57,-300,4.6522,-Inf,0
595.98,36.253,-641,-339.44,23.068,-228.57,-623.57,-300,4.9565,-Inf,0
595.98,36.253,-641,-339.44,23.068,-228.57,-623.57,-300,5.2609,-Inf,0
595.98,36.253,-641,-339.44,23.068,-228.57,-623.57,-300,5.5652,-Inf,0
595.98,36.253,-641,-339.44,23.068,-228.57,-623.57,-300,5.8696,-Inf,0
595.98,36.253,-641,-339.44,23.068,-228.57,-623.57,-300,6.1739,-Inf,0
595.98,36.253,-641,-339.44,23.068,-228.57,-623.57,-300,6.4783,-Inf,0
595.98,36.253,-641,-339.44,23.068,-228.57,-623.57,-300,6.7826,-Inf,0
595.98,36.253,-641,-339.44,23.068,-228.57,-623.57,-300,7.087,-Inf,0
595.98,36.253,-641,-339.44,23.068,-228.57,-623.57,-300,7.3913,-Inf,0
595.98,36.253,-641,-339.44,23.068,-228.57,-623.57,-300,7.6957,-Inf,0
595.98,36.253,-641,-339.44,23.068,-228.57,-623.57,-300,8,-Inf,0
548.25,35.552,-641,-339.44,23.068,-228.57,-623.57,-200,1,-440.81,1
548.25,35.552,-641,-339.44,23.068,-228.57,-623.57,-200,1.3043,-435.66,1
548.25,35.552,-641,-339.44,23.068,-228.57,-623.57,-200,1.6087,-442.76,1
548.25,35.552,-641,-339.44,23.068,-228.57,-623.57,-200,1.913,-463.12,1
548.25,35.552,-641,-339.44,23.068,-228.57,-623.57,-200,2.2174,-498.93,1
548.25,35.552,-641,-339.44,23.068,-228.57,-623.57,-200,2.5217,-554.24,1
548.25,35.552,-641,-339.44,23.068,-228.57,-623.57,-200,2.8261,-636.27,1
548.25,35.552,-641,-339.44,23.068,-228.57,-623.57,-200,3.1304,-758.36,1
548.25,35.552,-641,-339.44,23.068,-228.57,-623.57,-200,3.4348,-947.61,1
548.25,35.552,-641,-339.44,23.068,-228.57,-623.57,-200,3.7391,-1268.3,1
548.25,35.552,-641,-339.44,23.068,-228.57,-623.57,-200,4.0435,-1919.3,1
548.25,35.552,-641,-339.44,23.068,-228.57,-623.57,-200,4.3478,-Inf,1
548.25,35.552,-641,-339.44,23.068,-228.57,-623.57,-200,4.6522,-Inf,1
548.25,35.552,-641,-339.44,23.068,-228.57,-623.57,-200,4.9565,-Inf,1
548.25,35.552,-641,-339.44,23.068,-228.57,-623.57,-200,5.2609,-Inf,1
548.25,35.552,-641,-339.44,23.068,-228.57,-623.57,-200,5.5652,-Inf,1
548.25,35.552,-641,-339.44,23.068,-228.57,-623.57,-200,5.8696,-Inf,1
548.25,35.552,-641,-339.44,23.068,-228.57,-623.57,-200,6.1739,-Inf,1
548.25,35.552,-641,-339.44,23.068,-228.57,-623.57,-200,6.4783,-Inf,1
548.25,35.552,-641,-339.44,23.068,-228.57,-623.57,-200,6.7826,-Inf,1
548.25,35.552,-641,-339.44,23.068,-228.57,-623.57,-200,7.087,-Inf,1
548.25,35.552,-641,-339.44,23.068,-228.57,-623.57,-200,7.3913,-Inf,1
548.25,35.552,-641,-339.44,23.068,-228.57,-623.57,-200,7.6957,-Inf,1
548.25,35.552,-641,-339.44,23.068,-228.57,-623.57,-200,8,-Inf,1
515.72,35.047,-641,-339.44,23.068,-228.57,-623.57,-100,1,-457.86,1
515.72,35.047,-641,-339.44,23.068,-228.57,-623.57,-100,1.3043,-447.24,1
515.72,35.047,-641,-339.44,23.068,-228.57,-623.57,-100,1.6087,-447.3,1
515.72,35.047,-641,-339.44,23.068,-228.57,-623.57,-100,1.913,-458.47,1
515.72,35.047,-641,-339.44,23.068,-228.57,-623.57,-100,2.2174,-482.15,1
515.72,35.047,-641,-339.44,23.068,-228.57,-623.57,-100,2.5217,-521.06,1
515.72,35.047,-641,-339.44,23.068,-228.57,-623.57,-100,2.8261,-580.13,1
515.72,35.047,-641,-339.44,23.068,-228.57,-623.57,-100,3.1304,-668.32,1
515.72,35.047,-641,-339.44,23.068,-228.57,-623.57,-100,3.4348,-803.26,1
515.72,35.047,-641,-339.44,23.068,-228.57,-623.57,-100,3.7391,-1024.2,1
515.72,35.047,-641,-339.44,23.068,-228.57,-623.57,-100,4.0435,-1440.1,1
515.72,35.047,-641,-339.44,23.068,-228.57,-623.57,-100,4.3478,-Inf,1
515.72,35.047,-641,-339.44,23.068,-228.57,-623.57,-100,4.6522,-Inf,1
515.72,35.047,-641,-339.44,23.068,-228.57,-623.57,-100,4.9565,-Inf,1
515.72,35.047,-641,-339.44,23.068,-228.57,-623.57,-100,5.2609,-Inf,1
515.72,35.047,-641,-339.44,23.068,-228.57,-623.57,-100,5.5652,-Inf,1
515.72,35.047,-641,-339.44,23.068,-228.57,-623.57,-100,5.8696,-Inf,1
515.72,35.047,-641,-339.44,23.068,-228.57,-623.57,-100,6.1739,-Inf,1
515.72,35.047,-641,-339.44,23.068,-228.57,-623.57,-100,6.4783,-Inf,1
515.72,35.047,-641,-339.44,23.068,-228.57,-623.57,-100,6.7826,-Inf,1
515.72,35.047,-641,-339.44,23.068,-228.57,-623.57,-100,7.087,-Inf,1
515.72,35.047,-641,-339.44,23.068,-228.57,-623.57,-100,7.3913,-Inf,1
515.72,35.047,-641,-339.44,23.068,-228.57,-623.57,-100,7.6957,-Inf,1
515.72,35.047,-641,-339.44,23.068,-228.57,-623.57,-100,8,-Inf,1
501.35,34.94,-641,-339.44,23.068,-228.57,-623.57,0,1,-487.04,1
501.35,34.94,-641,-339.44,23.068,-228.57,-623.57,0,1.3043,-470.25,1
501.35,34.94,-641,-339.44,23.068,-228.57,-623.57,0,1.6087,-463.22,1
501.35,34.94,-641,-339.44,23.068,-228.57,-623.57,0,1.913,-465.88,1
501.35,34.94,-641,-339.44,23.068,-228.57,-623.57,0,2.2174,-478.93,1
501.35,34.94,-641,-339.44,23.068,-228.57,-623.57,0,2.5217,-504.04,1
501.35,34.94,-641,-339.44,23.068,-228.57,-623.57,0,2.8261,-544.37,1
501.35,34.94,-641,-339.44,23.068,-228.57,-623.57,0,3.1304,-605.68,1
501.35,34.94,-641,-339.44,23.068,-228.57,-623.57,0,3.4348,-698.9,1
501.35,34.94,-641,-339.44,23.068,-228.57,-623.57,0,3.7391,-846.89,1
501.35,34.94,-641,-339.44,23.068,-228.57,-623.57,0,4.0435,-1106.3,1
501.35,34.94,-641,-339.44,23.068,-228.57,-623.57,0,4.3478,-1667,1
501.35,34.94,-641,-339.44,23.068,-228.57,-623.57,0,4.6522,-Inf,1
501.35,34.94,-641,-339.44,23.068,-228.57,-623.57,0,4.9565,-Inf,1
501.35,34.94,-641,-339.44,23.068,-228.57,-623.57,0,5.2609,-Inf,1
501.35,34.94,-641,-339.44,23.068,-228.57,-623.57,0,5.5652,-Inf,1
501.35,34.94,-641,-339.44,23.068,-228.57,-623.57,0,5.8696,-Inf,1
501.35,34.94,-641,-339.44,23.068,-228.57,-623.57,0,6.1739,-Inf,1
501.35,34.94,-641,-339.44,23.068,-228.57,-623.57,0,6.4783,-Inf,1
501.35,34.94,-641,-339.44,23.068,-228.57,-623.57,0,6.7826,-Inf,1
501.35,34.94,-641,-339.44,23.068,-228.57,-623.57,0,7.087,-Inf,1
501.35,34.94,-641,-339.44,23.068,-228.57,-623.57,0,7.3913,-Inf,1
501.35,34.94,-641,-339.44,23.068,-228.57,-623.57,0,7.6957,-Inf,1
501.35,34.94,-641,-339.44,23.068,-228.57,-623.57,0,8,-Inf,1
506.7,35.544,-641,-339.44,23.068,-228.57,-623.57,100,1,-539.86,1
506.7,35.544,-641,-339.44,23.068,-228.57,-623.57,100,1.3043,-514.4,1
506.7,35.544,-641,-339.44,23.068,-228.57,-623.57,100,1.6087,-498.79,1
506.7,35.544,-641,-339.44,23.068,-228.57,-623.57,100,1.913,-492.37,1
506.7,35.544,-641,-339.44,23.068,-228.57,-623.57,100,2.2174,-495.18,1
506.7,35.544,-641,-339.44,23.068,-228.57,-623.57,100,2.5217,-508.01,1
506.7,35.544,-641,-339.44,23.068,-228.57,-623.57,100,2.8261,-532.68,1
506.7,35.544,-641,-339.44,23.068,-228.57,-623.57,100,3.1304,-572.64,1
506.7,35.544,-641,-339.44,23.068,-228.57,-623.57,100,3.4348,-634.27,1
506.7,35.544,-641,-339.44,23.068,-228.57,-623.57,100,3.7391,-730.2,1
506.7,35.544,-641,-339.44,23.068,-228.57,-623.57,100,4.0435,-888.34,1
506.7,35.544,-641,-339.44,23.068,-228.57,-623.57,100,4.3478,-1184.9,1
506.7,35.544,-641,-339.44,23.068,-228.57,-623.57,100,4.6522,-1925.7,1
506.7,35.544,-641,-339.44,23.068,-228.57,-623.57,100,4.9565,-Inf,1
506.7,35.544,-641,-339.44,23.068,-228.57,-623.57,100,5.2609,-Inf,1
506.7,35.544,-641,-339.44,23.068,-228.57,-623.57,100,5.5652,-Inf,1
506.7,35.544,-641,-339.44,23.068,-228.57,-623.57,100,5.8696,-Inf,1
506.7,35.544,-641,-339.44,23.068,-228.57,-623.57,100,6.1739,-Inf,1
506.7,35.544,-641,-339.44,23.068,-228.57,-623.57,100,6.4783,-Inf,1
506.7,35.544,-641,-339.44,23.068,-228.57,-623.57,100,6.7826,-Inf,1
506.7,35.544,-641,-339.44,23.068,-228.57,-623.57,100,7.087,-Inf,1
506.7,35.544,-641,-339.44,23.068,-228.57,-623.57,100,7.3913,-Inf,1
506.7,35.544,-641,-339.44,23.068,-228.57,-623.57,100,7.6957,-Inf,1
506.7,35.544,-641,-339.44,23.068,-228.57,-623.57,100,8,-Inf,1
531.16,37.283,-641,-339.44,23.068,-228.57,-623.57,200,1,-646.36,0
531.16,37.283,-641,-339.44,23.068,-228.57,-623.57,200,1.3043,-604.75,0
531.16,37.283,-641,-339.44,23.068,-228.57,-623.57,200,1.6087,-575.14,0
531.16,37.283,-641,-339.44,23.068,-228.57,-623.57,200,1.913,-555.91,0
531.16,37.283,-641,-339.44,23.068,-228.57,-623.57,200,2.2174,-546.22,0
531.16,37.283,-641,-339.44,23.068,-228.57,-623.57,200,2.5217,-545.98,0
531.16,37.283,-641,-339.44,23.068,-228.57,-623.57,200,2.8261,-555.87,0
531.16,37.283,-641,-339.44,23.068,-228.57,-623.57,200,3.1304,-577.63,0
531.16,37.283,-641,-339.44,23.068,-228.57,-623.57,200,3.4348,-614.66,0
531.16,37.283,-641,-339.44,23.068,-228.57,-623.57,200,3.7391,-673.43,0
531.16,37.283,-641,-339.44,23.068,-228.57,-623.57,200,4.0435,-766.92,0
531.16,37.283,-641,-339.44,23.068,-228.57,-623.57,200,4.3478,-924.66,0
531.16,37.283,-641,-339.44,23.068,-228.57,-623.57,200,4.6522,-1230.1,0
531.16,37.283,-641,-339.44,23.068,-228.57,-623.57,200,4.9565,-Inf,0
531.16,37.283,-641,-339.44,23.068,-228.57,-623.57,200,5.2609,-Inf,0
531.16,37.283,-641,-339.44,23.068,-228.57,-623.57,200,5.5652,-Inf,0
531.16,37.283,-641,-339.44,23.068,-228.57,-623.57,200,5.8696,-Inf,0
531.16,37.283,-641,-339.44,23.068,-228.57,-623.57,200,6.1739,-Inf,0
531.16,37.283,-641,-339.44,23.068,-228.57,-623.57,200,6.4783,-Inf,0
531.16,37.283,-641,-339.44,23.068,-228.57,-623.57,200,6.7826,-Inf,0
531.16,37.283,-641,-339.44,23.068,-228.57,-623.57,200,7.087,-Inf,0
531.16,37.283,-641,-339.44,23.068,-228.57,-623.57,200,7.3913,-Inf,0
531.16,37.283,-641,-339.44,23.068,-228.57,-623.57,200,7.6957,-Inf,0
531.16,37.283,-641,-339.44,23.068,-228.57,-623.57,200,8,-Inf,0
572.29,40.594,-641,-339.44,23.068,-228.57,-623.57,300,1,-905.18,0
572.29,40.594,-641,-339.44,23.068,-228.57,-623.57,300,1.3043,-821.58,0
572.29,40.594,-641,-339.44,23.068,-228.57,-623.57,300,1.6087,-758.68,0
572.29,40.594,-641,-339.44,23.068,-228.57,-623.57,300,1.913,-712.15,0
572.29,40.594,-641,-339.44,23.068,-228.57,-623.57,300,2.2174,-679.19,0
572.29,40.594,-641,-339.44,23.068,-228.57,-623.57,300,2.5217,-658.13,0
572.29,40.594,-641,-339.44,23.068,-228.57,-623.57,300,2.8261,-648.22,0
572.29,40.594,-641,-339.44,23.068,-228.57,-623.57,300,3.1304,-649.61,0
572.29,40.594,-641,-339.44,23.068,-228.57,-623.57,300,3.4348,-663.52,0
572.29,40.594,-641,-339.44,23.068,-228.57,-623.57,300,3.7391,-692.75,0
572.29,40.594,-641,-339.44,23.068,-228.57,-623.57,300,4.0435,-742.79,0
572.29,40.594,-641,-339.44,23.068,-228.57,-623.57,300,4.3478,-824.58,0
572.29,40.594,-641,-339.44,23.068,-228.57,-623.57,300,4.6522,-962.14,0
572.29,40.594,-641,-339.44,23.068,-228.57,-623.57,300,4.9565,-1218.5,0
572.29,40.594,-641,-339.44,23.068,-228.57,-623.57,300,5.2609,-1824.3,0
572.29,40.594,-641,-339.44,23.068,-228.57,-623.57,300,5.5652,-Inf,0
572.29,40.594,-641,-339.44,23.068,-228.57,-623.57,300,5.8696,-Inf,0
572.29,40.594,-641,-339.44,23.068,-228.57,-623.57,300,6.1739,-Inf,0
572.29,40.594,-641,-339.44,23.068,-228.57,-623.57,300,6.4783,-Inf,0
572.29,40.594,-641,-339.44,23.068,-228.57,-623.57,300,6.7826,-Inf,0
572.29,40.594,-641,-339.44,23.068,-228.57,-623.57,300,7.087,-Inf,0
572.29,40.594,-641,-339.44,23.068,-228.57,-623.57,300,7.3913,-Inf,0
572.29,40.594,-641,-339.44,23.068,-228.57,-623.57,300,7.6957,-Inf,0
572.29,40.594,-641,-339.44,23.068,-228.57,-623.57,300,8,-Inf,0
559.33,34.997,-641,-339.44,23.068,-228.57,-535.36,-300,1,-350.18,0
559.33,34.997,-641,-339.44,23.068,-228.57,-535.36,-300,1.3043,-350.93,0
559.33,34.997,-641,-339.44,23.068,-228.57,-535.36,-300,1.6087,-363.74,0
559.33,34.997,-641,-339.44,23.068,-228.57,-535.36,-300,1.913,-389.97,0
559.33,34.997,-641,-339.44,23.068,-228.57,-535.36,-300,2.2174,-432.29,0
559.33,34.997,-641,-339.44,23.068,-228.57,-535.36,-300,2.5217,-495.45,0
559.33,34.997,-641,-339.44,23.068,-228.57,-535.36,-300,2.8261,-587.88,0
559.33,34.997,-641,-339.44,23.068,-228.57,-535.36,-300,3.1304,-725.4,0
559.33,34.997,-641,-339.44,23.068,-228.57,-535.36,-300,3.4348,-941.08,0
559.33,34.997,-641,-339.44,23.068,-228.57,-535.36,-300,3.7391,-1317.4,0
559.33,34.997,-641,-339.44,23.068,-228.57,-535.36,-300,4.0435,-2134.9,0
559.33,34.997,-641,-339.44,23.068,-228.57,-535.36,-300,4.3478,-Inf,0
559.33,34.997,-641,-339.44,23.068,-228.57,-535.36,-300,4.6522,-Inf,0
559.33,34.997,-641,-339.44,23.068,-228.57,-535.36,-300,4.9565,-Inf,0
559.33,34.997,-641,-339.44,23.068,-228.57,-535.36,-300,5.2609,-Inf,0
559.33,34.997,-641,-339.44,23.068,-228.57,-535.36,-300,5.5652,-Inf,0
559.33,34.997,-641,-339.44,23.068,-228.57,-535.36,-300,5.8696,-Inf,0
559.33,34.997,-641,-339.44,23.068,-228.57,-535.36,-300,6.1739,-Inf,0
559.33,34.997,-641,-339.44,23.068,-228.57,-535.36,-300,6.4783,-Inf,0
559.33,34.997,-641,-339.44,23.068,-228.57,-535.36,-300,6.7826,-Inf,0
559.33,34.997,-641,-339.44,23.068,-228.57,-535.36,-300,7.087,-Inf,0
559.33,34.997,-641,-339.44,23.068,-228.57,-535.36,-300,7.3913,-Inf,0
559.33,34.997,-641,-339.44,23.068,-228.57,-535.36,-300,7.6957,-Inf,0
559.33,34.997,-641,-339.44,23.068,-228.57,-535.36,-300,8,-Inf,0
508.17,33.778,-641,-339.44,23.068,-228.57,-535.36,-200,1,-354.26,0
508.17,33.778,-641,-339.44,23.068,-228.57,-535.36,-200,1.3043,-350.46,0
508.17,33.778,-641,-339.44,23.068,-228.57,-535.36,-200,1.6087,-356.55,0
508.17,33.778,-641,-339.44,23.068,-228.57,-535.36,-200,1.913,-373.31,0
508.17,33.778,-641,-339.44,23.068,-228.57,-535.36,-200,2.2174,-402.53,0
508.17,33.778,-641,-339.44,23.068,-228.57,-535.36,-200,2.5217,-447.46,0
508.17,33.778,-641,-339.44,23.068,-228.57,-535.36,-200,2.8261,-513.85,0
508.17,33.778,-641,-339.44,23.068,-228.57,-535.36,-200,3.1304,-612.35,0
508.17,33.778,-641,-339.44,23.068,-228.57,-535.36,-200,3.4348,-764.47,0
508.17,33.778,-641,-339.44,23.068,-228.57,-535.36,-200,3.7391,-1020.9,0
508.17,33.778,-641,-339.44,23.068,-228.57,-535.36,-200,4.0435,-1536.7,0
508.17,33.778,-641,-339.44,23.068,-228.57,-535.36,-200,4.3478,-Inf,0
508.17,33.778,-641,-339.44,23.068,-228.57,-535.36,-200,4.6522,-Inf,0
508.17,33.778,-641,-339.44,23.068,-228.57,-535.36,-200,4.9565,-Inf,0
508.17,33.778,-641,-339.44,23.068,-228.57,-535.36,-200,5.2609,-Inf,0
508.17,33.778,-641,-339.44,23.068,-228.57,-535.36,-200,5.5652,-Inf,0
508.17,33.778,-641,-339.44,23.068,-228.57,-535.36,-200,5.8696,-Inf,0
508.17,33.778,-641,-339.44,23.068,-228.57,-535.36,-200,6.1739,-Inf,0
508.17,33.778,-641,-339.44,23.068,-228.57,-535.36,-200,6.4783,-Inf,0
508.17,33.778,-641,-339.44,23.068,-228.57,-535.36,-200,6.7826,-Inf,0
508.17,33.778,-641,-339.44,23.068,-228.57,-535.36,-200,7.087,-Inf,0
508.17,33.778,-641,-339.44,23.068,-228.57,-535.36,-200,7.3913,-Inf,0
508.17,33.778,-641,-339.44,23.068,-228.57,-535.36,-200,7.6957,-Inf,0
508.17,33.778,-641,-339.44,23.068,-228.57,-535.36,-200,8,-Inf,0
472.89,32.579,-641,-339.44,23.068,-228.57,-535.36,-100,1,-361.9,1
472.89,32.579,-641,-339.44,23.068,-228.57,-535.36,-100,1.3043,-354.04,1
472.89,32.579,-641,-339.44,23.068,-228.57,-535.36,-100,1.6087,-354.37,1
472.89,32.579,-641,-339.44,23.068,-228.57,-535.36,-100,1.913,-363.23,1
472.89,32.579,-641,-339.44,23.068,-228.57,-535.36,-100,2.2174,-381.7,1
472.89,32.579,-641,-339.44,23.068,-228.57,-535.36,-100,2.5217,-411.84,1
472.89,32.579,-641,-339.44,23.068,-228.57,-535.36,-100,2.8261,-457.4,1
472.89,32.579,-641,-339.44,23.068,-228.57,-535.36,-100,3.1304,-525.18,1
472.89,32.579,-641,-339.44,23.068,-228.57,-535.36,-100,3.4348,-628.49,1
472.89,32.579,-641,-339.44,23.068,-228.57,-535.36,-100,3.7391,-796.8,1
472.89,32.579,-641,-339.44,23.068,-228.57,-535.36,-100,4.0435,-1111,1
472.89,32.579,-641,-339.44,23.068,-228.57,-535.36,-100,4.3478,-1903.5,1
472.89,32.579,-641,-339.44,23.068,-228.57,-535.36,-100,4.6522,-Inf,1
472.89,32.579,-641,-339.44,23.068,-228.57,-535.36,-100,4.9565,-Inf,1
472.89,32.579,-641,-339.44,23.068,-228.57,-535.36,-100,5.2609,-Inf,1
472.89,32.579,-641,-339.44,23.068,-228.57,-535.36,-100,5.5652,-Inf,1
472.89,32.579,-641,-339.44,23.068,-228.57,-535.36,-100,5.8696,-Inf,1
472.89,32.579,-641,-339.44,23.068,-228.57,-535.36,-100,6.1739,-Inf,1
472.89,32.579,-641,-339.44,23.068,-228.57,-535.36,-100,6.4783,-Inf,1
472.89,32.579,-641,-339.44,23.068,-228.57,-535.36,-100,6.7826,-Inf,1
472.89,32.579,-641,-339.44,23.068,-228.57,-535.36,-100,7.087,-Inf,1
472.89,32.579,-641,-339.44,23.068,-228.57,-535.36,-100,7.3913,-Inf,1
472.89,32.579,-641,-339.44,23.068,-228.57,-535.36,-100,7.6957,-Inf,1
472.89,32.579,-641,-339.44,23.068,-228.57,-535.36,-100,8,-Inf,1
457.17,31.582,-641,-339.44,23.068,-228.57,-535.36,0,1,-375.39,1
457.17,31.582,-641,-339.44,23.068,-228.57,-535.36,0,1.3043,-363.48,1
457.17,31.582,-641,-339.44,23.068,-228.57,-535.36,0,1.6087,-358.62,1
457.17,31.582,-641,-339.44,23.068,-228.57,-535.36,0,1.913,-360.75,1
457.17,31.582,-641,-339.44,23.068,-228.57,-535.36,0,2.2174,-370.38,1
457.17,31.582,-641,-339.44,23.068,-228.57,-535.36,0,2.5217,-388.7,1
457.17,31.582,-641,-339.44,23.068,-228.57,-535.36,0,2.8261,-417.96,1
457.17,31.582,-641,-339.44,23.068,-228.57,-535.36,0,3.1304,-462.25,1
457.17,31.582,-641,-339.44,23.068,-228.57,-535.36,0,3.4348,-529.33,1
457.17,31.582,-641,-339.44,23.068,-228.57,-535.36,0,3.7391,-635.31,1
457.17,31.582,-641,-339.44,23.068,-228.57,-535.36,0,4.0435,-819.78,1
457.17,31.582,-641,-339.44,23.068,-228.57,-535.36,0,4.3478,-1213.1,1
457.17,31.582,-641,-339.44,23.068,-228.57,-535.36,0,4.6522,-Inf,1
457.17,31.582,-641,-339.44,23.068,-228.57,-535.36,0,4.9565,-Inf,1
457.17,31.582,-641,-339.44,23.068,-228.57,-535.36,0,5.2609,-Inf,1
457.17,31.582,-641,-339.44,23.068,-228.57,-535.36,0,5.5652,-Inf,1
457.17,31.582,-641,-339.44,23.068,-228.57,-535.36,0,5.8696,-Inf,1
457.17,31.582,-641,-339.44,23.068,-228.57,-535.36,0,6.1739,-Inf,1
457.17,31.582,-641,-339.44,23.068,-228.57,-535.36,0,6.4783,-Inf,1
457.17,31.582,-641,-339.44,23.068,-228.57,-535.36,0,6.7826,-Inf,1
457.17,31.582,-641,-339.44,23.068,-228.57,-535.36,0,7.087,-Inf,1
457.17,31.582,-641,-339.44,23.068,-228.57,-535.36,0,7.3913,-Inf,1
457.17,31.582,-641,-339.44,23.068,-228.57,-535.36,0,7.6957,-Inf,1
457.17,31.582,-641,-339.44,23.068,-228.57,-535.36,0,8,-Inf,1
463.03,31.145,-641,-339.44,23.068,-228.57,-535.36,100,1,-399.87,0
463.03,31.145,-641,-339.44,23.068,-228.57,-535.36,100,1.3043,-382.98,0
463.03,31.145,-641,-339.44,23.068,-228.57,-535.36,100,1.6087,-372.67,0
463.03,31.145,-641,-339.44,23.068,-228.57,-535.36,100,1.913,-368.51,0
463.03,31.145,-641,-339.44,23.068,-228.57,-535.36,100,2.2174,-370.5,0
463.03,31.145,-641,-339.44,23.068,-228.57,-535.36,100,2.5217,-379.18,0
463.03,31.145,-641,-339.44,23.068,-228.57,-535.36,100,2.8261,-395.73,0
463.03,31.145,-641,-339.44,23.068,-228.57,-535.36,100,3.1304,-422.4,0
463.03,31.145,-641,-339.44,23.068,-228.57,-535.36,100,3.4348,-463.38,0
463.03,31.145,-641,-339.44,23.068,-228.57,-535.36,100,3.7391,-526.88,0
463.03,31.145,-641,-339.44,23.068,-228.57,-535.36,100,4.0435,-630.94,0
463.03,31.145,-641,-339.44,23.068,-228.57,-535.36,100,4.3478,-824.18,0
463.03,31.145,-641,-339.44,23.068,-228.57,-535.36,100,4.6522,-1296.8,0
463.03,31.145,-641,-339.44,23.068,-228.57,-535.36,100,4.9565,-Inf,0
463.03,31.145,-641,-339.44,23.068,-228.57,-535.36,100,5.2609,-Inf,0
463.03,31.145,-641,-339.44,23.068,-228.57,-535.36,100,5.5652,-Inf,0
463.03,31.145,-641,-339.44,23.068,-228.57,-535.36,100,5.8696,-Inf,0
463.03,31.145,-641,-339.44,23.068,-228.57,-535.36,100,6.1739,-Inf,0
463.03,31.145,-641,-339.44,23.068,-228.57,-535.36,100,6.4783,-Inf,0
463.03,31.145,-641,-339.44,23.068,-228.57,-535.36,100,6.7826,-Inf,0
463.03,31.145,-641,-339.44,23.068,-228.57,-535.36,100,7.087,-Inf,0
463.03,31.145,-641,-339.44,23.068,-228.57,-535.36,100,7.3913,-Inf,0
463.03,31.145,-641,-339.44,23.068,-228.57,-535.36,100,7.6957,-Inf,0
463.03,31.145,-641,-339.44,23.068,-228.57,-535.36,100,8,-Inf,0
489.68,31.887,-641,-339.44,23.068,-228.57,-535.36,200,1,-448.79,0
489.68,31.887,-641,-339.44,23.068,-228.57,-535.36,200,1.3043,-423.51,0
489.68,31.887,-641,-339.44,23.068,-228.57,-535.36,200,1.6087,-405.52,0
489.68,31.887,-641,-339.44,23.068,-228.57,-535.36,200,1.913,-393.83,0
489.68,31.887,-641,-339.44,23.068,-228.57,-535.36,200,2.2174,-387.95,0
489.68,31.887,-641,-339.44,23.068,-228.57,-535.36,200,2.5217,-387.78,0
489.68,31.887,-641,-339.44,23.068,-228.57,-535.36,200,2.8261,-393.74,0
489.68,31.887,-641,-339.44,23.068,-228.57,-535.36,200,3.1304,-406.85,0
489.68,31.887,-641,-339.44,23.068,-228.57,-535.36,200,3.4348,-429.11,0
489.68,31.887,-641,-339.44,23.068,-228.57,-535.36,200,3.7391,-464.34,0
489.68,31.887,-641,-339.44,23.068,-228.57,-535.36,200,4.0435,-520.14,0
489.68,31.887,-641,-339.44,23.068,-228.57,-535.36,200,4.3478,-613.68,0
489.68,31.887,-641,-339.44,23.068,-228.57,-535.36,200,4.6522,-792.81,0
489.68,31.887,-641,-339.44,23.068,-228.57,-535.36,200,4.9565,-1256.9,0
489.68,31.887,-641,-339.44,23.068,-228.57,-535.36,200,5.2609,-Inf,0
489.68,31.887,-641,-339.44,23.068,-228.57,-535.36,200,5.5652,-Inf,0
489.68,31.887,-641,-339.44,23.068,-228.57,-535.36,200,5.8696,-Inf,0
489.68,31.887,-641,-339.44,23.068,-228.57,-535.36,200,6.1739,-Inf,0
489.68,31.887,-641,-339.44,23.068,-228.57,-535.36,200,6.4783,-Inf,0
489.68,31.887,-641,-339.44,23.068,-228.57,-535.36,200,6.7826,-Inf,0
489.68,31.887,-641,-339.44,23.068,-228.57,-535.36,200,7.087,-Inf,0
489.68,31.887,-641,-339.44,23.068,-228.57,-535.36,200,7.3913,-3507.2,0
489.68,31.887,-641,-339.44,23.068,-228.57,-535.36,200,7.6957,-Inf,0
489.68,31.887,-641,-339.44,23.068,-228.57,-535.36,200,8,-Inf,0
534.01,34.63,-641,-339.44,23.068,-228.57,-535.36,300,1,-566.71,0
534.01,34.63,-641,-339.44,23.068,-228.57,-535.36,300,1.3043,-520.85,0
534.01,34.63,-641,-339.44,23.068,-228.57,-535.36,300,1.6087,-486.29,0
534.01,34.63,-641,-339.44,23.068,-228.57,-535.36,300,1.913,-460.68,0
534.01,34.63,-641,-339.44,23.068,-228.57,-535.36,300,2.2174,-442.47,0
534.01,34.63,-641,-339.44,23.068,-228.57,-535.36,300,2.5217,-430.76,0
534.01,34.63,-641,-339.44,23.068,-228.57,-535.36,300,2.8261,-425.11,0
534.01,34.63,-641,-339.44,23.068,-228.57,-535.36,300,3.1304,-425.58,0
534.01,34.63,-641,-339.44,23.068,-228.57,-535.36,300,3.4348,-432.8,0
534.01,34.63,-641,-339.44,23.068,-228.57,-535.36,300,3.7391,-448.22,0
534.01,34.63,-641,-339.44,23.068,-228.57,-535.36,300,4.0435,-474.71,0
534.01,34.63,-641,-339.44,23.068,-228.57,-535.36,300,4.3478,-517.98,0
534.01,34.63,-641,-339.44,23.068,-228.57,-535.36,300,4.6522,-590.46,0
534.01,34.63,-641,-339.44,23.068,-228.57,-535.36,300,4.9565,-724.36,0
534.01,34.63,-641,-339.44,23.068,-228.57,-535.36,300,5.2609,-1034.8,0
534.01,34.63,-641,-339.44,23.068,-228.57,-535.36,300,5.5652,-Inf,0
534.01,34.63,-641,-339.44,23.068,-228.57,-535.36,300,5.8696,-Inf,0
534.01,34.63,-641,-339.44,23.068,-228.57,-535.36,300,6.1739,-Inf,0
534.01,34.63,-641,-339.44,23.068,-228.57,-535.36,300,6.4783,-Inf,0
534.01,34.63,-641,-339.44,23.068,-228.57,-535.36,300,6.7826,-Inf,0
534.01,34.63,-641,-339.44,23.068,-228.57,-535.36,300,7.087,-Inf,0
534.01,34.63,-641,-339.44,23.068,-228.57,-535.36,300,7.3913,-Inf,0
534.01,34.63,-641,-339.44,23.068,-228.57,-535.36,300,7.6957,-Inf,0
534.01,34.63,-641,-339.44,23.068,-228.57,-535.36,300,8,-3293.6,0
534.85,34.225,-641,-339.44,23.068,-228.57,-447.14,-300,1,-296.66,0
534.85,34.225,-641,-339.44,23.068,-228.57,-447.14,-300,1.3043,-297.69,0
534.85,34.225,-641,-339.44,23.068,-228.57,-447.14,-300,1.6087,-309.09,0
534.85,34.225,-641,-339.44,23.068,-228.57,-447.14,-300,1.913,-332.05,0
534.85,34.225,-641,-339.44,23.068,-228.57,-447.14,-300,2.2174,-368.85,0
534.85,34.225,-641,-339.44,23.068,-228.57,-447.14,-300,2.5217,-423.56,0
534.85,34.225,-641,-339.44,23.068,-228.57,-447.14,-300,2.8261,-503.39,0
534.85,34.225,-641,-339.44,23.068,-228.57,-447.14,-300,3.1304,-621.82,0
534.85,34.225,-641,-339.44,23.068,-228.57,-447.14,-300,3.4348,-806.93,0
534.85,34.225,-641,-339.44,23.068,-228.57,-447.14,-300,3.7391,-1128.2,0
534.85,34.225,-641,-339.44,23.068,-228.57,-447.14,-300,4.0435,-1819.5,0
534.85,34.225,-641,-339.44,23.068,-228.57,-447.14,-300,4.3478,-Inf,0
534.85,34.225,-641,-339.44,23.068,-228.57,-447.14,-300,4.6522,-Inf,0
534.85,34.225,-641,-339.44,23.068,-228.57,-447.14,-300,4.9565,-Inf,0
534.85,34.225,-641,-339.44,23.068,-228.57,-447.14,-300,5.2609,-Inf,0
534.85,34.225,-641,-339.44,23.068,-228.57,-447.14,-300,5.5652,-Inf,0
534.85,34.225,-641,-339.44,23.068,-228.57,-447.14,-300,5.8696,-Inf,0
534.85,34.225,-641,-339.44,23.068,-228.57,-447.14,-300,6.1739,-Inf,0
534.85,34.225,-641,-339.44,23.068,-228.57,-447.14,-300,6.4783,-Inf,0
534.85,34.225,-641,-339.44,23.068,-228.57,-447.14,-300,6.7826,-Inf,0
534.85,34.225,-641,-339.44,23.068,-228.57,-447.14,-300,7.087,-Inf,0
534.85,34.225,-641,-339.44,23.068,-228.57,-447.14,-300,7.3913,-Inf,0
534.85,34.225,-641,-339.44,23.068,-228.57,-447.14,-300,7.6957,-Inf,0
534.85,34.225,-641,-339.44,23.068,-228.57,-447.14,-300,8,-Inf,0
481.1,32.522,-641,-339.44,23.068,-228.57,-447.14,-200,1,-298.47,0
481.1,32.522,-641,-339.44,23.068,-228.57,-447.14,-200,1.3043,-295.64,0
481.1,32.522,-641,-339.44,23.068,-228.57,-447.14,-200,1.6087,-301.01,0
481.1,32.522,-641,-339.44,23.068,-228.57,-447.14,-200,1.913,-315.26,0
481.1,32.522,-641,-339.44,23.068,-228.57,-447.14,-200,2.2174,-339.85,0
481.1,32.522,-641,-339.44,23.068,-228.57,-447.14,-200,2.5217,-377.48,0
481.1,32.522,-641,-339.44,23.068,-228.57,-447.14,-200,2.8261,-432.88,0
481.1,32.522,-641,-339.44,23.068,-228.57,-447.14,-200,3.1304,-514.82,0
481.1,32.522,-641,-339.44,23.068,-228.57,-447.14,-200,3.4348,-640.91,0
481.1,32.522,-641,-339.44,23.068,-228.57,-447.14,-200,3.7391,-852.38,0
481.1,32.522,-641,-339.44,23.068,-228.57,-447.14,-200,4.0435,-1274.1,0
481.1,32.522,-641,-339.44,23.068,-228.57,-447.14,-200,4.3478,-Inf,0
481.1,32.522,-641,-339.44,23.068,-228.57,-447.14,-200,4.6522,-Inf,0
481.1,32.522,-641,-339.44,23.068,-228.57,-447.14,-200,4.9565,-Inf,0
481.1,32.522,-641,-339.44,23.068,-228.57,-447.14,-200,5.2609,-Inf,0
481.1,32.522,-641,-339.44,23.068,-228.57,-447.14,-200,5.5652,-Inf,0
481.1,32.522,-641,-339.44,23.068,-228.57,-447.14,-200,5.8696,-Inf,0
481.1,32.522,-641,-339.44,23.068,-228.57,-447.14,-200,6.1739,-Inf,0
481.1,32.522,-641,-339.44,23.068,-228.57,-447.14,-200,6.4783,-Inf,0
481.1,32.522,-641,-339.44,23.068,-228.57,-447.14,-200,6.7826,-Inf,0
481.1,32.522,-641,-339.44,23.068,-228.57,-447.14,-200,7.087,-Inf,0
481.1,32.522,-641,-339.44,23.068,-228.57,-447.14,-200,7.3913,-Inf,0
481.1,32.522,-641,-339.44,23.068,-228.57,-447.14,-200,7.6957,-Inf,0
481.1,32.522,-641,-339.44,23.068,-228.57,-447.14,-200,8,-Inf,0
443.67,30.609,-641,-339.44,23.068,-228.57,-447.14,-100,1,-302.21,0
443.67,30.609,-641,-339.44,23.068,-228.57,-447.14,-100,1.3043,-296.22,0
443.67,30.609,-641,-339.44,23.068,-228.57,-447.14,-100,1.6087,-296.73,0
443.67,30.609,-641,-339.44,23.068,-228.57,-447.14,-100,1.913,-304.02,0
443.67,30.609,-641,-339.44,23.068,-228.57,-447.14,-100,2.2174,-318.92,0
443.67,30.609,-641,-339.44,23.068,-228.57,-447.14,-100,2.5217,-343.09,0
443.67,30.609,-641,-339.44,23.068,-228.57,-447.14,-100,2.8261,-379.45,0
443.67,30.609,-641,-339.44,23.068,-228.57,-447.14,-100,3.1304,-433.34,0
443.67,30.609,-641,-339.44,23.068,-228.57,-447.14,-100,3.4348,-515.17,0
443.67,30.609,-641,-339.44,23.068,-228.57,-447.14,-100,3.7391,-647.84,0
443.67,30.609,-641,-339.44,23.068,-228.57,-447.14,-100,4.0435,-893.6,0
443.67,30.609,-641,-339.44,23.068,-228.57,-447.14,-100,4.3478,-1502.6,0
443.67,30.609,-641,-339.44,23.068,-228.57,-447.14,-100,4.6522,-Inf,0
443.67,30.609,-641,-339.44,23.068,-228.57,-447.14,-100,4.9565,-Inf,0
443.67,30.609,-641,-339.44,23.068,-228.57,-447.14,-100,5.2609,-Inf,0
443.67,30.609,-641,-339.44,23.068,-228.57,-447.14,-100,5.5652,-Inf,0
443.67,30.609,-641,-339.44,23.068,-228.57,-447.14,-100,5.8696,-Inf,0
443.67,30.609,-641,-339.44,23.068,-228.57,-447.14,-100,6.1739,-Inf,0
443.67,30.609,-641,-339.44,23.068,-228.57,-447.14,-100,6.4783,-Inf,0
443.67,30.609,-641,-339.44,23.068,-228.57,-447.14,-100,6.7826,-Inf,0
443.67,30.609,-641,-339.44,23.068,-228.57,-447.14,-100,7.087,-Inf,0
443.67,30.609,-641,-339.44,23.068,-228.57,-447.14,-100,7.3913,-Inf,0
443.67,30.609,-641,-339.44,23.068,-228.57,-447.14,-100,7.6957,-Inf,0
443.67,30.609,-641,-339.44,23.068,-228.57,-447.14,-100,8,-Inf,0
426.88,28.566,-641,-339.44,23.068,-228.57,-447.14,0,1,-308.75,1
426.88,28.566,-641,-339.44,23.068,-228.57,-447.14,0,1.3043,-300.02,1
426.88,28.566,-641,-339.44,23.068,-228.57,-447.14,0,1.6087,-296.57,1
426.88,28.566,-641,-339.44,23.068,-228.57,-447.14,0,1.913,-298.34,1
426.88,28.566,-641,-339.44,23.068,-228.57,-447.14,0,2.2174,-305.71,1
426.88,28.566,-641,-339.44,23.068,-228.57,-447.14,0,2.5217,-319.56,1
426.88,28.566,-641,-339.44,23.068,-228.57,-447.14,0,2.8261,-341.57,1
426.88,28.566,-641,-339.44,23.068,-228.57,-447.14,0,3.1304,-374.74,1
426.88,28.566,-641,-339.44,23.068,-228.57,-447.14,0,3.4348,-424.77,1
426.88,28.566,-641,-339.44,23.068,-228.57,-447.14,0,3.7391,-503.43,1
426.88,28.566,-641,-339.44,23.068,-228.57,-447.14,0,4.0435,-639.41,1
426.88,28.566,-641,-339.44,23.068,-228.57,-447.14,0,4.3478,-925.64,1
426.88,28.566,-641,-339.44,23.068,-228.57,-447.14,0,4.6522,-Inf,1
426.88,28.566,-641,-339.44,23.068,-228.57,-447.14,0,4.9565,-Inf,1
426.88,28.566,-641,-339.44,23.068,-228.57,-447.14,0,5.2609,-Inf,1
426.88,28.566,-641,-339.44,23.068,-228.57,-447.14,0,5.5652,-Inf,1
426.88,28.566,-641,-339.44,23.068,-228.57,-447.14,0,5.8696,-Inf,1
426.88,28.566,-641,-339.44,23.068,-228.57,-447.14,0,6.1739,-Inf,1
426.88,28.566,-641,-339.44,23.068,-228.57,-447.14,0,6.4783,-Inf,1
426.88,28.566,-641,-339.44,23.068,-228.57,-447.14,0,6.7826,-Inf,1
426.88,28.566,-641,-339.44,23.068,-228.57,-447.14,0,7.087,-Inf,1
426.88,28.566,-641,-339.44,23.068,-228.57,-447.14,0,7.3913,-Inf,1
426.88,28.566,-641,-339.44,23.068,-228.57,-447.14,0,7.6957,-Inf,1
426.88,28.566,-641,-339.44,23.068,-228.57,-447.14,0,8,-Inf,1
433.14,26.674,-641,-339.44,23.068,-228.57,-447.14,100,1,-320.13,0
433.14,26.674,-641,-339.44,23.068,-228.57,-447.14,100,1.3043,-308.57,0
433.14,26.674,-641,-339.44,23.068,-228.57,-447.14,100,1.6087,-301.55,0
433.14,26.674,-641,-339.44,23.068,-228.57,-447.14,100,1.913,-298.77,0
433.14,26.674,-641,-339.44,23.068,-228.57,-447.14,100,2.2174,-300.25,0
433.14,26.674,-641,-339.44,23.068,-228.57,-447.14,100,2.5217,-306.32,0
433.14,26.674,-641,-339.44,23.068,-228.57,-447.14,100,2.8261,-317.8,0
433.14,26.674,-641,-339.44,23.068,-228.57,-447.14,100,3.1304,-336.22,0
433.14,26.674,-641,-339.44,23.068,-228.57,-447.14,100,3.4348,-364.4,0
433.14,26.674,-641,-339.44,23.068,-228.57,-447.14,100,3.7391,-407.86,0
433.14,26.674,-641,-339.44,23.068,-228.57,-447.14,100,4.0435,-478.66,0
433.14,26.674,-641,-339.44,23.068,-228.57,-447.14,100,4.3478,-608.94,0
433.14,26.674,-641,-339.44,23.068,-228.57,-447.14,100,4.6522,-921.38,0
433.14,26.674,-641,-339.44,23.068,-228.57,-447.14,100,4.9565,-Inf,0
433.14,26.674,-641,-339.44,23.068,-228.57,-447.14,100,5.2609,-Inf,0
433.14,26.674,-641,-339.44,23.068,-228.57,-447.14,100,5.5652,-Inf,0
433.14,26.674,-641,-339.44,23.068,-228.57,-447.14,100,5.8696,-Inf,0
433.14,26.674,-641,-339.44,23.068,-228.57,-447.14,100,6.1739,-Inf,0
433.14,26.674,-641,-339.44,23.068,-228.57,-447.14,100,6.4783,-Inf,0
433.14,26.674,-641,-339.44,23.068,-228.57,-447.14,100,6.7826,-Inf,0
433.14,26.674,-641,-339.44,23.068,-228.57,-447.14,100,7.087,-3371.4,0
433.14,26.674,-641,-339.44,23.068,-228.57,-447.14,100,7.3913,-Inf,0
433.14,26.674,-641,-339.44,23.068,-228.57,-447.14,100,7.6957,-Inf,0
433.14,26.674,-641,-339.44,23.068,-228.57,-447.14,100,8,-Inf,0
461.52,25.687,-641,-339.44,23.068,-228.57,-447.14,200,1,-341.86,0
461.52,25.687,-641,-339.44,23.068,-228.57,-447.14,200,1.3043,-326.13,0
461.52,25.687,-641,-339.44,23.068,-228.57,-447.14,200,1.6087,-314.95,0
461.52,25.687,-641,-339.44,23.068,-228.57,-447.14,200,1.913,-307.68,0
461.52,25.687,-641,-339.44,23.068,-228.57,-447.14,200,2.2174,-304.02,0
461.52,25.687,-641,-339.44,23.068,-228.57,-447.14,200,2.5217,-303.91,0
461.52,25.687,-641,-339.44,23.068,-228.57,-447.14,200,2.8261,-307.59,0
461.52,25.687,-641,-339.44,23.068,-228.57,-447.14,200,3.1304,-315.66,0
461.52,25.687,-641,-339.44,23.068,-228.57,-447.14,200,3.4348,-329.35,0
461.52,25.687,-641,-339.44,23.068,-228.57,-447.14,200,3.7391,-350.95,0
461.52,25.687,-641,-339.44,23.068,-228.57,-447.14,200,4.0435,-385.02,0
461.52,25.687,-641,-339.44,23.068,-228.57,-447.14,200,4.3478,-441.78,0
461.52,25.687,-641,-339.44,23.068,-228.57,-447.14,200,4.6522,-549.34,0
461.52,25.687,-641,-339.44,23.068,-228.57,-447.14,200,4.9565,-821.5,0
461.52,25.687,-641,-339.44,23.068,-228.57,-447.14,200,5.2609,-Inf,0
461.52,25.687,-641,-339.44,23.068,-228.57,-447.14,200,5.5652,-Inf,0
461.52,25.687,-641,-339.44,23.068,-228.57,-447.14,200,5.8696,-Inf,0
461.52,25.687,-641,-339.44,23.068,-228.57,-447.14,200,6.1739,-Inf,0
461.52,25.687,-641,-339.44,23.068,-228.57,-447.14,200,6.4783,-Inf,0
461.52,25.687,-641,-339.44,23.068,-228.57,-447.14,200,6.7826,-Inf,0
461.52,25.687,-641,-339.44,23.068,-228.57,-447.14,200,7.087,-Inf,0
461.52,25.687,-641,-339.44,23.068,-228.57,-447.14,200,7.3913,-2391.7,0
461.52,25.687,-641,-339.44,23.068,-228.57,-447.14,200,7.6957,-Inf,0
461.52,25.687,-641,-339.44,23.068,-228.57,-447.14,200,8,-Inf,0
508.32,27.074,-641,-339.44,23.068,-228.57,-447.14,300,1,-392.14,0
508.32,27.074,-641,-339.44,23.068,-228.57,-447.14,300,1.3043,-366.96,0
508.32,27.074,-641,-339.44,23.068,-228.57,-447.14,300,1.6087,-347.96,0
508.32,27.074,-641,-339.44,23.068,-228.57,-447.14,300,1.913,-333.85,0
508.32,27.074,-641,-339.44,23.068,-228.57,-447.14,300,2.2174,-323.79,0
508.32,27.074,-641,-339.44,23.068,-228.57,-447.14,300,2.5217,-317.26,0
508.32,27.074,-641,-339.44,23.068,-228.57,-447.14,300,2.8261,-314.02,0
508.32,27.074,-641,-339.44,23.068,-228.57,-447.14,300,3.1304,-314.09,0
508.32,27.074,-641,-339.44,23.068,-228.57,-447.14,300,3.4348,-317.79,0
508.32,27.074,-641,-339.44,23.068,-228.57,-447.14,300,3.7391,-325.86,0
508.32,27.074,-641,-339.44,23.068,-228.57,-447.14,300,4.0435,-339.81,0
508.32,27.074,-641,-339.44,23.068,-228.57,-447.14,300,4.3478,-362.58,0
508.32,27.074,-641,-339.44,23.068,-228.57,-447.14,300,4.6522,-400.59,0
508.32,27.074,-641,-339.44,23.068,-228.57,-447.14,300,4.9565,-470.3,0
508.32,27.074,-641,-339.44,23.068,-228.57,-447.14,300,5.2609,-629.18,0
508.32,27.074,-641,-339.44,23.068,-228.57,-447.14,300,5.5652,-1273.4,0
508.32,27.074,-641,-339.44,23.068,-228.57,-447.14,300,5.8696,-Inf,0
508.32,27.074,-641,-339.44,23.068,-228.57,-447.14,300,6.1739,-Inf,0
508.32,27.074,-641,-339.44,23.068,-228.57,-447.14,300,6.4783,-Inf,0
508.32,27.074,-641,-339.44,23.068,-228.57,-447.14,300,6.7826,-Inf,0
508.32,27.074,-641,-339.44,23.068,-228.57,-447.14,300,7.087,-Inf,0
508.32,27.074,-641,-339.44,23.068,-228.57,-447.14,300,7.3913,-Inf,0
508.32,27.074,-641,-339.44,23.068,-228.57,-447.14,300,7.6957,-Inf,0
508.32,27.074,-641,-339.44,23.068,-228.57,-447.14,300,8,-2005,0
524.26,34.097,-641,-339.44,23.068,-228.57,-358.93,-300,1,-263.5,0
524.26,34.097,-641,-339.44,23.068,-228.57,-358.93,-300,1.3043,-264.78,0
524.26,34.097,-641,-339.44,23.068,-228.57,-358.93,-300,1.6087,-275.3,0
524.26,34.097,-641,-339.44,23.068,-228.57,-358.93,-300,1.913,-296.1,0
524.26,34.097,-641,-339.44,23.068,-228.57,-358.93,-300,2.2174,-329.23,0
524.26,34.097,-641,-339.44,23.068,-228.57,-358.93,-300,2.5217,-378.3,0
524.26,34.097,-641,-339.44,23.068,-228.57,-358.93,-300,2.8261,-449.68,0
524.26,34.097,-641,-339.44,23.068,-228.57,-358.93,-300,3.1304,-555.29,0
524.26,34.097,-641,-339.44,23.068,-228.57,-358.93,-300,3.4348,-719.8,0
524.26,34.097,-641,-339.44,23.068,-228.57,-358.93,-300,3.7391,-1003.9,0
524.26,34.097,-641,-339.44,23.068,-228.57,-358.93,-300,4.0435,-1609.4,0
524.26,34.097,-641,-339.44,23.068,-228.57,-358.93,-300,4.3478,-Inf,0
524.26,34.097,-641,-339.44,23.068,-228.57,-358.93,-300,4.6522,-Inf,0
524.26,34.097,-641,-339.44,23.068,-228.57,-358.93,-300,4.9565,-Inf,0
524.26,34.097,-641,-339.44,23.068,-228.57,-358.93,-300,5.2609,-Inf,0
524.26,34.097,-641,-339.44,23.068,-228.57,-358.93,-300,5.5652,-Inf,0
524.26,34.097,-641,-339.44,23.068,-228.57,-358.93,-300,5.8696,-Inf,0
524.26,34.097,-641,-339.44,23.068,-228.57,-358.93,-300,6.1739,-Inf,0
524.26,34.097,-641,-339.44,23.068,-228.57,-358.93,-300,6.4783,-Inf,0
524.26,34.097,-641,-339.44,23.068,-228.57,-358.93,-300,6.7826,-Inf,0
524.26,34.097,-641,-339.44,23.068,-228.57,-358.93,-300,7.087,-Inf,0
524.26,34.097,-641,-339.44,23.068,-228.57,-358.93,-300,7.3913,-Inf,0
524.26,34.097,-641,-339.44,23.068,-228.57,-358.93,-300,7.6957,-Inf,0
524.26,34.097,-641,-339.44,23.068,-228.57,-358.93,-300,8,-Inf,0
469.29,32.048,-641,-339.44,23.068,-228.57,-358.93,-200,1,-264.86,0
469.29,32.048,-641,-339.44,23.068,-228.57,-358.93,-200,1.3043,-262.71,0
469.29,32.048,-641,-339.44,23.068,-228.57,-358.93,-200,1.6087,-267.65,0
469.29,32.048,-641,-339.44,23.068,-228.57,-358.93,-200,1.913,-280.28,0
469.29,32.048,-641,-339.44,23.068,-228.57,-358.93,-200,2.2174,-301.86,0
469.29,32.048,-641,-339.44,23.068,-228.57,-358.93,-200,2.5217,-334.7,0
469.29,32.048,-641,-339.44,23.068,-228.57,-358.93,-200,2.8261,-382.9,0
469.29,32.048,-641,-339.44,23.068,-228.57,-358.93,-200,3.1304,-453.95,0
469.29,32.048,-641,-339.44,23.068,-228.57,-358.93,-200,3.4348,-562.89,0
469.29,32.048,-641,-339.44,23.068,-228.57,-358.93,-200,3.7391,-744.72,0
469.29,32.048,-641,-339.44,23.068,-228.57,-358.93,-200,4.0435,-1104.2,0
469.29,32.048,-641,-339.44,23.068,-228.57,-358.93,-200,4.3478,-Inf,0
469.29,32.048,-641,-339.44,23.068,-228.57,-358.93,-200,4.6522,-Inf,0
469.29,32.048,-641,-339.44,23.068,-228.57,-358.93,-200,4.9565,-Inf,0
469.29,32.048,-641,-339.44,23.068,-228.57,-358.93,-200,5.2609,-Inf,0
469.29,32.048,-641,-339.44,23.068,-228.57,-358.93,-200,5.5652,-Inf,0
469.29,32.048,-641,-339.44,23.068,-228.57,-358.93,-200,5.8696,-Inf,0
469.29,32.048,-641,-339.44,23.068,-228.57,-358.93,-200,6.1739,-Inf,0
469.29,32.048,-641,-339.44,23.068,-228.57,-358.93,-200,6.4783,-Inf,0
469.29,32.048,-641,-339.44,23.068,-228.57,-358.93,-200,6.7826,-Inf,0
469.29,32.048,-641,-339.44,23.068,-228.57,-358.93,-200,7.087,-Inf,0
469.29,32.048,-641,-339.44,23.068,-228.57,-358.93,-200,7.3913,-Inf,0
469.29,32.048,-641,-339.44,23.068,-228.57,-358.93,-200,7.6957,-Inf,0
469.29,32.048,-641,-339.44,23.068,-228.57,-358.93,-200,8,-Inf,0
430.83,29.561,-641,-339.44,23.068,-228.57,-358.93,-100,1,-267.46,0
430.83,29.561,-641,-339.44,23.068,-228.57,-358.93,-100,1.3043,-262.7,0
430.83,29.561,-641,-339.44,23.068,-228.57,-358.93,-100,1.6087,-263.36,0
430.83,29.561,-641,-339.44,23.068,-228.57,-358.93,-100,1.913,-269.66,0
430.83,29.561,-641,-339.44,23.068,-228.57,-358.93,-100,2.2174,-282.31,0
430.83,29.561,-641,-339.44,23.068,-228.57,-358.93,-100,2.5217,-302.65,0
430.83,29.561,-641,-339.44,23.068,-228.57,-358.93,-100,2.8261,-333.13,0
430.83,29.561,-641,-339.44,23.068,-228.57,-358.93,-100,3.1304,-378.15,0
430.83,29.561,-641,-339.44,23.068,-228.57,-358.93,-100,3.4348,-446.23,0
430.83,29.561,-641,-339.44,23.068,-228.57,-358.93,-100,3.7391,-556.07,0
430.83,29.561,-641,-339.44,23.068,-228.57,-358.93,-100,4.0435,-758.01,0
430.83,29.561,-641,-339.44,23.068,-228.57,-358.93,-100,4.3478,-1250.1,0
430.83,29.561,-641,-339.44,23.068,-228.57,-358.93,-100,4.6522,-Inf,0
430.83,29.561,-641,-339.44,23.068,-228.57,-358.93,-100,4.9565,-Inf,0
430.83,29.561,-641,-339.44,23.068,-228.57,-358.93,-100,5.2609,-Inf,0
430.83,29.561,-641,-339.44,23.068,-228.57,-358.93,-100,5.5652,-Inf,0
430.83,29.561,-641,-339.44,23.068,-228.57,-358.93,-100,5.8696,-Inf,0
430.83,29.561,-641,-339.44,23.068,-228.57,-358.93,-100,6.1739,-Inf,0
430.83,29.561,-641,-339.44,23.068,-228.57,-358.93,-100,6.4783,-Inf,0
430.83,29.561,-641,-339.44,23.068,-228.57,-358.93,-100,6.7826,-Inf,0
430.83,29.561,-641,-339.44,23.068,-228.57,-358.93,-100,7.087,-Inf,0
430.83,29.561,-641,-339.44,23.068,-228.57,-358.93,-100,7.3913,-Inf,0
430.83,29.561,-641,-339.44,23.068,-228.57,-358.93,-100,7.6957,-Inf,0
430.83,29.561,-641,-339.44,23.068,-228.57,-358.93,-100,8,-Inf,0
413.53,26.544,-641,-339.44,23.068,-228.57,-358.93,0,1,-271.53,0
413.53,26.544,-641,-339.44,23.068,-228.57,-358.93,0,1.3043,-264.8,0
413.53,26.544,-641,-339.44,23.068,-228.57,-358.93,0,1.6087,-262.23,0
413.53,26.544,-641,-339.44,23.068,-228.57,-358.93,0,1.913,-263.8,0
413.53,26.544,-641,-339.44,23.068,-228.57,-358.93,0,2.2174,-269.79,0
413.53,26.544,-641,-339.44,23.068,-228.57,-358.93,0,2.5217,-280.89,0
413.53,26.544,-641,-339.44,23.068,-228.57,-358.93,0,2.8261,-298.42,0
413.53,26.544,-641,-339.44,23.068,-228.57,-358.93,0,3.1304,-324.72,0
413.53,26.544,-641,-339.44,23.068,-228.57,-358.93,0,3.4348,-364.23,0
413.53,26.544,-641,-339.44,23.068,-228.57,-358.93,0,3.7391,-426.04,0
413.53,26.544,-641,-339.44,23.068,-228.57,-358.93,0,4.0435,-532.19,0
413.53,26.544,-641,-339.44,23.068,-228.57,-358.93,0,4.3478,-752.89,0
413.53,26.544,-641,-339.44,23.068,-228.57,-358.93,0,4.6522,-1488.6,0
413.53,26.544,-641,-339.44,23.068,-228.57,-358.93,0,4.9565,-Inf,0
413.53,26.544,-641,-339.44,23.068,-228.57,-358.93,0,5.2609,-Inf,0
413.53,26.544,-641,-339.44,23.068,-228.57,-358.93,0,5.5652,-Inf,0
413.53,26.544,-641,-339.44,23.068,-228.57,-358.93,0,5.8696,-Inf,0
413.53,26.544,-641,-339.44,23.068,-228.57,-358.93,0,6.1739,-Inf,0
413.53,26.544,-641,-339.44,23.068,-228.57,-358.93,0,6.4783,-Inf,0
413.53,26.544,-641,-339.44,23.068,-228.57,-358.93,0,6.7826,-3639.7,0
413.53,26.544,-641,-339.44,23.068,-228.57,-358.93,0,7.087,-Inf,0
413.53,26.544,-641,-339.44,23.068,-228.57,-358.93,0,7.3913,-Inf,0
413.53,26.544,-641,-339.44,23.068,-228.57,-358.93,0,7.6957,-Inf,0
413.53,26.544,-641,-339.44,23.068,-228.57,-358.93,0,8,-Inf,0
419.99,22.988,-641,-339.44,23.068,-228.57,-358.93,100,1,-277.78,0
419.99,22.988,-641,-339.44,23.068,-228.57,-358.93,100,1.3043,-269.38,0
419.99,22.988,-641,-339.44,23.068,-228.57,-358.93,100,1.6087,-264.32,0
419.99,22.988,-641,-339.44,23.068,-228.57,-358.93,100,1.913,-262.37,0
419.99,22.988,-641,-339.44,23.068,-228.57,-358.93,100,2.2174,-263.55,0
419.99,22.988,-641,-339.44,23.068,-228.57,-358.93,100,2.5217,-268.09,0
419.99,22.988,-641,-339.44,23.068,-228.57,-358.93,100,2.8261,-276.59,0
419.99,22.988,-641,-339.44,23.068,-228.57,-358.93,100,3.1304,-290.16,0
419.99,22.988,-641,-339.44,23.068,-228.57,-358.93,100,3.4348,-310.81,0
419.99,22.988,-641,-339.44,23.068,-228.57,-358.93,100,3.7391,-342.52,0
419.99,22.988,-641,-339.44,23.068,-228.57,-358.93,100,4.0435,-393.88,0
419.99,22.988,-641,-339.44,23.068,-228.57,-358.93,100,4.3478,-487.53,0
419.99,22.988,-641,-339.44,23.068,-228.57,-358.93,100,4.6522,-707.96,0
419.99,22.988,-641,-339.44,23.068,-228.57,-358.93,100,4.9565,-Inf,0
419.99,22.988,-641,-339.44,23.068,-228.57,-358.93,100,5.2609,-Inf,0
419.99,22.988,-641,-339.44,23.068,-228.57,-358.93,100,5.5652,-Inf,0
419.99,22.988,-641,-339.44,23.068,-228.57,-358.93,100,5.8696,-Inf,0
419.99,22.988,-641,-339.44,23.068,-228.57,-358.93,100,6.1739,-Inf,0
419.99,22.988,-641,-339.44,23.068,-228.57,-358.93,100,6.4783,-Inf,0
419.99,22.988,-641,-339.44,23.068,-228.57,-358.93,100,6.7826,-Inf,0
419.99,22.988,-641,-339.44,23.068,-228.57,-358.93,100,7.087,-2674.1,0
419.99,22.988,-641,-339.44,23.068,-228.57,-358.93,100,7.3913,-Inf,0
419.99,22.988,-641,-339.44,23.068,-228.57,-358.93,100,7.6957,-Inf,0
419.99,22.988,-641,-339.44,23.068,-228.57,-358.93,100,8,-Inf,0
449.2,19.335,-641,-339.44,23.068,-228.57,-358.93,200,1,-288.31,0
449.2,19.335,-641,-339.44,23.068,-228.57,-358.93,200,1.3043,-277.89,0
449.2,19.335,-641,-339.44,23.068,-228.57,-358.93,200,1.6087,-270.49,0
449.2,19.335,-641,-339.44,23.068,-228.57,-358.93,200,1.913,-265.69,0
449.2,19.335,-641,-339.44,23.068,-228.57,-358.93,200,2.2174,-263.28,0
449.2,19.335,-641,-339.44,23.068,-228.57,-358.93,200,2.5217,-263.22,0
449.2,19.335,-641,-339.44,23.068,-228.57,-358.93,200,2.8261,-265.65,0
449.2,19.335,-641,-339.44,23.068,-228.57,-358.93,200,3.1304,-270.97,0
449.2,19.335,-641,-339.44,23.068,-228.57,-358.93,200,3.4348,-279.96,0
449.2,19.335,-641,-339.44,23.068,-228.57,-358.93,200,3.7391,-294.09,0
449.2,19.335,-641,-339.44,23.068,-228.57,-358.93,200,4.0435,-316.29,0
449.2,19.335,-641,-339.44,23.068,-228.57,-358.93,200,4.3478,-353.04,0
449.2,19.335,-641,-339.44,23.068,-228.57,-358.93,200,4.6522,-421.99,0
449.2,19.335,-641,-339.44,23.068,-228.57,-358.93,200,4.9565,-592.66,0
449.2,19.335,-641,-339.44,23.068,-228.57,-358.93,200,5.2609,-Inf,0
449.2,19.335,-641,-339.44,23.068,-228.57,-358.93,200,5.5652,-Inf,0
449.2,19.335,-641,-339.44,23.068,-228.57,-358.93,200,5.8696,-Inf,0
449.2,19.335,-641,-339.44,23.068,-228.57,-358.93,200,6.1739,-Inf,0
449.2,19.335,-641,-339.44,23.068,-228.57,-358.93,200,6.4783,-Inf,0
449.2,19.335,-641,-339.44,23.068,-228.57,-358.93,200,6.7826,-Inf,0
449.2,19.335,-641,-339.44,23.068,-228.57,-358.93,200,7.087,-Inf,0
449.2,19.335,-641,-339.44,23.068,-228.57,-358.93,200,7.3913,-1758.3,0
449.2,19.335,-641,-339.44,23.068,-228.57,-358.93,200,7.6957,-Inf,0
449.2,19.335,-641,-339.44,23.068,-228.57,-358.93,200,8,-Inf,0
497.16,17.711,-641,-339.44,23.068,-228.57,-358.93,300,1,-310.23,0
497.16,17.711,-641,-339.44,23.068,-228.57,-358.93,300,1.3043,-295.63,0
497.16,17.711,-641,-339.44,23.068,-228.57,-358.93,300,1.6087,-284.6,0
497.16,17.711,-641,-339.44,23.068,-228.57,-358.93,300,1.913,-276.4,0
497.16,17.711,-641,-339.44,23.068,-228.57,-358.93,300,2.2174,-270.52,0
497.16,17.711,-641,-339.44,23.068,-228.57,-358.93,300,2.5217,-266.68,0
497.16,17.711,-641,-339.44,23.068,-228.57,-358.93,300,2.8261,-264.73,0
497.16,17.711,-641,-339.44,23.068,-228.57,-358.93,300,3.1304,-264.66,0
497.16,17.711,-641,-339.44,23.068,-228.57,-358.93,300,3.4348,-266.64,0
497.16,17.711,-641,-339.44,23.068,-228.57,-358.93,300,3.7391,-271.08,0
497.16,17.711,-641,-339.44,23.068,-228.57,-358.93,300,4.0435,-278.8,0
497.16,17.711,-641,-339.44,23.068,-228.57,-358.93,300,4.3478,-291.4,0
497.16,17.711,-641,-339.44,23.068,-228.57,-358.93,300,4.6522,-312.39,0
497.16,17.711,-641,-339.44,23.068,-228.57,-358.93,300,4.9565,-350.62,0
497.16,17.711,-641,-339.44,23.068,-228.57,-358.93,300,5.2609,-436.45,0
497.16,17.711,-641,-339.44,23.068,-228.57,-358.93,300,5.5652,-767.54,0
497.16,17.711,-641,-339.44,23.068,-228.57,-358.93,300,5.8696,-Inf,0
497.16,17.711,-641,-339.44,23.068,-228.57,-358.93,300,6.1739,-2398.7,0
497.16,17.711,-641,-339.44,23.068,-228.57,-358.93,300,6.4783,-Inf,0
497.16,17.711,-641,-339.44,23.068,-228.57,-358.93,300,6.7826,-Inf,0
497.16,17.711,-641,-339.44,23.068,-228.57,-358.93,300,7.087,-Inf,0
497.16,17.711,-641,-339.44,23.068,-228.57,-358.93,300,7.3913,-Inf,0
497.16,17.711,-641,-339.44,23.068,-228.57,-358.93,300,7.6957,-1431.7,0
497.16,17.711,-641,-339.44,23.068,-228.57,-358.93,300,8,-1324.3,0
528.38,34.725,-641,-339.44,23.068,-228.57,-270.71,-300,1,-245.88,0
528.38,34.725,-641,-339.44,23.068,-228.57,-270.71,-300,1.3043,-247.43,0
528.38,34.725,-641,-339.44,23.068,-228.57,-270.71,-300,1.6087,-257.54,0
528.38,34.725,-641,-339.44,23.068,-228.57,-270.71,-300,1.913,-277.19,0
528.38,34.725,-641,-339.44,23.068,-228.57,-270.71,-300,2.2174,-308.28,0
528.38,34.725,-641,-339.44,23.068,-228.57,-270.71,-300,2.5217,-354.15,0
528.38,34.725,-641,-339.44,23.068,-228.57,-270.71,-300,2.8261,-420.67,0
528.38,34.725,-641,-339.44,23.068,-228.57,-270.71,-300,3.1304,-518.82,0
528.38,34.725,-641,-339.44,23.068,-228.57,-270.71,-300,3.4348,-671.2,0
528.38,34.725,-641,-339.44,23.068,-228.57,-270.71,-300,3.7391,-933.17,0
528.38,34.725,-641,-339.44,23.068,-228.57,-270.71,-300,4.0435,-1486.3,0
528.38,34.725,-641,-339.44,23.068,-228.57,-270.71,-300,4.3478,-Inf,0
528.38,34.725,-641,-339.44,23.068,-228.57,-270.71,-300,4.6522,-Inf,0
528.38,34.725,-641,-339.44,23.068,-228.57,-270.71,-300,4.9565,-Inf,0
528.38,34.725,-641,-339.44,23.068,-228.57,-270.71,-300,5.2609,-Inf,0
528.38,34.725,-641,-339.44,23.068,-228.57,-270.71,-300,5.5652,-Inf,0
528.38,34.725,-641,-339.44,23.068,-228.57,-270.71,-300,5.8696,-Inf,0
528.38,34.725,-641,-339.44,23.068,-228.57,-270.71,-300,6.1739,-Inf,0
528.38,34.725,-641,-339.44,23.068,-228.57,-270.71,-300,6.4783,-Inf,0
528.38,34.725,-641,-339.44,23.068,-228.57,-270.71,-300,6.7826,-Inf,0
528.38,34.725,-641,-339.44,23.068,-228.57,-270.71,-300,7.087,-Inf,0
528.38,34.725,-641,-339.44,23.068,-228.57,-270.71,-300,7.3913,-Inf,0
528.38,34.725,-641,-339.44,23.068,-228.57,-270.71,-300,7.6957,-Inf,0
528.38,34.725,-641,-339.44,23.068,-228.57,-270.71,-300,8,-Inf,0
473.89,32.561,-641,-339.44,23.068,-228.57,-270.71,-200,1,-247.37,0
473.89,32.561,-641,-339.44,23.068,-228.57,-270.71,-200,1.3043,-245.71,0
473.89,32.561,-641,-339.44,23.068,-228.57,-270.71,-200,1.6087,-250.5,0
473.89,32.561,-641,-339.44,23.068,-228.57,-270.71,-200,1.913,-262.28,0
473.89,32.561,-641,-339.44,23.068,-228.57,-270.71,-200,2.2174,-282.2,0
473.89,32.561,-641,-339.44,23.068,-228.57,-270.71,-200,2.5217,-312.37,0
473.89,32.561,-641,-339.44,23.068,-228.57,-270.71,-200,2.8261,-356.48,0
473.89,32.561,-641,-339.44,23.068,-228.57,-270.71,-200,3.1304,-421.29,0
473.89,32.561,-641,-339.44,23.068,-228.57,-270.71,-200,3.4348,-520.32,0
473.89,32.561,-641,-339.44,23.068,-228.57,-270.71,-200,3.7391,-684.84,0
473.89,32.561,-641,-339.44,23.068,-228.57,-270.71,-200,4.0435,-1007.4,0
473.89,32.561,-641,-339.44,23.068,-228.57,-270.71,-200,4.3478,-Inf,0
473.89,32.561,-641,-339.44,23.068,-228.57,-270.71,-200,4.6522,-Inf,0
473.89,32.561,-641,-339.44,23.068,-228.57,-270.71,-200,4.9565,-Inf,0
473.89,32.561,-641,-339.44,23.068,-228.57,-270.71,-200,5.2609,-Inf,0
473.89,32.561,-641,-339.44,23.068,-228.57,-270.71,-200,5.5652,-Inf,0
473.89,32.561,-641,-339.44,23.068,-228.57,-270.71,-200,5.8696,-Inf,0
473.89,32.561,-641,-339.44,23.068,-228.57,-270.71,-200,6.1739,-Inf,0
473.89,32.561,-641,-339.44,23.068,-228.57,-270.71,-200,6.4783,-Inf,0
473.89,32.561,-641,-339.44,23.068,-228.57,-270.71,-200,6.7826,-Inf,0
473.89,32.561,-641,-339.44,23.068,-228.57,-270.71,-200,7.087,-Inf,0
473.89,32.561,-641,-339.44,23.068,-228.57,-270.71,-200,7.3913,-Inf,0
473.89,32.561,-641,-339.44,23.068,-228.57,-270.71,-200,7.6957,-Inf,0
473.89,32.561,-641,-339.44,23.068,-228.57,-270.71,-200,8,-Inf,0
435.85,29.834,-641,-339.44,23.068,-228.57,-270.71,-100,1,-249.84,0
435.85,29.834,-641,-339.44,23.068,-228.57,-270.71,-100,1.3043,-245.87,0
435.85,29.834,-641,-339.44,23.068,-228.57,-270.71,-100,1.6087,-246.68,0
435.85,29.834,-641,-339.44,23.068,-228.57,-270.71,-100,1.913,-252.5,0
435.85,29.834,-641,-339.44,23.068,-228.57,-270.71,-100,2.2174,-263.93,0
435.85,29.834,-641,-339.44,23.068,-228.57,-270.71,-100,2.5217,-282.18,0
435.85,29.834,-641,-339.44,23.068,-228.57,-270.71,-100,2.8261,-309.38,0
435.85,29.834,-641,-339.44,23.068,-228.57,-270.71,-100,3.1304,-349.42,0
435.85,29.834,-641,-339.44,23.068,-228.57,-270.71,-100,3.4348,-409.73,0
435.85,29.834,-641,-339.44,23.068,-228.57,-270.71,-100,3.7391,-506.59,0
435.85,29.834,-641,-339.44,23.068,-228.57,-270.71,-100,4.0435,-683.35,0
435.85,29.834,-641,-339.44,23.068,-228.57,-270.71,-100,4.3478,-1107.3,0
435.85,29.834,-641,-339.44,23.068,-228.57,-270.71,-100,4.6522,-Inf,0
435.85,29.834,-641,-339.44,23.068,-228.57,-270.71,-100,4.9565,-Inf,0
435.85,29.834,-641,-339.44,23.068,-228.57,-270.71,-100,5.2609,-Inf,0
435.85,29.834,-641,-339.44,23.068,-228.57,-270.71,-100,5.5652,-Inf,0
435.85,29.834,-641,-339.44,23.068,-228.57,-270.71,-100,5.8696,-Inf,0
435.85,29.834,-641,-339.44,23.068,-228.57,-270.71,-100,6.1739,-Inf,0
435.85,29.834,-641,-339.44,23.068,-228.57,-270.71,-100,6.4783,-Inf,0
435.85,29.834,-641,-339.44,23.068,-228.57,-270.71,-100,6.7826,-Inf,0
435.85,29.834,-641,-339.44,23.068,-228.57,-270.71,-100,7.087,-Inf,0
435.85,29.834,-641,-339.44,23.068,-228.57,-270.71,-100,7.3913,-Inf,0
435.85,29.834,-641,-339.44,23.068,-228.57,-270.71,-100,7.6957,-Inf,0
435.85,29.834,-641,-339.44,23.068,-228.57,-270.71,-100,8,-Inf,0
418.75,26.312,-641,-339.44,23.068,-228.57,-270.71,0,1,-253.3,0
418.75,26.312,-641,-339.44,23.068,-228.57,-270.71,0,1.3043,-247.74,0
418.75,26.312,-641,-339.44,23.068,-228.57,-270.71,0,1.6087,-245.72,0
418.75,26.312,-641,-339.44,23.068,-228.57,-270.71,0,1.913,-247.22,0
418.75,26.312,-641,-339.44,23.068,-228.57,-270.71,0,2.2174,-252.5,0
418.75,26.312,-641,-339.44,23.068,-228.57,-270.71,0,2.5217,-262.14,0
418.75,26.312,-641,-339.44,23.068,-228.57,-270.71,0,2.8261,-277.24,0
418.75,26.312,-641,-339.44,23.068,-228.57,-270.71,0,3.1304,-299.8,0
418.75,26.312,-641,-339.44,23.068,-228.57,-270.71,0,3.4348,-333.54,0
418.75,26.312,-641,-339.44,23.068,-228.57,-270.71,0,3.7391,-386.07,0
418.75,26.312,-641,-339.44,23.068,-228.57,-270.71,0,4.0435,-475.69,0
418.75,26.312,-641,-339.44,23.068,-228.57,-270.71,0,4.3478,-659.83,0
418.75,26.312,-641,-339.44,23.068,-228.57,-270.71,0,4.6522,-1253.6,0
418.75,26.312,-641,-339.44,23.068,-228.57,-270.71,0,4.9565,-Inf,0
418.75,26.312,-641,-339.44,23.068,-228.57,-270.71,0,5.2609,-Inf,0
418.75,26.312,-641,-339.44,23.068,-228.57,-270.71,0,5.5652,-Inf,0
418.75,26.312,-641,-339.44,23.068,-228.57,-270.71,0,5.8696,-Inf,0
418.75,26.312,-641,-339.44,23.068,-228.57,-270.71,0,6.1739,-Inf,0
418.75,26.312,-641,-339.44,23.068,-228.57,-270.71,0,6.4783,-Inf,0
418.75,26.312,-641,-339.44,23.068,-228.57,-270.71,0,6.7826,-3301.3,0
418.75,26.312,-641,-339.44,23.068,-228.57,-270.71,0,7.087,-Inf,0
418.75,26.312,-641,-339.44,23.068,-228.57,-270.71,0,7.3913,-Inf,0
418.75,26.312,-641,-339.44,23.068,-228.57,-270.71,0,7.6957,-Inf,0
418.75,26.312,-641,-339.44,23.068,-228.57,-270.71,0,8,-Inf,0
425.13,21.652,-641,-339.44,23.068,-228.57,-270.71,100,1,-257.94,0
425.13,21.652,-641,-339.44,23.068,-228.57,-270.71,100,1.3043,-251.27,0
425.13,21.652,-641,-339.44,23.068,-228.57,-270.71,100,1.6087,-247.29,0
425.13,21.652,-641,-339.44,23.068,-228.57,-270.71,100,1.913,-245.82,0
425.13,21.652,-641,-339.44,23.068,-228.57,-270.71,100,2.2174,-246.88,0
425.13,21.652,-641,-339.44,23.068,-228.57,-270.71,100,2.5217,-250.65,0
425.13,21.652,-641,-339.44,23.068,-228.57,-270.71,100,2.8261,-257.61,0
425.13,21.652,-641,-339.44,23.068,-228.57,-270.71,100,3.1304,-268.63,0
425.13,21.652,-641,-339.44,23.068,-228.57,-270.71,100,3.4348,-285.33,0
425.13,21.652,-641,-339.44,23.068,-228.57,-270.71,100,3.7391,-310.83,0
425.13,21.652,-641,-339.44,23.068,-228.57,-270.71,100,4.0435,-351.9,0
425.13,21.652,-641,-339.44,23.068,-228.57,-270.71,100,4.3478,-426.13,0
425.13,21.652,-641,-339.44,23.068,-228.57,-270.71,100,4.6522,-597.73,0
425.13,21.652,-641,-339.44,23.068,-228.57,-270.71,100,4.9565,-Inf,0
425.13,21.652,-641,-339.44,23.068,-228.57,-270.71,100,5.2609,-Inf,0
425.13,21.652,-641,-339.44,23.068,-228.57,-270.71,100,5.5652,-Inf,0
425.13,21.652,-641,-339.44,23.068,-228.57,-270.71,100,5.8696,-Inf,0
425.13,21.652,-641,-339.44,23.068,-228.57,-270.71,100,6.1739,-Inf,0
425.13,21.652,-641,-339.44,23.068,-228.57,-270.71,100,6.4783,-Inf,0
425.13,21.652,-641,-339.44,23.068,-228.57,-270.71,100,6.7826,-Inf,0
425.13,21.652,-641,-339.44,23.068,-228.57,-270.71,100,7.087,-2328.2,0
425.13,21.652,-641,-339.44,23.068,-228.57,-270.71,100,7.3913,-Inf,0
425.13,21.652,-641,-339.44,23.068,-228.57,-270.71,100,7.6957,-Inf,0
425.13,21.652,-641,-339.44,23.068,-228.57,-270.71,100,8,-Inf,0
454.01,15.39,-641,-339.44,23.068,-228.57,-270.71,200,1,-264.55,0
454.01,15.39,-641,-339.44,23.068,-228.57,-270.71,200,1.3043,-256.85,0
454.01,15.39,-641,-339.44,23.068,-228.57,-270.71,200,1.6087,-251.39,0
454.01,15.39,-641,-339.44,23.068,-228.57,-270.71,200,1.913,-247.87,0
454.01,15.39,-641,-339.44,23.068,-228.57,-270.71,200,2.2174,-246.12,0
454.01,15.39,-641,-339.44,23.068,-228.57,-270.71,200,2.5217,-246.1,0
454.01,15.39,-641,-339.44,23.068,-228.57,-270.71,200,2.8261,-247.94,0
454.01,15.39,-641,-339.44,23.068,-228.57,-270.71,200,3.1304,-251.91,0
454.01,15.39,-641,-339.44,23.068,-228.57,-270.71,200,3.4348,-258.58,0
454.01,15.39,-641,-339.44,23.068,-228.57,-270.71,200,3.7391,-269.01,0
454.01,15.39,-641,-339.44,23.068,-228.57,-270.71,200,4.0435,-285.31,0
454.01,15.39,-641,-339.44,23.068,-228.57,-270.71,200,4.3478,-312.12,0
454.01,15.39,-641,-339.44,23.068,-228.57,-270.71,200,4.6522,-361.93,0
454.01,15.39,-641,-339.44,23.068,-228.57,-270.71,200,4.9565,-482.61,0
454.01,15.39,-641,-339.44,23.068,-228.57,-270.71,200,5.2609,-1113,0
454.01,15.39,-641,-339.44,23.068,-228.57,-270.71,200,5.5652,-Inf,0
454.01,15.39,-641,-339.44,23.068,-228.57,-270.71,200,5.8696,-Inf,0
454.01,15.39,-641,-339.44,23.068,-228.57,-270.71,200,6.1739,-Inf,0
454.01,15.39,-641,-339.44,23.068,-228.57,-270.71,200,6.4783,-Inf,0
454.01,15.39,-641,-339.44,23.068,-228.57,-270.71,200,6.7826,-Inf,0
454.01,15.39,-641,-339.44,23.068,-228.57,-270.71,200,7.087,-Inf,0
454.01,15.39,-641,-339.44,23.068,-228.57,-270.71,200,7.3913,-1447.2,0
454.01,15.39,-641,-339.44,23.068,-228.57,-270.71,200,7.6957,-2452.1,0
454.01,15.39,-641,-339.44,23.068,-228.57,-270.71,200,8,-Inf,0
501.51,7.7271,-641,-339.44,23.068,-228.57,-270.71,300,1,-276.17,0
501.51,7.7271,-641,-339.44,23.068,-228.57,-270.71,300,1.3043,-266.54,0
501.51,7.7271,-641,-339.44,23.068,-228.57,-270.71,300,1.6087,-259.25,0
501.51,7.7271,-641,-339.44,23.068,-228.57,-270.71,300,1.913,-253.83,0
501.51,7.7271,-641,-339.44,23.068,-228.57,-270.71,300,2.2174,-249.93,0
501.51,7.7271,-641,-339.44,23.068,-228.57,-270.71,300,2.5217,-247.38,0
501.51,7.7271,-641,-339.44,23.068,-228.57,-270.71,300,2.8261,-246.05,0
501.51,7.7271,-641,-339.44,23.068,-228.57,-270.71,300,3.1304,-245.96,0
501.51,7.7271,-641,-339.44,23.068,-228.57,-270.71,300,3.4348,-247.19,0
501.51,7.7271,-641,-339.44,23.068,-228.57,-270.71,300,3.7391,-250.01,0
501.51,7.7271,-641,-339.44,23.068,-228.57,-270.71,300,4.0435,-254.92,0
501.51,7.7271,-641,-339.44,23.068,-228.57,-270.71,300,4.3478,-262.93,0
501.51,7.7271,-641,-339.44,23.068,-228.57,-270.71,300,4.6522,-276.22,0
501.51,7.7271,-641,-339.44,23.068,-228.57,-270.71,300,4.9565,-300.26,0
501.51,7.7271,-641,-339.44,23.068,-228.57,-270.71,300,5.2609,-353.47,0
501.51,7.7271,-641,-339.44,23.068,-228.57,-270.71,300,5.5652,-549.48,0
501.51,7.7271,-641,-339.44,23.068,-228.57,-270.71,300,5.8696,-Inf,0
501.51,7.7271,-641,-339.44,23.068,-228.57,-270.71,300,6.1739,-1771.3,0
501.51,7.7271,-641,-339.44,23.068,-228.57,-270.71,300,6.4783,-Inf,0
501.51,7.7271,-641,-339.44,23.068,-228.57,-270.71,300,6.7826,-1516.1,0
501.51,7.7271,-641,-339.44,23.068,-228.57,-270.71,300,7.087,-Inf,0
501.51,7.7271,-641,-339.44,23.068,-228.57,-270.71,300,7.3913,-Inf,0
501.51,7.7271,-641,-339.44,23.068,-228.57,-270.71,300,7.6957,-1107.3,0
501.51,7.7271,-641,-339.44,23.068,-228.57,-270.71,300,8,-1005.9,0
546.9,36.129,-641,-339.44,23.068,-228.57,-182.5,-300,1,-240.92,0
546.9,36.129,-641,-339.44,23.068,-228.57,-182.5,-300,1.3043,-242.8,0
546.9,36.129,-641,-339.44,23.068,-228.57,-182.5,-300,1.6087,-252.99,0
546.9,36.129,-641,-339.44,23.068,-228.57,-182.5,-300,1.913,-272.42,0
546.9,36.129,-641,-339.44,23.068,-228.57,-182.5,-300,2.2174,-302.96,0
546.9,36.129,-641,-339.44,23.068,-228.57,-182.5,-300,2.5217,-347.84,0
546.9,36.129,-641,-339.44,23.068,-228.57,-182.5,-300,2.8261,-412.75,0
546.9,36.129,-641,-339.44,23.068,-228.57,-182.5,-300,3.1304,-508.24,0
546.9,36.129,-641,-339.44,23.068,-228.57,-182.5,-300,3.4348,-656.04,0
546.9,36.129,-641,-339.44,23.068,-228.57,-182.5,-300,3.7391,-908.97,0
546.9,36.129,-641,-339.44,23.068,-228.57,-182.5,-300,4.0435,-1438.4,0
546.9,36.129,-641,-339.44,23.068,-228.57,-182.5,-300,4.3478,-Inf,0
546.9,36.129,-641,-339.44,23.068,-228.57,-182.5,-300,4.6522,-Inf,0
546.9,36.129,-641,-339.44,23.068,-228.57,-182.5,-300,4.9565,-Inf,0
546.9,36.129,-641,-339.44,23.068,-228.57,-182.5,-300,5.2609,-Inf,0
546.9,36.129,-641,-339.44,23.068,-228.57,-182.5,-300,5.5652,-Inf,0
546.9,36.129,-641,-339.44,23.068,-228.57,-182.5,-300,5.8696,-Inf,0
546.9,36.129,-641,-339.44,23.068,-228.57,-182.5,-300,6.1739,-Inf,0
546.9,36.129,-641,-339.44,23.068,-228.57,-182.5,-300,6.4783,-Inf,0
546.9,36.129,-641,-339.44,23.068,-228.57,-182.5,-300,6.7826,-Inf,0
546.9,36.129,-641,-339.44,23.068,-228.57,-182.5,-300,7.087,-Inf,0
546.9,36.129,-641,-339.44,23.068,-228.57,-182.5,-300,7.3913,-Inf,0
546.9,36.129,-641,-339.44,23.068,-228.57,-182.5,-300,7.6957,-Inf,0
546.9,36.129,-641,-339.44,23.068,-228.57,-182.5,-300,8,-Inf,0
494.45,34.124,-641,-339.44,23.068,-228.57,-182.5,-200,1,-242.41,0
494.45,34.124,-641,-339.44,23.068,-228.57,-182.5,-200,1.3043,-241.13,0
494.45,34.124,-641,-339.44,23.068,-228.57,-182.5,-200,1.6087,-246.05,0
494.45,34.124,-641,-339.44,23.068,-228.57,-182.5,-200,1.913,-257.7,0
494.45,34.124,-641,-339.44,23.068,-228.57,-182.5,-200,2.2174,-277.18,0
494.45,34.124,-641,-339.44,23.068,-228.57,-182.5,-200,2.5217,-306.53,0
494.45,34.124,-641,-339.44,23.068,-228.57,-182.5,-200,2.8261,-349.28,0
494.45,34.124,-641,-339.44,23.068,-228.57,-182.5,-200,3.1304,-411.89,0
494.45,34.124,-641,-339.44,23.068,-228.57,-182.5,-200,3.4348,-507.25,0
494.45,34.124,-641,-339.44,23.068,-228.57,-182.5,-200,3.7391,-664.94,0
494.45,34.124,-641,-339.44,23.068,-228.57,-182.5,-200,4.0435,-971.74,0
494.45,34.124,-641,-339.44,23.068,-228.57,-182.5,-200,4.3478,-1836.9,0
494.45,34.124,-641,-339.44,23.068,-228.57,-182.5,-200,4.6522,-Inf,0
494.45,34.124,-641,-339.44,23.068,-228.57,-182.5,-200,4.9565,-Inf,0
494.45,34.124,-641,-339.44,23.068,-228.57,-182.5,-200,5.2609,-Inf,0
494.45,34.124,-641,-339.44,23.068,-228.57,-182.5,-200,5.5652,-Inf,0
494.45,34.124,-641,-339.44,23.068,-228.57,-182.5,-200,5.8696,-Inf,0
494.45,34.124,-641,-339.44,23.068,-228.57,-182.5,-200,6.1739,-Inf,0
494.45,34.124,-641,-339.44,23.068,-228.57,-182.5,-200,6.4783,-Inf,0
494.45,34.124,-641,-339.44,23.068,-228.57,-182.5,-200,6.7826,-Inf,0
494.45,34.124,-641,-339.44,23.068,-228.57,-182.5,-200,7.087,-Inf,0
494.45,34.124,-641,-339.44,23.068,-228.57,-182.5,-200,7.3913,-Inf,0
494.45,34.124,-641,-339.44,23.068,-228.57,-182.5,-200,7.6957,-Inf,0
494.45,34.124,-641,-339.44,23.068,-228.57,-182.5,-200,8,-Inf,0
458.11,31.589,-641,-339.44,23.068,-228.57,-182.5,-100,1,-244.84,0
458.11,31.589,-641,-339.44,23.068,-228.57,-182.5,-100,1.3043,-241.32,0
458.11,31.589,-641,-339.44,23.068,-228.57,-182.5,-100,1.6087,-242.34,0
458.11,31.589,-641,-339.44,23.068,-228.57,-182.5,-100,1.913,-248.12,0
458.11,31.589,-641,-339.44,23.068,-228.57,-182.5,-100,2.2174,-259.25,0
458.11,31.589,-641,-339.44,23.068,-228.57,-182.5,-100,2.5217,-276.87,0
458.11,31.589,-641,-339.44,23.068,-228.57,-182.5,-100,2.8261,-303,0
458.11,31.589,-641,-339.44,23.068,-228.57,-182.5,-100,3.1304,-341.3,0
458.11,31.589,-641,-339.44,23.068,-228.57,-182.5,-100,3.4348,-398.79,0
458.11,31.589,-641,-339.44,23.068,-228.57,-182.5,-100,3.7391,-490.69,0
458.11,31.589,-641,-339.44,23.068,-228.57,-182.5,-100,4.0435,-657.23,0
458.11,31.589,-641,-339.44,23.068,-228.57,-182.5,-100,4.3478,-1050.6,0
458.11,31.589,-641,-339.44,23.068,-228.57,-182.5,-100,4.6522,-Inf,0
458.11,31.589,-641,-339.44,23.068,-228.57,-182.5,-100,4.9565,-Inf,0
458.11,31.589,-641,-339.44,23.068,-228.57,-182.5,-100,5.2609,-Inf,0
458.11,31.589,-641,-339.44,23.068,-228.57,-182.5,-100,5.5652,-Inf,0
458.11,31.589,-641,-339.44,23.068,-228.57,-182.5,-100,5.8696,-Inf,0
458.11,31.589,-641,-339.44,23.068,-228.57,-182.5,-100,6.1739,-Inf,0
458.11,31.589,-641,-339.44,23.068,-228.57,-182.5,-100,6.4783,-Inf,0
458.11,31.589,-641,-339.44,23.068,-228.57,-182.5,-100,6.7826,-Inf,0
458.11,31.589,-641,-339.44,23.068,-228.57,-182.5,-100,7.087,-Inf,0
458.11,31.589,-641,-339.44,23.068,-228.57,-182.5,-100,7.3913,-Inf,0
458.11,31.589,-641,-339.44,23.068,-228.57,-182.5,-100,7.6957,-Inf,0
458.11,31.589,-641,-339.44,23.068,-228.57,-182.5,-100,8,-Inf,0
441.88,28.306,-641,-339.44,23.068,-228.57,-182.5,0,1,-248.12,0
441.88,28.306,-641,-339.44,23.068,-228.57,-182.5,0,1.3043,-243.12,0
441.88,28.306,-641,-339.44,23.068,-228.57,-182.5,0,1.6087,-241.43,0
441.88,28.306,-641,-339.44,23.068,-228.57,-182.5,0,1.913,-243.03,0
441.88,28.306,-641,-339.44,23.068,-228.57,-182.5,0,2.2174,-248.16,0
441.88,28.306,-641,-339.44,23.068,-228.57,-182.5,0,2.5217,-257.38,0
441.88,28.306,-641,-339.44,23.068,-228.57,-182.5,0,2.8261,-271.7,0
441.88,28.306,-641,-339.44,23.068,-228.57,-182.5,0,3.1304,-292.99,0
441.88,28.306,-641,-339.44,23.068,-228.57,-182.5,0,3.4348,-324.68,0
441.88,28.306,-641,-339.44,23.068,-228.57,-182.5,0,3.7391,-373.79,0
441.88,28.306,-641,-339.44,23.068,-228.57,-182.5,0,4.0435,-457.03,0
441.88,28.306,-641,-339.44,23.068,-228.57,-182.5,0,4.3478,-626.13,0
441.88,28.306,-641,-339.44,23.068,-228.57,-182.5,0,4.6522,-1154.5,0
441.88,28.306,-641,-339.44,23.068,-228.57,-182.5,0,4.9565,-Inf,0
441.88,28.306,-641,-339.44,23.068,-228.57,-182.5,0,5.2609,-Inf,0
441.88,28.306,-641,-339.44,23.068,-228.57,-182.5,0,5.5652,-Inf,0
441.88,28.306,-641,-339.44,23.068,-228.57,-182.5,0,5.8696,-Inf,0
441.88,28.306,-641,-339.44,23.068,-228.57,-182.5,0,6.1739,-Inf,0
441.88,28.306,-641,-339.44,23.068,-228.57,-182.5,0,6.4783,-Inf,0
441.88,28.306,-641,-339.44,23.068,-228.57,-182.5,0,6.7826,-3273.9,0
441.88,28.306,-641,-339.44,23.068,-228.57,-182.5,0,7.087,-Inf,0
441.88,28.306,-641,-339.44,23.068,-228.57,-182.5,0,7.3913,-Inf,0
441.88,28.306,-641,-339.44,23.068,-228.57,-182.5,0,7.6957,-Inf,0
441.88,28.306,-641,-339.44,23.068,-228.57,-182.5,0,8,-Inf,0
447.93,23.943,-641,-339.44,23.068,-228.57,-182.5,100,1,-252.32,0
447.93,23.943,-641,-339.44,23.068,-228.57,-182.5,100,1.3043,-246.39,0
447.93,23.943,-641,-339.44,23.068,-228.57,-182.5,100,1.6087,-242.9,0
447.93,23.943,-641,-339.44,23.068,-228.57,-182.5,100,1.913,-241.7,0
447.93,23.943,-641,-339.44,23.068,-228.57,-182.5,100,2.2174,-242.8,0
447.93,23.943,-641,-339.44,23.068,-228.57,-182.5,100,2.5217,-246.38,0
447.93,23.943,-641,-339.44,23.068,-228.57,-182.5,100,2.8261,-252.86,0
447.93,23.943,-641,-339.44,23.068,-228.57,-182.5,100,3.1304,-263.05,0
447.93,23.943,-641,-339.44,23.068,-228.57,-182.5,100,3.4348,-278.39,0
447.93,23.943,-641,-339.44,23.068,-228.57,-182.5,100,3.7391,-301.7,0
447.93,23.943,-641,-339.44,23.068,-228.57,-182.5,100,4.0435,-339.01,0
447.93,23.943,-641,-339.44,23.068,-228.57,-182.5,100,4.3478,-405.84,0
447.93,23.943,-641,-339.44,23.068,-228.57,-182.5,100,4.6522,-557.65,0
447.93,23.943,-641,-339.44,23.068,-228.57,-182.5,100,4.9565,-1212.8,0
447.93,23.943,-641,-339.44,23.068,-228.57,-182.5,100,5.2609,-Inf,0
447.93,23.943,-641,-339.44,23.068,-228.57,-182.5,100,5.5652,-Inf,0
447.93,23.943,-641,-339.44,23.068,-228.57,-182.5,100,5.8696,-Inf,0
447.93,23.943,-641,-339.44,23.068,-228.57,-182.5,100,6.1739,-Inf,0
447.93,23.943,-641,-339.44,23.068,-228.57,-182.5,100,6.4783,-Inf,0
447.93,23.943,-641,-339.44,23.068,-228.57,-182.5,100,6.7826,-Inf,0
447.93,23.943,-641,-339.44,23.068,-228.57,-182.5,100,7.087,-2272.8,0
447.93,23.943,-641,-339.44,23.068,-228.57,-182.5,100,7.3913,-Inf,0
447.93,23.943,-641,-339.44,23.068,-228.57,-182.5,100,7.6957,-Inf,0
447.93,23.943,-641,-339.44,23.068,-228.57,-182.5,100,8,-Inf,0
475.42,18.057,-641,-339.44,23.068,-228.57,-182.5,200,1,-257.88,0
475.42,18.057,-641,-339.44,23.068,-228.57,-182.5,200,1.3043,-251.22,0
475.42,18.057,-641,-339.44,23.068,-228.57,-182.5,200,1.6087,-246.53,0
475.42,18.057,-641,-339.44,23.068,-228.57,-182.5,200,1.913,-243.52,0
475.42,18.057,-641,-339.44,23.068,-228.57,-182.5,200,2.2174,-242.07,0
475.42,18.057,-641,-339.44,23.068,-228.57,-182.5,200,2.5217,-242.14,0
475.42,18.057,-641,-339.44,23.068,-228.57,-182.5,200,2.8261,-243.83,0
475.42,18.057,-641,-339.44,23.068,-228.57,-182.5,200,3.1304,-247.39,0
475.42,18.057,-641,-339.44,23.068,-228.57,-182.5,200,3.4348,-253.3,0
475.42,18.057,-641,-339.44,23.068,-228.57,-182.5,200,3.7391,-262.49,0
475.42,18.057,-641,-339.44,23.068,-228.57,-182.5,200,4.0435,-276.75,0
475.42,18.057,-641,-339.44,23.068,-228.57,-182.5,200,4.3478,-300.05,0
475.42,18.057,-641,-339.44,23.068,-228.57,-182.5,200,4.6522,-342.88,0
475.42,18.057,-641,-339.44,23.068,-228.57,-182.5,200,4.9565,-444.47,0
475.42,18.057,-641,-339.44,23.068,-228.57,-182.5,200,5.2609,-936.4,0
475.42,18.057,-641,-339.44,23.068,-228.57,-182.5,200,5.5652,-Inf,0
475.42,18.057,-641,-339.44,23.068,-228.57,-182.5,200,5.8696,-Inf,0
475.42,18.057,-641,-339.44,23.068,-228.57,-182.5,200,6.1739,-Inf,0
475.42,18.057,-641,-339.44,23.068,-228.57,-182.5,200,6.4783,-Inf,0
475.42,18.057,-641,-339.44,23.068,-228.57,-182.5,200,6.7826,-Inf,0
475.42,18.057,-641,-339.44,23.068,-228.57,-182.5,200,7.087,-Inf,0
475.42,18.057,-641,-339.44,23.068,-228.57,-182.5,200,7.3913,-1376.1,0
475.42,18.057,-641,-339.44,23.068,-228.57,-182.5,200,7.6957,-2360,0
475.42,18.057,-641,-339.44,23.068,-228.57,-182.5,200,8,-Inf,0
520.97,10.756,-641,-339.44,23.068,-228.57,-182.5,300,1,-266.72,0
520.97,10.756,-641,-339.44,23.068,-228.57,-182.5,300,1.3043,-258.81,0
520.97,10.756,-641,-339.44,23.068,-228.57,-182.5,300,1.6087,-252.84,0
520.97,10.756,-641,-339.44,23.068,-228.57,-182.5,300,1.913,-248.4,0
520.97,10.756,-641,-339.44,23.068,-228.57,-182.5,300,2.2174,-245.22,0
520.97,10.756,-641,-339.44,23.068,-228.57,-182.5,300,2.5217,-243.14,0
520.97,10.756,-641,-339.44,23.068,-228.57,-182.5,300,2.8261,-242.07,0
520.97,10.756,-641,-339.44,23.068,-228.57,-182.5,300,3.1304,-242.01,0
520.97,10.756,-641,-339.44,23.068,-228.57,-182.5,300,3.4348,-243.04,0
520.97,10.756,-641,-339.44,23.068,-228.57,-182.5,300,3.7391,-245.36,0
520.97,10.756,-641,-339.44,23.068,-228.57,-182.5,300,4.0435,-249.38,0
520.97,10.756,-641,-339.44,23.068,-228.57,-182.5,300,4.3478,-255.9,0
520.97,10.756,-641,-339.44,23.068,-228.57,-182.5,300,4.6522,-266.65,0
520.97,10.756,-641,-339.44,23.068,-228.57,-182.5,300,4.9565,-285.93,0
520.97,10.756,-641,-339.44,23.068,-228.57,-182.5,300,5.2609,-327.9,0
520.97,10.756,-641,-339.44,23.068,-228.57,-182.5,300,5.5652,-475.48,0
520.97,10.756,-641,-339.44,23.068,-228.57,-182.5,300,5.8696,-Inf,0
520.97,10.756,-641,-339.44,23.068,-228.57,-182.5,300,6.1739,-1677.3,0
520.97,10.756,-641,-339.44,23.068,-228.57,-182.5,300,6.4783,-Inf,0
520.97,10.756,-641,-339.44,23.068,-228.57,-182.5,300,6.7826,-1221.7,0
520.97,10.756,-641,-339.44,23.068,-228.57,-182.5,300,7.087,-Inf,0
520.97,10.756,-641,-339.44,23.068,-228.57,-182.5,300,7.3913,-Inf,0
520.97,10.756,-641,-339.44,23.068,-228.57,-182.5,300,7.6957,-1035.1,0
520.97,10.756,-641,-339.44,23.068,-228.57,-182.5,300,8,-920.82,0
770.66,45.235,-641,-339.44,23.068,-114.29,-800,-300,1,-728.14,1
770.66,45.235,-641,-339.44,23.068,-114.29,-800,-300,1.3043,-757.81,1
770.66,45.235,-641,-339.44,23.068,-114.29,-800,-300,1.6087,-811.62,1
770.66,45.235,-641,-339.44,23.068,-114.29,-800,-300,1.913,-894.94,1
770.66,45.235,-641,-339.44,23.068,-114.29,-800,-300,2.2174,-1017.1,1
770.66,45.235,-641,-339.44,23.068,-114.29,-800,-300,2.5217,-1194.7,1
770.66,45.235,-641,-339.44,23.068,-114.29,-800,-300,2.8261,-1458.9,1
770.66,45.235,-641,-339.44,23.068,-114.29,-800,-300,3.1304,-1875.9,1
770.66,45.235,-641,-339.44,23.068,-114.29,-800,-300,3.4348,-2614.8,1
770.66,45.235,-641,-339.44,23.068,-114.29,-800,-300,3.7391,-Inf,1
770.66,45.235,-641,-339.44,23.068,-114.29,-800,-300,4.0435,-Inf,1
770.66,45.235,-641,-339.44,23.068,-114.29,-800,-300,4.3478,-Inf,1
770.66,45.235,-641,-339.44,23.068,-114.29,-800,-300,4.6522,-Inf,1
770.66,45.235,-641,-339.44,23.068,-114.29,-800,-300,4.9565,-Inf,1
770.66,45.235,-641,-339.44,23.068,-114.29,-800,-300,5.2609,-Inf,1
770.66,45.235,-641,-339.44,23.068,-114.29,-800,-300,5.5652,-Inf,1
770.66,45.235,-641,-339.44,23.068,-114.29,-800,-300,5.8696,-Inf,1
770.66,45.235,-641,-339.44,23.068,-114.29,-800,-300,6.1739,-Inf,1
770.66,45.235,-641,-339.44,23.068,-114.29,-800,-300,6.4783,-Inf,1
770.66,45.235,-641,-339.44,23.068,-114.29,-800,-300,6.7826,-Inf,1
770.66,45.235,-641,-339.44,23.068,-114.29,-800,-300,7.087,-Inf,1
770.66,45.235,-641,-339.44,23.068,-114.29,-800,-300,7.3913,-Inf,1
770.66,45.235,-641,-339.44,23.068,-114.29,-800,-300,7.6957,-Inf,1
770.66,45.235,-641,-339.44,23.068,-114.29,-800,-300,8,-Inf,1
734.37,45.734,-641,-339.44,23.068,-114.29,-800,-200,1,-766.56,1
734.37,45.734,-641,-339.44,23.068,-114.29,-800,-200,1.3043,-788.5,1
734.37,45.734,-641,-339.44,23.068,-114.29,-800,-200,1.6087,-832.36,1
734.37,45.734,-641,-339.44,23.068,-114.29,-800,-200,1.913,-902.57,1
734.37,45.734,-641,-339.44,23.068,-114.29,-800,-200,2.2174,-1007,1
734.37,45.734,-641,-339.44,23.068,-114.29,-800,-200,2.5217,-1159.5,1
734.37,45.734,-641,-339.44,23.068,-114.29,-800,-200,2.8261,-1386,1
734.37,45.734,-641,-339.44,23.068,-114.29,-800,-200,3.1304,-1740.5,1
734.37,45.734,-641,-339.44,23.068,-114.29,-800,-200,3.4348,-2356.3,1
734.37,45.734,-641,-339.44,23.068,-114.29,-800,-200,3.7391,-Inf,1
734.37,45.734,-641,-339.44,23.068,-114.29,-800,-200,4.0435,-Inf,1
734.37,45.734,-641,-339.44,23.068,-114.29,-800,-200,4.3478,-Inf,1
734.37,45.734,-641,-339.44,23.068,-114.29,-800,-200,4.6522,-Inf,1
734.37,45.734,-641,-339.44,23.068,-114.29,-800,-200,4.9565,-Inf,1
734.37,45.734,-641,-339.44,23.068,-114.29,-800,-200,5.2609,-Inf,1
734.37,45.734,-641,-339.44,23.068,-114.29,-800,-200,5.5652,-Inf,1
734.37,45.734,-641,-339.44,23.068,-114.29,-800,-200,5.8696,-Inf,1
734.37,45.734,-641,-339.44,23.068,-114.29,-800,-200,6.1739,-Inf,1
734.37,45.734,-641,-339.44,23.068,-114.29,-800,-200,6.4783,-Inf,1
734.37,45.734,-641,-339.44,23.068,-114.29,-800,-200,6.7826,-Inf,1
734.37,45.734,-641,-339.44,23.068,-114.29,-800,-200,7.087,-Inf,1
734.37,45.734,-641,-339.44,23.068,-114.29,-800,-200,7.3913,-Inf,1
734.37,45.734,-641,-339.44,23.068,-114.29,-800,-200,7.6957,-Inf,1
734.37,45.734,-641,-339.44,23.068,-114.29,-800,-200,8,-Inf,1
710.41,46.567,-641,-339.44,23.068,-114.29,-800,-100,1,-827.78,1
710.41,46.567,-641,-339.44,23.068,-114.29,-800,-100,1.3043,-841.85,1
710.41,46.567,-641,-339.44,23.068,-114.29,-800,-100,1.6087,-876.29,1
710.41,46.567,-641,-339.44,23.068,-114.29,-800,-100,1.913,-934.73,1
710.41,46.567,-641,-339.44,23.068,-114.29,-800,-100,2.2174,-1023.7,1
710.41,46.567,-641,-339.44,23.068,-114.29,-800,-100,2.5217,-1154.9,1
710.41,46.567,-641,-339.44,23.068,-114.29,-800,-100,2.8261,-1349.7,1
710.41,46.567,-641,-339.44,23.068,-114.29,-800,-100,3.1304,-1651.7,1
710.41,46.567,-641,-339.44,23.068,-114.29,-800,-100,3.4348,-2164.9,1
710.41,46.567,-641,-339.44,23.068,-114.29,-800,-100,3.7391,-Inf,1
710.41,46.567,-641,-339.44,23.068,-114.29,-800,-100,4.0435,-Inf,1
710.41,46.567,-641,-339.44,23.068,-114.29,-800,-100,4.3478,-Inf,1
710.41,46.567,-641,-339.44,23.068,-114.29,-800,-100,4.6522,-Inf,1
710.41,46.567,-641,-339.44,23.068,-114.29,-800,-100,4.9565,-Inf,1
710.41,46.567,-641,-339.44,23.068,-114.29,-800,-100,5.2609,-Inf,1
710.41,46.567,-641,-339.44,23.068,-114.29,-800,-100,5.5652,-Inf,1
710.41,46.567,-641,-339.44,23.068,-114.29,-800,-100,5.8696,-Inf,1
710.41,46.567,-641,-339.44,23.068,-114.29,-800,-100,6.1739,-Inf,1
710.41,46.567,-641,-339.44,23.068,-114.29,-800,-100,6.4783,-Inf,1
710.41,46.567,-641,-339.44,23.068,-114.29,-800,-100,6.7826,-Inf,1
710.41,46.567,-641,-339.44,23.068,-114.29,-800,-100,7.087,-Inf,1
710.41,46.567,-641,-339.44,23.068,-114.29,-800,-100,7.3913,-Inf,1
710.41,46.567,-641,-339.44,23.068,-114.29,-800,-100,7.6957,-Inf,1
710.41,46.567,-641,-339.44,23.068,-114.29,-800,-100,8,-Inf,1
700.05,47.862,-641,-339.44,23.068,-114.29,-800,0,1,-930.03,1
700.05,47.862,-641,-339.44,23.068,-114.29,-800,0,1.3043,-934.95,1
700.05,47.862,-641,-339.44,23.068,-114.29,-800,0,1.6087,-959.69,1
700.05,47.862,-641,-339.44,23.068,-114.29,-800,0,1.913,-1007.1,1
700.05,47.862,-641,-339.44,23.068,-114.29,-800,0,2.2174,-1082.7,1
700.05,47.862,-641,-339.44,23.068,-114.29,-800,0,2.5217,-1196,1
700.05,47.862,-641,-339.44,23.068,-114.29,-800,0,2.8261,-1364.9,1
700.05,47.862,-641,-339.44,23.068,-114.29,-800,0,3.1304,-1624.6,1
700.05,47.862,-641,-339.44,23.068,-114.29,-800,0,3.4348,-2055,1
700.05,47.862,-641,-339.44,23.068,-114.29,-800,0,3.7391,-2887.5,1
700.05,47.862,-641,-339.44,23.068,-114.29,-800,0,4.0435,-Inf,1
700.05,47.862,-641,-339.44,23.068,-114.29,-800,0,4.3478,-Inf,1
700.05,47.862,-641,-339.44,23.068,-114.29,-800,0,4.6522,-Inf,1
700.05,47.862,-641,-339.44,23.068,-114.29,-800,0,4.9565,-Inf,1
700.05,47.862,-641,-339.44,23.068,-114.29,-800,0,5.2609,-Inf,1
700.05,47.862,-641,-339.44,23.068,-114.29,-800,0,5.5652,-Inf,1
700.05,47.862,-641,-339.44,23.068,-114.29,-800,0,5.8696,-Inf,1
700.05,47.862,-641,-339.44,23.068,-114.29,-800,0,6.1739,-Inf,1
700.05,47.862,-641,-339.44,23.068,-114.29,-800,0,6.4783,-Inf,1
700.05,47.862,-641,-339.44,23.068,-114.29,-800,0,6.7826,-Inf,1
700.05,47.862,-641,-339.44,23.068,-114.29,-800,0,7.087,-Inf,1
700.05,47.862,-641,-339.44,23.068,-114.29,-800,0,7.3913,-Inf,1
700.05,47.862,-641,-339.44,23.068,-114.29,-800,0,7.6957,-Inf,1
700.05,47.862,-641,-339.44,23.068,-114.29,-800,0,8,-Inf,1
703.89,49.769,-641,-339.44,23.068,-114.29,-800,100,1,-1113.2,1
703.89,49.769,-641,-339.44,23.068,-114.29,-800,100,1.3043,-1104.9,1
703.89,49.769,-641,-339.44,23.068,-114.29,-800,100,1.6087,-1117.4,1
703.89,49.769,-641,-339.44,23.068,-114.29,-800,100,1.913,-1152.8,1
703.89,49.769,-641,-339.44,23.068,-114.29,-800,100,2.2174,-1215.6,1
703.89,49.769,-641,-339.44,23.068,-114.29,-800,100,2.5217,-1313.8,1
703.89,49.769,-641,-339.44,23.068,-114.29,-800,100,2.8261,-1462.1,1
703.89,49.769,-641,-339.44,23.068,-114.29,-800,100,3.1304,-1688.7,1
703.89,49.769,-641,-339.44,23.068,-114.29,-800,100,3.4348,-2054.7,1
703.89,49.769,-641,-339.44,23.068,-114.29,-800,100,3.7391,-2719.8,1
703.89,49.769,-641,-339.44,23.068,-114.29,-800,100,4.0435,-Inf,1
703.89,49.769,-641,-339.44,23.068,-114.29,-800,100,4.3478,-Inf,1
703.89,49.769,-641,-339.44,23.068,-114.29,-800,100,4.6522,-Inf,1
703.89,49.769,-641,-339.44,23.068,-114.29,-800,100,4.9565,-Inf,1
703.89,49.769,-641,-339.44,23.068,-114.29,-800,100,5.2609,-Inf,1
703.89,49.769,-641,-339.44,23.068,-114.29,-800,100,5.5652,-Inf,1
703.89,49.769,-641,-339.44,23.068,-114.29,-800,100,5.8696,-Inf,1
703.89,49.769,-641,-339.44,23.068,-114.29,-800,100,6.1739,-Inf,1
703.89,49.769,-641,-339.44,23.068,-114.29,-800,100,6.4783,-Inf,1
703.89,49.769,-641,-339.44,23.068,-114.29,-800,100,6.7826,-Inf,1
703.89,49.769,-641,-339.44,23.068,-114.29,-800,100,7.087,-Inf,1
703.89,49.769,-641,-339.44,23.068,-114.29,-800,100,7.3913,-Inf,1
703.89,49.769,-641,-339.44,23.068,-114.29,-800,100,7.6957,-Inf,1
703.89,49.769,-641,-339.44,23.068,-114.29,-800,100,8,-Inf,1
721.69,52.443,-641,-339.44,23.068,-114.29,-800,200,1,-1479.3,1
721.69,52.443,-641,-339.44,23.068,-114.29,-800,200,1.3043,-1444.5,1
721.69,52.443,-641,-339.44,23.068,-114.29,-800,200,1.6087,-1435.2,1
721.69,52.443,-641,-339.44,23.068,-114.29,-800,200,1.913,-1452.1,1
721.69,52.443,-641,-339.44,23.068,-114.29,-800,200,2.2174,-1498.3,1
721.69,52.443,-641,-339.44,23.068,-114.29,-800,200,2.5217,-1580.4,1
721.69,52.443,-641,-339.44,23.068,-114.29,-800,200,2.8261,-1710.3,1
721.69,52.443,-641,-339.44,23.068,-114.29,-800,200,3.1304,-1910.4,1
721.69,52.443,-641,-339.44,23.068,-114.29,-800,200,3.4348,-2226.5,1
721.69,52.443,-641,-339.44,23.068,-114.29,-800,200,3.7391,-2765.1,1
721.69,52.443,-641,-339.44,23.068,-114.29,-800,200,4.0435,-Inf,1
721.69,52.443,-641,-339.44,23.068,-114.29,-800,200,4.3478,-Inf,1
721.69,52.443,-641,-339.44,23.068,-114.29,-800,200,4.6522,-Inf,1
721.69,52.443,-641,-339.44,23.068,-114.29,-800,200,4.9565,-Inf,1
721.69,52.443,-641,-339.44,23.068,-114.29,-800,200,5.2609,-Inf,1
721.69,52.443,-641,-339.44,23.068,-114.29,-800,200,5.5652,-Inf,1
721.69,52.443,-641,-339.44,23.068,-114.29,-800,200,5.8696,-Inf,1
721.69,52.443,-641,-339.44,23.068,-114.29,-800,200,6.1739,-Inf,1
721.69,52.443,-641,-339.44,23.068,-114.29,-800,200,6.4783,-Inf,1
721.69,52.443,-641,-339.44,23.068,-114.29,-800,200,6.7826,-Inf,1
721.69,52.443,-641,-339.44,23.068,-114.29,-800,200,7.087,-Inf,1
721.69,52.443,-641,-339.44,23.068,-114.29,-800,200,7.3913,-Inf,1
721.69,52.443,-641,-339.44,23.068,-114.29,-800,200,7.6957,-Inf,1
721.69,52.443,-641,-339.44,23.068,-114.29,-800,200,8,-Inf,1
752.48,56.001,-641,-339.44,23.068,-114.29,-800,300,1,-2347.2,1
752.48,56.001,-641,-339.44,23.068,-114.29,-800,300,1.3043,-2236.5,1
752.48,56.001,-641,-339.44,23.068,-114.29,-800,300,1.6087,-2166.8,1
752.48,56.001,-641,-339.44,23.068,-114.29,-800,300,1.913,-2135.4,1
752.48,56.001,-641,-339.44,23.068,-114.29,-800,300,2.2174,-2142.5,1
752.48,56.001,-641,-339.44,23.068,-114.29,-800,300,2.5217,-2191.8,1
752.48,56.001,-641,-339.44,23.068,-114.29,-800,300,2.8261,-2292,1
752.48,56.001,-641,-339.44,23.068,-114.29,-800,300,3.1304,-2459.5,1
752.48,56.001,-641,-339.44,23.068,-114.29,-800,300,3.4348,-2726.4,1
752.48,56.001,-641,-339.44,23.068,-114.29,-800,300,3.7391,-3158.6,1
752.48,56.001,-641,-339.44,23.068,-114.29,-800,300,4.0435,-Inf,1
752.48,56.001,-641,-339.44,23.068,-114.29,-800,300,4.3478,-Inf,1
752.48,56.001,-641,-339.44,23.068,-114.29,-800,300,4.6522,-Inf,1
752.48,56.001,-641,-339.44,23.068,-114.29,-800,300,4.9565,-Inf,1
752.48,56.001,-641,-339.44,23.068,-114.29,-800,300,5.2609,-Inf,1
752.48,56.001,-641,-339.44,23.068,-114.29,-800,300,5.5652,-Inf,1
752.48,56.001,-641,-339.44,23.068,-114.29,-800,300,5.8696,-Inf,1
752.48,56.001,-641,-339.44,23.068,-114.29,-800,300,6.1739,-Inf,1
752.48,56.001,-641,-339.44,23.068,-114.29,-800,300,6.4783,-Inf,1
752.48,56.001,-641,-339.44,23.068,-114.29,-800,300,6.7826,-Inf,1
752.48,56.001,-641,-339.44,23.068,-114.29,-800,300,7.087,-Inf,1
752.48,56.001,-641,-339.44,23.068,-114.29,-800,300,7.3913,-Inf,1
752.48,56.001,-641,-339.44,23.068,-114.29,-800,300,7.6957,-Inf,1
752.48,56.001,-641,-339.44,23.068,-114.29,-800,300,8,-Inf,1
721.41,43.849,-641,-339.44,23.068,-114.29,-711.79,-300,1,-564.19,1
721.41,43.849,-641,-339.44,23.068,-114.29,-711.79,-300,1.3043,-589,1
721.41,43.849,-641,-339.44,23.068,-114.29,-711.79,-300,1.6087,-633.45,1
721.41,43.849,-641,-339.44,23.068,-114.29,-711.79,-300,1.913,-701.92,1
721.41,43.849,-641,-339.44,23.068,-114.29,-711.79,-300,2.2174,-801.96,1
721.41,43.849,-641,-339.44,23.068,-114.29,-711.79,-300,2.5217,-946.94,1
721.41,43.849,-641,-339.44,23.068,-114.29,-711.79,-300,2.8261,-1162,1
721.41,43.849,-641,-339.44,23.068,-114.29,-711.79,-300,3.1304,-1500.1,1
721.41,43.849,-641,-339.44,23.068,-114.29,-711.79,-300,3.4348,-2095.7,1
721.41,43.849,-641,-339.44,23.068,-114.29,-711.79,-300,3.7391,-Inf,1
721.41,43.849,-641,-339.44,23.068,-114.29,-711.79,-300,4.0435,-Inf,1
721.41,43.849,-641,-339.44,23.068,-114.29,-711.79,-300,4.3478,-Inf,1
721.41,43.849,-641,-339.44,23.068,-114.29,-711.79,-300,4.6522,-Inf,1
721.41,43.849,-641,-339.44,23.068,-114.29,-711.79,-300,4.9565,-Inf,1
721.41,43.849,-641,-339.44,23.068,-114.29,-711.79,-300,5.2609,-Inf,1
721.41,43.849,-641,-339.44,23.068,-114.29,-711.79,-300,5.5652,-Inf,1
721.41,43.849,-641,-339.44,23.068,-114.29,-711.79,-300,5.8696,-Inf,1
721.41,43.849,-641,-339.44,23.068,-114.29,-711.79,-300,6.1739,-Inf,1
721.41,43.849,-641,-339.44,23.068,-114.29,-711.79,-300,6.4783,-Inf,1
721.41,43.849,-641,-339.44,23.068,-114.29,-711.79,-300,6.7826,-Inf,1
721.41,43.849,-641,-339.44,23.068,-114.29,-711.79,-300,7.087,-Inf,1
721.41,43.849,-641,-339.44,23.068,-114.29,-711.79,-300,7.3913,-Inf,1
721.41,43.849,-641,-339.44,23.068,-114.29,-711.79,-300,7.6957,-Inf,1
721.41,43.849,-641,-339.44,23.068,-114.29,-711.79,-300,8,-Inf,1
682.51,44.017,-641,-339.44,23.068,-114.29,-711.79,-200,1,-580.41,1
682.51,44.017,-641,-339.44,23.068,-114.29,-711.79,-200,1.3043,-598.18,1
682.51,44.017,-641,-339.44,23.068,-114.29,-711.79,-200,1.6087,-633.06,1
682.51,44.017,-641,-339.44,23.068,-114.29,-711.79,-200,1.913,-688.51,1
682.51,44.017,-641,-339.44,23.068,-114.29,-711.79,-200,2.2174,-770.64,1
682.51,44.017,-641,-339.44,23.068,-114.29,-711.79,-200,2.5217,-890.16,1
682.51,44.017,-641,-339.44,23.068,-114.29,-711.79,-200,2.8261,-1067.1,1
682.51,44.017,-641,-339.44,23.068,-114.29,-711.79,-200,3.1304,-1342.8,1
682.51,44.017,-641,-339.44,23.068,-114.29,-711.79,-200,3.4348,-1818.8,1
682.51,44.017,-641,-339.44,23.068,-114.29,-711.79,-200,3.7391,-Inf,1
682.51,44.017,-641,-339.44,23.068,-114.29,-711.79,-200,4.0435,-Inf,1
682.51,44.017,-641,-339.44,23.068,-114.29,-711.79,-200,4.3478,-Inf,1
682.51,44.017,-641,-339.44,23.068,-114.29,-711.79,-200,4.6522,-Inf,1
682.51,44.017,-641,-339.44,23.068,-114.29,-711.79,-200,4.9565,-Inf,1
682.51,44.017,-641,-339.44,23.068,-114.29,-711.79,-200,5.2609,-Inf,1
682.51,44.017,-641,-339.44,23.068,-114.29,-711.79,-200,5.5652,-Inf,1
682.51,44.017,-641,-339.44,23.068,-114.29,-711.79,-200,5.8696,-Inf,1
682.51,44.017,-641,-339.44,23.068,-114.29,-711.79,-200,6.1739,-Inf,1
682.51,44.017,-641,-339.44,23.068,-114.29,-711.79,-200,6.4783,-Inf,1
682.51,44.017,-641,-339.44,23.068,-114.29,-711.79,-200,6.7826,-Inf,1
682.51,44.017,-641,-339.44,23.068,-114.29,-711.79,-200,7.087,-Inf,1
682.51,44.017,-641,-339.44,23.068,-114.29,-711.79,-200,7.3913,-Inf,1
682.51,44.017,-641,-339.44,23.068,-114.29,-711.79,-200,7.6957,-Inf,1
682.51,44.017,-641,-339.44,23.068,-114.29,-711.79,-200,8,-Inf,1
656.67,44.477,-641,-339.44,23.068,-114.29,-711.79,-100,1,-608.93,1
656.67,44.477,-641,-339.44,23.068,-114.29,-711.79,-100,1.3043,-620,1
656.67,44.477,-641,-339.44,23.068,-114.29,-711.79,-100,1.6087,-646.22,1
656.67,44.477,-641,-339.44,23.068,-114.29,-711.79,-100,1.913,-690.28,1
656.67,44.477,-641,-339.44,23.068,-114.29,-711.79,-100,2.2174,-757.01,1
656.67,44.477,-641,-339.44,23.068,-114.29,-711.79,-100,2.5217,-854.95,1
656.67,44.477,-641,-339.44,23.068,-114.29,-711.79,-100,2.8261,-999.82,1
656.67,44.477,-641,-339.44,23.068,-114.29,-711.79,-100,3.1304,-1223.4,1
656.67,44.477,-641,-339.44,23.068,-114.29,-711.79,-100,3.4348,-1600.9,1
656.67,44.477,-641,-339.44,23.068,-114.29,-711.79,-100,3.7391,-2364.6,1
656.67,44.477,-641,-339.44,23.068,-114.29,-711.79,-100,4.0435,-Inf,1
656.67,44.477,-641,-339.44,23.068,-114.29,-711.79,-100,4.3478,-Inf,1
656.67,44.477,-641,-339.44,23.068,-114.29,-711.79,-100,4.6522,-Inf,1
656.67,44.477,-641,-339.44,23.068,-114.29,-711.79,-100,4.9565,-Inf,1
656.67,44.477,-641,-339.44,23.068,-114.29,-711.79,-100,5.2609,-Inf,1
656.67,44.477,-641,-339.44,23.068,-114.29,-711.79,-100,5.5652,-Inf,1
656.67,44.477,-641,-339.44,23.068,-114.29,-711.79,-100,5.8696,-Inf,1
656.67,44.477,-641,-339.44,23.068,-114.29,-711.79,-100,6.1739,-Inf,1
656.67,44.477,-641,-339.44,23.068,-114.29,-711.79,-100,6.4783,-Inf,1
656.67,44.477,-641,-339.44,23.068,-114.29,-711.79,-100,6.7826,-Inf,1
656.67,44.477,-641,-339.44,23.068,-114.29,-711.79,-100,7.087,-Inf,1
656.67,44.477,-641,-339.44,23.068,-114.29,-711.79,-100,7.3913,-Inf,1
656.67,44.477,-641,-339.44,23.068,-114.29,-711.79,-100,7.6957,-Inf,1
656.67,44.477,-641,-339.44,23.068,-114.29,-711.79,-100,8,-Inf,1
645.44,45.383,-641,-339.44,23.068,-114.29,-711.79,0,1,-659.39,1
645.44,45.383,-641,-339.44,23.068,-114.29,-711.79,0,1.3043,-663.45,1
645.44,45.383,-641,-339.44,23.068,-114.29,-711.79,0,1.6087,-681.42,1
645.44,45.383,-641,-339.44,23.068,-114.29,-711.79,0,1.913,-715.31,1
645.44,45.383,-641,-339.44,23.068,-114.29,-711.79,0,2.2174,-768.9,1
645.44,45.383,-641,-339.44,23.068,-114.29,-711.79,0,2.5217,-848.91,1
645.44,45.383,-641,-339.44,23.068,-114.29,-711.79,0,2.8261,-967.57,1
645.44,45.383,-641,-339.44,23.068,-114.29,-711.79,0,3.1304,-1149,1
645.44,45.383,-641,-339.44,23.068,-114.29,-711.79,0,3.4348,-1447.8,1
645.44,45.383,-641,-339.44,23.068,-114.29,-711.79,0,3.7391,-2018.7,1
645.44,45.383,-641,-339.44,23.068,-114.29,-711.79,0,4.0435,-Inf,1
645.44,45.383,-641,-339.44,23.068,-114.29,-711.79,0,4.3478,-Inf,1
645.44,45.383,-641,-339.44,23.068,-114.29,-711.79,0,4.6522,-Inf,1
645.44,45.383,-641,-339.44,23.068,-114.29,-711.79,0,4.9565,-Inf,1
645.44,45.383,-641,-339.44,23.068,-114.29,-711.79,0,5.2609,-Inf,1
645.44,45.383,-641,-339.44,23.068,-114.29,-711.79,0,5.5652,-Inf,1
645.44,45.383,-641,-339.44,23.068,-114.29,-711.79,0,5.8696,-Inf,1
645.44,45.383,-641,-339.44,23.068,-114.29,-711.79,0,6.1739,-Inf,1
645.44,45.383,-641,-339.44,23.068,-114.29,-711.79,0,6.4783,-Inf,1
645.44,45.383,-641,-339.44,23.068,-114.29,-711.79,0,6.7826,-Inf,1
645.44,45.383,-641,-339.44,23.068,-114.29,-711.79,0,7.087,-Inf,1
645.44,45.383,-641,-339.44,23.068,-114.29,-711.79,0,7.3913,-Inf,1
645.44,45.383,-641,-339.44,23.068,-114.29,-711.79,0,7.6957,-Inf,1
645.44,45.383,-641,-339.44,23.068,-114.29,-711.79,0,8,-Inf,1
649.6,46.941,-641,-339.44,23.068,-114.29,-711.79,100,1,-753.13,1
649.6,46.941,-641,-339.44,23.068,-114.29,-711.79,100,1.3043,-748.23,1
649.6,46.941,-641,-339.44,23.068,-114.29,-711.79,100,1.6087,-757.07,1
649.6,46.941,-641,-339.44,23.068,-114.29,-711.79,100,1.913,-780.99,1
649.6,46.941,-641,-339.44,23.068,-114.29,-711.79,100,2.2174,-822.85,1
649.6,46.941,-641,-339.44,23.068,-114.29,-711.79,100,2.5217,-887.87,1
649.6,46.941,-641,-339.44,23.068,-114.29,-711.79,100,2.8261,-985.52,1
649.6,46.941,-641,-339.44,23.068,-114.29,-711.79,100,3.1304,-1133.9,1
649.6,46.941,-641,-339.44,23.068,-114.29,-711.79,100,3.4348,-1371.8,1
649.6,46.941,-641,-339.44,23.068,-114.29,-711.79,100,3.7391,-1799.3,1
649.6,46.941,-641,-339.44,23.068,-114.29,-711.79,100,4.0435,-Inf,1
649.6,46.941,-641,-339.44,23.068,-114.29,-711.79,100,4.3478,-Inf,1
649.6,46.941,-641,-339.44,23.068,-114.29,-711.79,100,4.6522,-Inf,1
649.6,46.941,-641,-339.44,23.068,-114.29,-711.79,100,4.9565,-Inf,1
649.6,46.941,-641,-339.44,23.068,-114.29,-711.79,100,5.2609,-Inf,1
649.6,46.941,-641,-339.44,23.068,-114.29,-711.79,100,5.5652,-Inf,1
649.6,46.941,-641,-339.44,23.068,-114.29,-711.79,100,5.8696,-Inf,1
649.6,46.941,-641,-339.44,23.068,-114.29,-711.79,100,6.1739,-Inf,1
649.6,46.941,-641,-339.44,23.068,-114.29,-711.79,100,6.4783,-Inf,1
649.6,46.941,-641,-339.44,23.068,-114.29,-711.79,100,6.7826,-Inf,1
649.6,46.941,-641,-339.44,23.068,-114.29,-711.79,100,7.087,-Inf,1
649.6,46.941,-641,-339.44,23.068,-114.29,-711.79,100,7.3913,-Inf,1
649.6,46.941,-641,-339.44,23.068,-114.29,-711.79,100,7.6957,-Inf,1
649.6,46.941,-641,-339.44,23.068,-114.29,-711.79,100,8,-Inf,1
668.86,49.395,-641,-339.44,23.068,-114.29,-711.79,200,1,-946.08,1
668.86,49.395,-641,-339.44,23.068,-114.29,-711.79,200,1.3043,-925.27,1
668.86,49.395,-641,-339.44,23.068,-114.29,-711.79,200,1.6087,-920.11,1
668.86,49.395,-641,-339.44,23.068,-114.29,-711.79,200,1.913,-931.07,1
668.86,49.395,-641,-339.44,23.068,-114.29,-711.79,200,2.2174,-960.05,1
668.86,49.395,-641,-339.44,23.068,-114.29,-711.79,200,2.5217,-1010.9,1
668.86,49.395,-641,-339.44,23.068,-114.29,-711.79,200,2.8261,-1090.9,1
668.86,49.395,-641,-339.44,23.068,-114.29,-711.79,200,3.1304,-1213.4,1
668.86,49.395,-641,-339.44,23.068,-114.29,-711.79,200,3.4348,-1405.3,1
668.86,49.395,-641,-339.44,23.068,-114.29,-711.79,200,3.7391,-1729,1
668.86,49.395,-641,-339.44,23.068,-114.29,-711.79,200,4.0435,-2366.8,1
668.86,49.395,-641,-339.44,23.068,-114.29,-711.79,200,4.3478,-Inf,1
668.86,49.395,-641,-339.44,23.068,-114.29,-711.79,200,4.6522,-Inf,1
668.86,49.395,-641,-339.44,23.068,-114.29,-711.79,200,4.9565,-Inf,1
668.86,49.395,-641,-339.44,23.068,-114.29,-711.79,200,5.2609,-Inf,1
668.86,49.395,-641,-339.44,23.068,-114.29,-711.79,200,5.5652,-Inf,1
668.86,49.395,-641,-339.44,23.068,-114.29,-711.79,200,5.8696,-Inf,1
668.86,49.395,-641,-339.44,23.068,-114.29,-711.79,200,6.1739,-Inf,1
668.86,49.395,-641,-339.44,23.068,-114.29,-711.79,200,6.4783,-Inf,1
668.86,49.395,-641,-339.44,23.068,-114.29,-711.79,200,6.7826,-Inf,1
668.86,49.395,-641,-339.44,23.068,-114.29,-711.79,200,7.087,-Inf,1
668.86,49.395,-641,-339.44,23.068,-114.29,-711.79,200,7.3913,-Inf,1
668.86,49.395,-641,-339.44,23.068,-114.29,-711.79,200,7.6957,-Inf,1
668.86,49.395,-641,-339.44,23.068,-114.29,-711.79,200,8,-Inf,1
701.97,52.976,-641,-339.44,23.068,-114.29,-711.79,300,1,-1425.7,0
701.97,52.976,-641,-339.44,23.068,-114.29,-711.79,300,1.3043,-1361.3,0
701.97,52.976,-641,-339.44,23.068,-114.29,-711.79,300,1.6087,-1320.8,0
701.97,52.976,-641,-339.44,23.068,-114.29,-711.79,300,1.913,-1302.7,0
701.97,52.976,-641,-339.44,23.068,-114.29,-711.79,300,2.2174,-1307,0
701.97,52.976,-641,-339.44,23.068,-114.29,-711.79,300,2.5217,-1335.9,0
701.97,52.976,-641,-339.44,23.068,-114.29,-711.79,300,2.8261,-1394.1,0
701.97,52.976,-641,-339.44,23.068,-114.29,-711.79,300,3.1304,-1491,0
701.97,52.976,-641,-339.44,23.068,-114.29,-711.79,300,3.4348,-1644.5,0
701.97,52.976,-641,-339.44,23.068,-114.29,-711.79,300,3.7391,-1890.9,0
701.97,52.976,-641,-339.44,23.068,-114.29,-711.79,300,4.0435,-2315.7,0
701.97,52.976,-641,-339.44,23.068,-114.29,-711.79,300,4.3478,-Inf,0
701.97,52.976,-641,-339.44,23.068,-114.29,-711.79,300,4.6522,-Inf,0
701.97,52.976,-641,-339.44,23.068,-114.29,-711.79,300,4.9565,-Inf,0
701.97,52.976,-641,-339.44,23.068,-114.29,-711.79,300,5.2609,-Inf,0
701.97,52.976,-641,-339.44,23.068,-114.29,-711.79,300,5.5652,-Inf,0
701.97,52.976,-641,-339.44,23.068,-114.29,-711.79,300,5.8696,-Inf,0
701.97,52.976,-641,-339.44,23.068,-114.29,-711.79,300,6.1739,-Inf,0
701.97,52.976,-641,-339.44,23.068,-114.29,-711.79,300,6.4783,-Inf,0
701.97,52.976,-641,-339.44,23.068,-114.29,-711.79,300,6.7826,-Inf,0
701.97,52.976,-641,-339.44,23.068,-114.29,-711.79,300,7.087,-Inf,0
701.97,52.976,-641,-339.44,23.068,-114.29,-711.79,300,7.3913,-Inf,0
701.97,52.976,-641,-339.44,23.068,-114.29,-711.79,300,7.6957,-Inf,0
701.97,52.976,-641,-339.44,23.068,-114.29,-711.79,300,8,-Inf,0
680.09,42.63,-641,-339.44,23.068,-114.29,-623.57,-300,1,-444.57,0
680.09,42.63,-641,-339.44,23.068,-114.29,-623.57,-300,1.3043,-465.44,0
680.09,42.63,-641,-339.44,23.068,-114.29,-623.57,-300,1.6087,-502.42,0
680.09,42.63,-641,-339.44,23.068,-114.29,-623.57,-300,1.913,-559.06,0
680.09,42.63,-641,-339.44,23.068,-114.29,-623.57,-300,2.2174,-641.54,0
680.09,42.63,-641,-339.44,23.068,-114.29,-623.57,-300,2.5217,-760.73,0
680.09,42.63,-641,-339.44,23.068,-114.29,-623.57,-300,2.8261,-936.99,0
680.09,42.63,-641,-339.44,23.068,-114.29,-623.57,-300,3.1304,-1213.1,0
680.09,42.63,-641,-339.44,23.068,-114.29,-623.57,-300,3.4348,-1696.7,0
680.09,42.63,-641,-339.44,23.068,-114.29,-623.57,-300,3.7391,-Inf,0
680.09,42.63,-641,-339.44,23.068,-114.29,-623.57,-300,4.0435,-Inf,0
680.09,42.63,-641,-339.44,23.068,-114.29,-623.57,-300,4.3478,-Inf,0
680.09,42.63,-641,-339.44,23.068,-114.29,-623.57,-300,4.6522,-Inf,0
680.09,42.63,-641,-339.44,23.068,-114.29,-623.57,-300,4.9565,-Inf,0
680.09,42.63,-641,-339.44,23.068,-114.29,-623.57,-300,5.2609,-Inf,0
680.09,42.63,-641,-339.44,23.068,-114.29,-623.57,-300,5.5652,-Inf,0
680.09,42.63,-641,-339.44,23.068,-114.29,-623.57,-300,5.8696,-Inf,0
680.09,42.63,-641,-339.44,23.068,-114.29,-623.57,-300,6.1739,-Inf,0
680.09,42.63,-641,-339.44,23.068,-114.29,-623.57,-300,6.4783,-Inf,0
680.09,42.63,-641,-339.44,23.068,-114.29,-623.57,-300,6.7826,-Inf,0
680.09,42.63,-641,-339.44,23.068,-114.29,-623.57,-300,7.087,-Inf,0
680.09,42.63,-641,-339.44,23.068,-114.29,-623.57,-300,7.3913,-Inf,0
680.09,42.63,-641,-339.44,23.068,-114.29,-623.57,-300,7.6957,-Inf,0
680.09,42.63,-641,-339.44,23.068,-114.29,-623.57,-300,8,-Inf,0
638.68,42.416,-641,-339.44,23.068,-114.29,-623.57,-200,1,-448.4,0
638.68,42.416,-641,-339.44,23.068,-114.29,-623.57,-200,1.3043,-462.85,0
638.68,42.416,-641,-339.44,23.068,-114.29,-623.57,-200,1.6087,-490.72,0
638.68,42.416,-641,-339.44,23.068,-114.29,-623.57,-200,1.913,-534.74,0
638.68,42.416,-641,-339.44,23.068,-114.29,-623.57,-200,2.2174,-599.64,0
638.68,42.416,-641,-339.44,23.068,-114.29,-623.57,-200,2.5217,-693.79,0
638.68,42.416,-641,-339.44,23.068,-114.29,-623.57,-200,2.8261,-832.68,0
638.68,42.416,-641,-339.44,23.068,-114.29,-623.57,-200,3.1304,-1048.2,0
638.68,42.416,-641,-339.44,23.068,-114.29,-623.57,-200,3.4348,-1418.1,0
638.68,42.416,-641,-339.44,23.068,-114.29,-623.57,-200,3.7391,-2197.3,0
638.68,42.416,-641,-339.44,23.068,-114.29,-623.57,-200,4.0435,-Inf,0
638.68,42.416,-641,-339.44,23.068,-114.29,-623.57,-200,4.3478,-Inf,0
638.68,42.416,-641,-339.44,23.068,-114.29,-623.57,-200,4.6522,-Inf,0
638.68,42.416,-641,-339.44,23.068,-114.29,-623.57,-200,4.9565,-Inf,0
638.68,42.416,-641,-339.44,23.068,-114.29,-623.57,-200,5.2609,-Inf,0
638.68,42.416,-641,-339.44,23.068,-114.29,-623.57,-200,5.5652,-Inf,0
638.68,42.416,-641,-339.44,23.068,-114.29,-623.57,-200,5.8696,-Inf,0
638.68,42.416,-641,-339.44,23.068,-114.29,-623.57,-200,6.1739,-Inf,0
638.68,42.416,-641,-339.44,23.068,-114.29,-623.57,-200,6.4783,-Inf,0
638.68,42.416,-641,-339.44,23.068,-114.29,-623.57,-200,6.7826,-Inf,0
638.68,42.416,-641,-339.44,23.068,-114.29,-623.57,-200,7.087,-Inf,0
638.68,42.416,-641,-339.44,23.068,-114.29,-623.57,-200,7.3913,-Inf,0
638.68,42.416,-641,-339.44,23.068,-114.29,-623.57,-200,7.6957,-Inf,0
638.68,42.416,-641,-339.44,23.068,-114.29,-623.57,-200,8,-Inf,0
610.98,42.408,-641,-339.44,23.068,-114.29,-623.57,-100,1,-458.41,1
610.98,42.408,-641,-339.44,23.068,-114.29,-623.57,-100,1.3043,-467.1,1
610.98,42.408,-641,-339.44,23.068,-114.29,-623.57,-100,1.6087,-487.07,1
610.98,42.408,-641,-339.44,23.068,-114.29,-623.57,-100,1.913,-520.3,1
610.98,42.408,-641,-339.44,23.068,-114.29,-623.57,-100,2.2174,-570.36,1
610.98,42.408,-641,-339.44,23.068,-114.29,-623.57,-100,2.5217,-643.53,1
610.98,42.408,-641,-339.44,23.068,-114.29,-623.57,-100,2.8261,-751.34,1
610.98,42.408,-641,-339.44,23.068,-114.29,-623.57,-100,3.1304,-916.99,1
610.98,42.408,-641,-339.44,23.068,-114.29,-623.57,-100,3.4348,-1194.8,1
610.98,42.408,-641,-339.44,23.068,-114.29,-623.57,-100,3.7391,-1750.6,1
610.98,42.408,-641,-339.44,23.068,-114.29,-623.57,-100,4.0435,-Inf,1
610.98,42.408,-641,-339.44,23.068,-114.29,-623.57,-100,4.3478,-Inf,1
610.98,42.408,-641,-339.44,23.068,-114.29,-623.57,-100,4.6522,-Inf,1
610.98,42.408,-641,-339.44,23.068,-114.29,-623.57,-100,4.9565,-Inf,1
610.98,42.408,-641,-339.44,23.068,-114.29,-623.57,-100,5.2609,-Inf,1
610.98,42.408,-641,-339.44,23.068,-114.29,-623.57,-100,5.5652,-Inf,1
610.98,42.408,-641,-339.44,23.068,-114.29,-623.57,-100,5.8696,-Inf,1
610.98,42.408,-641,-339.44,23.068,-114.29,-623.57,-100,6.1739,-Inf,1
610.98,42.408,-641,-339.44,23.068,-114.29,-623.57,-100,6.4783,-Inf,1
610.98,42.408,-641,-339.44,23.068,-114.29,-623.57,-100,6.7826,-Inf,1
610.98,42.408,-641,-339.44,23.068,-114.29,-623.57,-100,7.087,-Inf,1
610.98,42.408,-641,-339.44,23.068,-114.29,-623.57,-100,7.3913,-Inf,1
610.98,42.408,-641,-339.44,23.068,-114.29,-623.57,-100,7.6957,-Inf,1
610.98,42.408,-641,-339.44,23.068,-114.29,-623.57,-100,8,-Inf,1
598.9,42.771,-641,-339.44,23.068,-114.29,-623.57,0,1,-478.98,1
598.9,42.771,-641,-339.44,23.068,-114.29,-623.57,0,1.3043,-482.24,1
598.9,42.771,-641,-339.44,23.068,-114.29,-623.57,0,1.6087,-495.18,1
598.9,42.771,-641,-339.44,23.068,-114.29,-623.57,0,1.913,-519.19,1
598.9,42.771,-641,-339.44,23.068,-114.29,-623.57,0,2.2174,-556.89,1
598.9,42.771,-641,-339.44,23.068,-114.29,-623.57,0,2.5217,-612.88,1
598.9,42.771,-641,-339.44,23.068,-114.29,-623.57,0,2.8261,-695.55,1
598.9,42.771,-641,-339.44,23.068,-114.29,-623.57,0,3.1304,-821.34,1
598.9,42.771,-641,-339.44,23.068,-114.29,-623.57,0,3.4348,-1027,1
598.9,42.771,-641,-339.44,23.068,-114.29,-623.57,0,3.7391,-1415.7,1
598.9,42.771,-641,-339.44,23.068,-114.29,-623.57,0,4.0435,-Inf,1
598.9,42.771,-641,-339.44,23.068,-114.29,-623.57,0,4.3478,-Inf,1
598.9,42.771,-641,-339.44,23.068,-114.29,-623.57,0,4.6522,-Inf,1
598.9,42.771,-641,-339.44,23.068,-114.29,-623.57,0,4.9565,-Inf,1
598.9,42.771,-641,-339.44,23.068,-114.29,-623.57,0,5.2609,-Inf,1
598.9,42.771,-641,-339.44,23.068,-114.29,-623.57,0,5.5652,-Inf,1
598.9,42.771,-641,-339.44,23.068,-114.29,-623.57,0,5.8696,-Inf,1
598.9,42.771,-641,-339.44,23.068,-114.29,-623.57,0,6.1739,-Inf,1
598.9,42.771,-641,-339.44,23.068,-114.29,-623.57,0,6.4783,-Inf,1
598.9,42.771,-641,-339.44,23.068,-114.29,-623.57,0,6.7826,-Inf,1
598.9,42.771,-641,-339.44,23.068,-114.29,-623.57,0,7.087,-Inf,1
598.9,42.771,-641,-339.44,23.068,-114.29,-623.57,0,7.3913,-Inf,1
598.9,42.771,-641,-339.44,23.068,-114.29,-623.57,0,7.6957,-Inf,1
598.9,42.771,-641,-339.44,23.068,-114.29,-623.57,0,8,-Inf,1
603.38,43.761,-641,-339.44,23.068,-114.29,-623.57,100,1,-519.84,1
603.38,43.761,-641,-339.44,23.068,-114.29,-623.57,100,1.3043,-517.09,1
603.38,43.761,-641,-339.44,23.068,-114.29,-623.57,100,1.6087,-523.16,1
603.38,43.761,-641,-339.44,23.068,-114.29,-623.57,100,1.913,-538.91,1
603.38,43.761,-641,-339.44,23.068,-114.29,-623.57,100,2.2174,-566.15,1
603.38,43.761,-641,-339.44,23.068,-114.29,-623.57,100,2.5217,-608.16,1
603.38,43.761,-641,-339.44,23.068,-114.29,-623.57,100,2.8261,-670.93,1
603.38,43.761,-641,-339.44,23.068,-114.29,-623.57,100,3.1304,-765.78,1
603.38,43.761,-641,-339.44,23.068,-114.29,-623.57,100,3.4348,-916.77,1
603.38,43.761,-641,-339.44,23.068,-114.29,-623.57,100,3.7391,-1185.1,1
603.38,43.761,-641,-339.44,23.068,-114.29,-623.57,100,4.0435,-1787.4,1
603.38,43.761,-641,-339.44,23.068,-114.29,-623.57,100,4.3478,-Inf,1
603.38,43.761,-641,-339.44,23.068,-114.29,-623.57,100,4.6522,-Inf,1
603.38,43.761,-641,-339.44,23.068,-114.29,-623.57,100,4.9565,-Inf,1
603.38,43.761,-641,-339.44,23.068,-114.29,-623.57,100,5.2609,-Inf,1
603.38,43.761,-641,-339.44,23.068,-114.29,-623.57,100,5.5652,-Inf,1
603.38,43.761,-641,-339.44,23.068,-114.29,-623.57,100,5.8696,-Inf,1
603.38,43.761,-641,-339.44,23.068,-114.29,-623.57,100,6.1739,-Inf,1
603.38,43.761,-641,-339.44,23.068,-114.29,-623.57,100,6.4783,-Inf,1
603.38,43.761,-641,-339.44,23.068,-114.29,-623.57,100,6.7826,-Inf,1
603.38,43.761,-641,-339.44,23.068,-114.29,-623.57,100,7.087,-Inf,1
603.38,43.761,-641,-339.44,23.068,-114.29,-623.57,100,7.3913,-Inf,1
603.38,43.761,-641,-339.44,23.068,-114.29,-623.57,100,7.6957,-Inf,1
603.38,43.761,-641,-339.44,23.068,-114.29,-623.57,100,8,-Inf,1
624.07,45.739,-641,-339.44,23.068,-114.29,-623.57,200,1,-606.46,0
624.07,45.739,-641,-339.44,23.068,-114.29,-623.57,200,1.3043,-594.66,0
624.07,45.739,-641,-339.44,23.068,-114.29,-623.57,200,1.6087,-591.99,0
624.07,45.739,-641,-339.44,23.068,-114.29,-623.57,200,1.913,-598.73,0
624.07,45.739,-641,-339.44,23.068,-114.29,-623.57,200,2.2174,-615.95,0
624.07,45.739,-641,-339.44,23.068,-114.29,-623.57,200,2.5217,-645.87,0
624.07,45.739,-641,-339.44,23.068,-114.29,-623.57,200,2.8261,-692.59,0
624.07,45.739,-641,-339.44,23.068,-114.29,-623.57,200,3.1304,-763.7,0
624.07,45.739,-641,-339.44,23.068,-114.29,-623.57,200,3.4348,-874.35,0
624.07,45.739,-641,-339.44,23.068,-114.29,-623.57,200,3.7391,-1059,0
624.07,45.739,-641,-339.44,23.068,-114.29,-623.57,200,4.0435,-1416.7,0
624.07,45.739,-641,-339.44,23.068,-114.29,-623.57,200,4.3478,-Inf,0
624.07,45.739,-641,-339.44,23.068,-114.29,-623.57,200,4.6522,-Inf,0
624.07,45.739,-641,-339.44,23.068,-114.29,-623.57,200,4.9565,-Inf,0
624.07,45.739,-641,-339.44,23.068,-114.29,-623.57,200,5.2609,-Inf,0
624.07,45.739,-641,-339.44,23.068,-114.29,-623.57,200,5.5652,-Inf,0
624.07,45.739,-641,-339.44,23.068,-114.29,-623.57,200,5.8696,-Inf,0
624.07,45.739,-641,-339.44,23.068,-114.29,-623.57,200,6.1739,-Inf,0
624.07,45.739,-641,-339.44,23.068,-114.29,-623.57,200,6.4783,-Inf,0
624.07,45.739,-641,-339.44,23.068,-114.29,-623.57,200,6.7826,-Inf,0
624.07,45.739,-641,-339.44,23.068,-114.29,-623.57,200,7.087,-Inf,0
624.07,45.739,-641,-339.44,23.068,-114.29,-623.57,200,7.3913,-Inf,0
624.07,45.739,-641,-339.44,23.068,-114.29,-623.57,200,7.6957,-Inf,0
624.07,45.739,-641,-339.44,23.068,-114.29,-623.57,200,8,-Inf,0
659.43,49.134,-641,-339.44,23.068,-114.29,-623.57,300,1,-825.31,0
659.43,49.134,-641,-339.44,23.068,-114.29,-623.57,300,1.3043,-791.51,0
659.43,49.134,-641,-339.44,23.068,-114.29,-623.57,300,1.6087,-770.34,0
659.43,49.134,-641,-339.44,23.068,-114.29,-623.57,300,1.913,-760.92,0
659.43,49.134,-641,-339.44,23.068,-114.29,-623.57,300,2.2174,-763.3,0
659.43,49.134,-641,-339.44,23.068,-114.29,-623.57,300,2.5217,-778.55,0
659.43,49.134,-641,-339.44,23.068,-114.29,-623.57,300,2.8261,-809.11,0
659.43,49.134,-641,-339.44,23.068,-114.29,-623.57,300,3.1304,-859.71,0
659.43,49.134,-641,-339.44,23.068,-114.29,-623.57,300,3.4348,-939.33,0
659.43,49.134,-641,-339.44,23.068,-114.29,-623.57,300,3.7391,-1066.1,0
659.43,49.134,-641,-339.44,23.068,-114.29,-623.57,300,4.0435,-1282.1,0
659.43,49.134,-641,-339.44,23.068,-114.29,-623.57,300,4.3478,-1710.1,0
659.43,49.134,-641,-339.44,23.068,-114.29,-623.57,300,4.6522,-Inf,0
659.43,49.134,-641,-339.44,23.068,-114.29,-623.57,300,4.9565,-Inf,0
659.43,49.134,-641,-339.44,23.068,-114.29,-623.57,300,5.2609,-Inf,0
659.43,49.134,-641,-339.44,23.068,-114.29,-623.57,300,5.5652,-Inf,0
659.43,49.134,-641,-339.44,23.068,-114.29,-623.57,300,5.8696,-Inf,0
659.43,49.134,-641,-339.44,23.068,-114.29,-623.57,300,6.1739,-Inf,0
659.43,49.134,-641,-339.44,23.068,-114.29,-623.57,300,6.4783,-Inf,0
659.43,49.134,-641,-339.44,23.068,-114.29,-623.57,300,6.7826,-Inf,0
659.43,49.134,-641,-339.44,23.068,-114.29,-623.57,300,7.087,-Inf,0
659.43,49.134,-641,-339.44,23.068,-114.29,-623.57,300,7.3913,-Inf,0
659.43,49.134,-641,-339.44,23.068,-114.29,-623.57,300,7.6957,-Inf,0
659.43,49.134,-641,-339.44,23.068,-114.29,-623.57,300,8,-Inf,0
648.21,41.69,-641,-339.44,23.068,-114.29,-535.36,-300,1,-361.21,0
648.21,41.69,-641,-339.44,23.068,-114.29,-535.36,-300,1.3043,-379.07,0
648.21,41.69,-641,-339.44,23.068,-114.29,-535.36,-300,1.6087,-410.36,0
648.21,41.69,-641,-339.44,23.068,-114.29,-535.36,-300,1.913,-458.03,0
648.21,41.69,-641,-339.44,23.068,-114.29,-535.36,-300,2.2174,-527.2,0
648.21,41.69,-641,-339.44,23.068,-114.29,-535.36,-300,2.5217,-626.86,0
648.21,41.69,-641,-339.44,23.068,-114.29,-535.36,-300,2.8261,-773.83,0
648.21,41.69,-641,-339.44,23.068,-114.29,-535.36,-300,3.1304,-1003.2,0
648.21,41.69,-641,-339.44,23.068,-114.29,-535.36,-300,3.4348,-1402.7,0
648.21,41.69,-641,-339.44,23.068,-114.29,-535.36,-300,3.7391,-2274.9,0
648.21,41.69,-641,-339.44,23.068,-114.29,-535.36,-300,4.0435,-Inf,0
648.21,41.69,-641,-339.44,23.068,-114.29,-535.36,-300,4.3478,-Inf,0
648.21,41.69,-641,-339.44,23.068,-114.29,-535.36,-300,4.6522,-Inf,0
648.21,41.69,-641,-339.44,23.068,-114.29,-535.36,-300,4.9565,-Inf,0
648.21,41.69,-641,-339.44,23.068,-114.29,-535.36,-300,5.2609,-Inf,0
648.21,41.69,-641,-339.44,23.068,-114.29,-535.36,-300,5.5652,-Inf,0
648.21,41.69,-641,-339.44,23.068,-114.29,-535.36,-300,5.8696,-Inf,0
648.21,41.69,-641,-339.44,23.068,-114.29,-535.36,-300,6.1739,-Inf,0
648.21,41.69,-641,-339.44,23.068,-114.29,-535.36,-300,6.4783,-Inf,0
648.21,41.69,-641,-339.44,23.068,-114.29,-535.36,-300,6.7826,-Inf,0
648.21,41.69,-641,-339.44,23.068,-114.29,-535.36,-300,7.087,-Inf,0
648.21,41.69,-641,-339.44,23.068,-114.29,-535.36,-300,7.3913,-Inf,0
648.21,41.69,-641,-339.44,23.068,-114.29,-535.36,-300,7.6957,-Inf,0
648.21,41.69,-641,-339.44,23.068,-114.29,-535.36,-300,8,-Inf,0
604.62,41.073,-641,-339.44,23.068,-114.29,-535.36,-200,1,-359.4,0
604.62,41.073,-641,-339.44,23.068,-114.29,-535.36,-200,1.3043,-371.35,0
604.62,41.073,-641,-339.44,23.068,-114.29,-535.36,-200,1.6087,-394.03,0
604.62,41.073,-641,-339.44,23.068,-114.29,-535.36,-200,1.913,-429.59,0
604.62,41.073,-641,-339.44,23.068,-114.29,-535.36,-200,2.2174,-481.81,0
604.62,41.073,-641,-339.44,23.068,-114.29,-535.36,-200,2.5217,-557.3,0
604.62,41.073,-641,-339.44,23.068,-114.29,-535.36,-200,2.8261,-668.3,0
604.62,41.073,-641,-339.44,23.068,-114.29,-535.36,-200,3.1304,-839.86,0
604.62,41.073,-641,-339.44,23.068,-114.29,-535.36,-200,3.4348,-1132.6,0
604.62,41.073,-641,-339.44,23.068,-114.29,-535.36,-200,3.7391,-1742.4,0
604.62,41.073,-641,-339.44,23.068,-114.29,-535.36,-200,4.0435,-Inf,0
604.62,41.073,-641,-339.44,23.068,-114.29,-535.36,-200,4.3478,-Inf,0
604.62,41.073,-641,-339.44,23.068,-114.29,-535.36,-200,4.6522,-Inf,0
604.62,41.073,-641,-339.44,23.068,-114.29,-535.36,-200,4.9565,-Inf,0
604.62,41.073,-641,-339.44,23.068,-114.29,-535.36,-200,5.2609,-Inf,0
604.62,41.073,-641,-339.44,23.068,-114.29,-535.36,-200,5.5652,-Inf,0
604.62,41.073,-641,-339.44,23.068,-114.29,-535.36,-200,5.8696,-Inf,0
604.62,41.073,-641,-339.44,23.068,-114.29,-535.36,-200,6.1739,-Inf,0
604.62,41.073,-641,-339.44,23.068,-114.29,-535.36,-200,6.4783,-Inf,0
604.62,41.073,-641,-339.44,23.068,-114.29,-535.36,-200,6.7826,-Inf,0
604.62,41.073,-641,-339.44,23.068,-114.29,-535.36,-200,7.087,-Inf,0
604.62,41.073,-641,-339.44,23.068,-114.29,-535.36,-200,7.3913,-Inf,0
604.62,41.073,-641,-339.44,23.068,-114.29,-535.36,-200,7.6957,-Inf,0
604.62,41.073,-641,-339.44,23.068,-114.29,-535.36,-200,8,-Inf,0
575.28,40.527,-641,-339.44,23.068,-114.29,-535.36,-100,1,-360.68,0
575.28,40.527,-641,-339.44,23.068,-114.29,-535.36,-100,1.3043,-367.62,0
575.28,40.527,-641,-339.44,23.068,-114.29,-535.36,-100,1.6087,-383.08,0
575.28,40.527,-641,-339.44,23.068,-114.29,-535.36,-100,1.913,-408.56,0
575.28,40.527,-641,-339.44,23.068,-114.29,-535.36,-100,2.2174,-446.75,0
575.28,40.527,-641,-339.44,23.068,-114.29,-535.36,-100,2.5217,-502.34,0
575.28,40.527,-641,-339.44,23.068,-114.29,-535.36,-100,2.8261,-583.94,0
575.28,40.527,-641,-339.44,23.068,-114.29,-535.36,-100,3.1304,-708.76,0
575.28,40.527,-641,-339.44,23.068,-114.29,-535.36,-100,3.4348,-916.84,0
575.28,40.527,-641,-339.44,23.068,-114.29,-535.36,-100,3.7391,-1328.5,0
575.28,40.527,-641,-339.44,23.068,-114.29,-535.36,-100,4.0435,-Inf,0
575.28,40.527,-641,-339.44,23.068,-114.29,-535.36,-100,4.3478,-Inf,0
575.28,40.527,-641,-339.44,23.068,-114.29,-535.36,-100,4.6522,-Inf,0
575.28,40.527,-641,-339.44,23.068,-114.29,-535.36,-100,4.9565,-Inf,0
575.28,40.527,-641,-339.44,23.068,-114.29,-535.36,-100,5.2609,-Inf,0
575.28,40.527,-641,-339.44,23.068,-114.29,-535.36,-100,5.5652,-Inf,0
575.28,40.527,-641,-339.44,23.068,-114.29,-535.36,-100,5.8696,-Inf,0
575.28,40.527,-641,-339.44,23.068,-114.29,-535.36,-100,6.1739,-Inf,0
575.28,40.527,-641,-339.44,23.068,-114.29,-535.36,-100,6.4783,-Inf,0
575.28,40.527,-641,-339.44,23.068,-114.29,-535.36,-100,6.7826,-Inf,0
575.28,40.527,-641,-339.44,23.068,-114.29,-535.36,-100,7.087,-Inf,0
575.28,40.527,-641,-339.44,23.068,-114.29,-535.36,-100,7.3913,-Inf,0
575.28,40.527,-641,-339.44,23.068,-114.29,-535.36,-100,7.6957,-Inf,0
575.28,40.527,-641,-339.44,23.068,-114.29,-535.36,-100,8,-Inf,0
562.44,40.19,-641,-339.44,23.068,-114.29,-535.36,0,1,-366.74,1
562.44,40.19,-641,-339.44,23.068,-114.29,-535.36,0,1.3043,-369.34,1
562.44,40.19,-641,-339.44,23.068,-114.29,-535.36,0,1.6087,-378.76,1
562.44,40.19,-641,-339.44,23.068,-114.29,-535.36,0,1.913,-395.99,1
562.44,40.19,-641,-339.44,23.068,-114.29,-535.36,0,2.2174,-422.83,1
562.44,40.19,-641,-339.44,23.068,-114.29,-535.36,0,2.5217,-462.49,1
562.44,40.19,-641,-339.44,23.068,-114.29,-535.36,0,2.8261,-520.79,1
562.44,40.19,-641,-339.44,23.068,-114.29,-535.36,0,3.1304,-609.06,1
562.44,40.19,-641,-339.44,23.068,-114.29,-535.36,0,3.4348,-752.45,1
562.44,40.19,-641,-339.44,23.068,-114.29,-535.36,0,3.7391,-1020.5,1
562.44,40.19,-641,-339.44,23.068,-114.29,-535.36,0,4.0435,-1705.3,1
562.44,40.19,-641,-339.44,23.068,-114.29,-535.36,0,4.3478,-Inf,1
562.44,40.19,-641,-339.44,23.068,-114.29,-535.36,0,4.6522,-Inf,1
562.44,40.19,-641,-339.44,23.068,-114.29,-535.36,0,4.9565,-Inf,1
562.44,40.19,-641,-339.44,23.068,-114.29,-535.36,0,5.2609,-Inf,1
562.44,40.19,-641,-339.44,23.068,-114.29,-535.36,0,5.5652,-Inf,1
562.44,40.19,-641,-339.44,23.068,-114.29,-535.36,0,5.8696,-Inf,1
562.44,40.19,-641,-339.44,23.068,-114.29,-535.36,0,6.1739,-Inf,1
562.44,40.19,-641,-339.44,23.068,-114.29,-535.36,0,6.4783,-Inf,1
562.44,40.19,-641,-339.44,23.068,-114.29,-535.36,0,6.7826,-Inf,1
562.44,40.19,-641,-339.44,23.068,-114.29,-535.36,0,7.087,-Inf,1
562.44,40.19,-641,-339.44,23.068,-114.29,-535.36,0,7.3913,-Inf,1
562.44,40.19,-641,-339.44,23.068,-114.29,-535.36,0,7.6957,-Inf,1
562.44,40.19,-641,-339.44,23.068,-114.29,-535.36,0,8,-Inf,1
567.21,40.329,-641,-339.44,23.068,-114.29,-535.36,100,1,-381.3,0
567.21,40.329,-641,-339.44,23.068,-114.29,-535.36,100,1.3043,-379.79,0
567.21,40.329,-641,-339.44,23.068,-114.29,-535.36,100,1.6087,-383.95,0
567.21,40.329,-641,-339.44,23.068,-114.29,-535.36,100,1.913,-394.32,0
567.21,40.329,-641,-339.44,23.068,-114.29,-535.36,100,2.2174,-412.05,0
567.21,40.329,-641,-339.44,23.068,-114.29,-535.36,100,2.5217,-439.22,0
567.21,40.329,-641,-339.44,23.068,-114.29,-535.36,100,2.8261,-479.58,0
567.21,40.329,-641,-339.44,23.068,-114.29,-535.36,100,3.1304,-540.23,0
567.21,40.329,-641,-339.44,23.068,-114.29,-535.36,100,3.4348,-636.12,0
567.21,40.329,-641,-339.44,23.068,-114.29,-535.36,100,3.7391,-804.78,0
567.21,40.329,-641,-339.44,23.068,-114.29,-535.36,100,4.0435,-1175.7,0
567.21,40.329,-641,-339.44,23.068,-114.29,-535.36,100,4.3478,-Inf,0
567.21,40.329,-641,-339.44,23.068,-114.29,-535.36,100,4.6522,-Inf,0
567.21,40.329,-641,-339.44,23.068,-114.29,-535.36,100,4.9565,-Inf,0
567.21,40.329,-641,-339.44,23.068,-114.29,-535.36,100,5.2609,-Inf,0
567.21,40.329,-641,-339.44,23.068,-114.29,-535.36,100,5.5652,-Inf,0
567.21,40.329,-641,-339.44,23.068,-114.29,-535.36,100,5.8696,-Inf,0
567.21,40.329,-641,-339.44,23.068,-114.29,-535.36,100,6.1739,-Inf,0
567.21,40.329,-641,-339.44,23.068,-114.29,-535.36,100,6.4783,-Inf,0
567.21,40.329,-641,-339.44,23.068,-114.29,-535.36,100,6.7826,-Inf,0
567.21,40.329,-641,-339.44,23.068,-114.29,-535.36,100,7.087,-Inf,0
567.21,40.329,-641,-339.44,23.068,-114.29,-535.36,100,7.3913,-Inf,0
567.21,40.329,-641,-339.44,23.068,-114.29,-535.36,100,7.6957,-Inf,0
567.21,40.329,-641,-339.44,23.068,-114.29,-535.36,100,8,-Inf,0
589.16,41.419,-641,-339.44,23.068,-114.29,-535.36,200,1,-414.15,0
589.16,41.419,-641,-339.44,23.068,-114.29,-535.36,200,1.3043,-407.61,0
589.16,41.419,-641,-339.44,23.068,-114.29,-535.36,200,1.6087,-406.28,0
589.16,41.419,-641,-339.44,23.068,-114.29,-535.36,200,1.913,-410.32,0
589.16,41.419,-641,-339.44,23.068,-114.29,-535.36,200,2.2174,-420.31,0
589.16,41.419,-641,-339.44,23.068,-114.29,-535.36,200,2.5217,-437.5,0
589.16,41.419,-641,-339.44,23.068,-114.29,-535.36,200,2.8261,-464.17,0
589.16,41.419,-641,-339.44,23.068,-114.29,-535.36,200,3.1304,-504.51,0
589.16,41.419,-641,-339.44,23.068,-114.29,-535.36,200,3.4348,-566.83,0
589.16,41.419,-641,-339.44,23.068,-114.29,-535.36,200,3.7391,-669.86,0
589.16,41.419,-641,-339.44,23.068,-114.29,-535.36,200,4.0435,-866.18,0
589.16,41.419,-641,-339.44,23.068,-114.29,-535.36,200,4.3478,-1382.1,0
589.16,41.419,-641,-339.44,23.068,-114.29,-535.36,200,4.6522,-Inf,0
589.16,41.419,-641,-339.44,23.068,-114.29,-535.36,200,4.9565,-Inf,0
589.16,41.419,-641,-339.44,23.068,-114.29,-535.36,200,5.2609,-Inf,0
589.16,41.419,-641,-339.44,23.068,-114.29,-535.36,200,5.5652,-Inf,0
589.16,41.419,-641,-339.44,23.068,-114.29,-535.36,200,5.8696,-Inf,0
589.16,41.419,-641,-339.44,23.068,-114.29,-535.36,200,6.1739,-Inf,0
589.16,41.419,-641,-339.44,23.068,-114.29,-535.36,200,6.4783,-Inf,0
589.16,41.419,-641,-339.44,23.068,-114.29,-535.36,200,6.7826,-Inf,0
589.16,41.419,-641,-339.44,23.068,-114.29,-535.36,200,7.087,-Inf,0
589.16,41.419,-641,-339.44,23.068,-114.29,-535.36,200,7.3913,-Inf,0
589.16,41.419,-641,-339.44,23.068,-114.29,-535.36,200,7.6957,-Inf,0
589.16,41.419,-641,-339.44,23.068,-114.29,-535.36,200,8,-Inf,0
626.5,44.187,-641,-339.44,23.068,-114.29,-535.36,300,1,-498.15,0
626.5,44.187,-641,-339.44,23.068,-114.29,-535.36,300,1.3043,-481.52,0
626.5,44.187,-641,-339.44,23.068,-114.29,-535.36,300,1.6087,-471.13,0
626.5,44.187,-641,-339.44,23.068,-114.29,-535.36,300,1.913,-466.53,0
626.5,44.187,-641,-339.44,23.068,-114.29,-535.36,300,2.2174,-467.74,0
626.5,44.187,-641,-339.44,23.068,-114.29,-535.36,300,2.5217,-475.26,0
626.5,44.187,-641,-339.44,23.068,-114.29,-535.36,300,2.8261,-490.25,0
626.5,44.187,-641,-339.44,23.068,-114.29,-535.36,300,3.1304,-514.95,0
626.5,44.187,-641,-339.44,23.068,-114.29,-535.36,300,3.4348,-553.57,0
626.5,44.187,-641,-339.44,23.068,-114.29,-535.36,300,3.7391,-614.6,0
626.5,44.187,-641,-339.44,23.068,-114.29,-535.36,300,4.0435,-717.33,0
626.5,44.187,-641,-339.44,23.068,-114.29,-535.36,300,4.3478,-916.85,0
626.5,44.187,-641,-339.44,23.068,-114.29,-535.36,300,4.6522,-1455.3,0
626.5,44.187,-641,-339.44,23.068,-114.29,-535.36,300,4.9565,-Inf,0
626.5,44.187,-641,-339.44,23.068,-114.29,-535.36,300,5.2609,-Inf,0
626.5,44.187,-641,-339.44,23.068,-114.29,-535.36,300,5.5652,-Inf,0
626.5,44.187,-641,-339.44,23.068,-114.29,-535.36,300,5.8696,-Inf,0
626.5,44.187,-641,-339.44,23.068,-114.29,-535.36,300,6.1739,-Inf,0
626.5,44.187,-641,-339.44,23.068,-114.29,-535.36,300,6.4783,-Inf,0
626.5,44.187,-641,-339.44,23.068,-114.29,-535.36,300,6.7826,-Inf,0
626.5,44.187,-641,-339.44,23.068,-114.29,-535.36,300,7.087,-Inf,0
626.5,44.187,-641,-339.44,23.068,-114.29,-535.36,300,7.3913,-Inf,0
626.5,44.187,-641,-339.44,23.068,-114.29,-535.36,300,7.6957,-Inf,0
626.5,44.187,-641,-339.44,23.068,-114.29,-535.36,300,8,-Inf,0
627.21,41.161,-641,-339.44,23.068,-114.29,-447.14,-300,1,-305.91,0
627.21,41.161,-641,-339.44,23.068,-114.29,-447.14,-300,1.3043,-321.6,0
627.21,41.161,-641,-339.44,23.068,-114.29,-447.14,-300,1.6087,-348.79,0
627.21,41.161,-641,-339.44,23.068,-114.29,-447.14,-300,1.913,-389.99,0
627.21,41.161,-641,-339.44,23.068,-114.29,-447.14,-300,2.2174,-449.57,0
627.21,41.161,-641,-339.44,23.068,-114.29,-447.14,-300,2.5217,-535.18,0
627.21,41.161,-641,-339.44,23.068,-114.29,-447.14,-300,2.8261,-661.05,0
627.21,41.161,-641,-339.44,23.068,-114.29,-447.14,-300,3.1304,-856.8,0
627.21,41.161,-641,-339.44,23.068,-114.29,-447.14,-300,3.4348,-1196,0
627.21,41.161,-641,-339.44,23.068,-114.29,-447.14,-300,3.7391,-1928.5,0
627.21,41.161,-641,-339.44,23.068,-114.29,-447.14,-300,4.0435,-Inf,0
627.21,41.161,-641,-339.44,23.068,-114.29,-447.14,-300,4.3478,-Inf,0
627.21,41.161,-641,-339.44,23.068,-114.29,-447.14,-300,4.6522,-Inf,0
627.21,41.161,-641,-339.44,23.068,-114.29,-447.14,-300,4.9565,-Inf,0
627.21,41.161,-641,-339.44,23.068,-114.29,-447.14,-300,5.2609,-Inf,0
627.21,41.161,-641,-339.44,23.068,-114.29,-447.14,-300,5.5652,-Inf,0
627.21,41.161,-641,-339.44,23.068,-114.29,-447.14,-300,5.8696,-Inf,0
627.21,41.161,-641,-339.44,23.068,-114.29,-447.14,-300,6.1739,-Inf,0
627.21,41.161,-641,-339.44,23.068,-114.29,-447.14,-300,6.4783,-Inf,0
627.21,41.161,-641,-339.44,23.068,-114.29,-447.14,-300,6.7826,-Inf,0
627.21,41.161,-641,-339.44,23.068,-114.29,-447.14,-300,7.087,-Inf,0
627.21,41.161,-641,-339.44,23.068,-114.29,-447.14,-300,7.3913,-Inf,0
627.21,41.161,-641,-339.44,23.068,-114.29,-447.14,-300,7.6957,-Inf,0
627.21,41.161,-641,-339.44,23.068,-114.29,-447.14,-300,8,-Inf,0
582.05,40.174,-641,-339.44,23.068,-114.29,-447.14,-200,1,-302.35,0
582.05,40.174,-641,-339.44,23.068,-114.29,-447.14,-200,1.3043,-312.54,0
582.05,40.174,-641,-339.44,23.068,-114.29,-447.14,-200,1.6087,-331.56,0
582.05,40.174,-641,-339.44,23.068,-114.29,-447.14,-200,1.913,-361.18,0
582.05,40.174,-641,-339.44,23.068,-114.29,-447.14,-200,2.2174,-404.5,0
582.05,40.174,-641,-339.44,23.068,-114.29,-447.14,-200,2.5217,-466.91,0
582.05,40.174,-641,-339.44,23.068,-114.29,-447.14,-200,2.8261,-558.38,0
582.05,40.174,-641,-339.44,23.068,-114.29,-447.14,-200,3.1304,-699.21,0
582.05,40.174,-641,-339.44,23.068,-114.29,-447.14,-200,3.4348,-938.16,0
582.05,40.174,-641,-339.44,23.068,-114.29,-447.14,-200,3.7391,-1430.7,0
582.05,40.174,-641,-339.44,23.068,-114.29,-447.14,-200,4.0435,-Inf,0
582.05,40.174,-641,-339.44,23.068,-114.29,-447.14,-200,4.3478,-Inf,0
582.05,40.174,-641,-339.44,23.068,-114.29,-447.14,-200,4.6522,-Inf,0
582.05,40.174,-641,-339.44,23.068,-114.29,-447.14,-200,4.9565,-Inf,0
582.05,40.174,-641,-339.44,23.068,-114.29,-447.14,-200,5.2609,-Inf,0
582.05,40.174,-641,-339.44,23.068,-114.29,-447.14,-200,5.5652,-Inf,0
582.05,40.174,-641,-339.44,23.068,-114.29,-447.14,-200,5.8696,-Inf,0
582.05,40.174,-641,-339.44,23.068,-114.29,-447.14,-200,6.1739,-Inf,0
582.05,40.174,-641,-339.44,23.068,-114.29,-447.14,-200,6.4783,-Inf,0
582.05,40.174,-641,-339.44,23.068,-114.29,-447.14,-200,6.7826,-Inf,0
582.05,40.174,-641,-339.44,23.068,-114.29,-447.14,-200,7.087,-Inf,0
582.05,40.174,-641,-339.44,23.068,-114.29,-447.14,-200,7.3913,-Inf,0
582.05,40.174,-641,-339.44,23.068,-114.29,-447.14,-200,7.6957,-Inf,0
582.05,40.174,-641,-339.44,23.068,-114.29,-447.14,-200,8,-Inf,0
551.51,39.085,-641,-339.44,23.068,-114.29,-447.14,-100,1,-300.58,0
551.51,39.085,-641,-339.44,23.068,-114.29,-447.14,-100,1.3043,-306.3,0
551.51,39.085,-641,-339.44,23.068,-114.29,-447.14,-100,1.6087,-318.68,0
551.51,39.085,-641,-339.44,23.068,-114.29,-447.14,-100,1.913,-338.89,0
551.51,39.085,-641,-339.44,23.068,-114.29,-447.14,-100,2.2174,-369.02,0
551.51,39.085,-641,-339.44,23.068,-114.29,-447.14,-100,2.5217,-412.71,0
551.51,39.085,-641,-339.44,23.068,-114.29,-447.14,-100,2.8261,-476.59,0
551.51,39.085,-641,-339.44,23.068,-114.29,-447.14,-100,3.1304,-573.88,0
551.51,39.085,-641,-339.44,23.068,-114.29,-447.14,-100,3.4348,-735.11,0
551.51,39.085,-641,-339.44,23.068,-114.29,-447.14,-100,3.7391,-1050.8,0
551.51,39.085,-641,-339.44,23.068,-114.29,-447.14,-100,4.0435,-Inf,0
551.51,39.085,-641,-339.44,23.068,-114.29,-447.14,-100,4.3478,-Inf,0
551.51,39.085,-641,-339.44,23.068,-114.29,-447.14,-100,4.6522,-Inf,0
551.51,39.085,-641,-339.44,23.068,-114.29,-447.14,-100,4.9565,-Inf,0
551.51,39.085,-641,-339.44,23.068,-114.29,-447.14,-100,5.2609,-Inf,0
551.51,39.085,-641,-339.44,23.068,-114.29,-447.14,-100,5.5652,-Inf,0
551.51,39.085,-641,-339.44,23.068,-114.29,-447.14,-100,5.8696,-Inf,0
551.51,39.085,-641,-339.44,23.068,-114.29,-447.14,-100,6.1739,-Inf,0
551.51,39.085,-641,-339.44,23.068,-114.29,-447.14,-100,6.4783,-Inf,0
551.51,39.085,-641,-339.44,23.068,-114.29,-447.14,-100,6.7826,-Inf,0
551.51,39.085,-641,-339.44,23.068,-114.29,-447.14,-100,7.087,-Inf,0
551.51,39.085,-641,-339.44,23.068,-114.29,-447.14,-100,7.3913,-Inf,0
551.51,39.085,-641,-339.44,23.068,-114.29,-447.14,-100,7.6957,-Inf,0
551.51,39.085,-641,-339.44,23.068,-114.29,-447.14,-100,8,-Inf,0
538.1,37.951,-641,-339.44,23.068,-114.29,-447.14,0,1,-301.07,0
538.1,37.951,-641,-339.44,23.068,-114.29,-447.14,0,1.3043,-303.2,0
538.1,37.951,-641,-339.44,23.068,-114.29,-447.14,0,1.6087,-310.31,0
538.1,37.951,-641,-339.44,23.068,-114.29,-447.14,0,1.913,-323.09,0
538.1,37.951,-641,-339.44,23.068,-114.29,-447.14,0,2.2174,-342.87,0
538.1,37.951,-641,-339.44,23.068,-114.29,-447.14,0,2.5217,-371.95,0
538.1,37.951,-641,-339.44,23.068,-114.29,-447.14,0,2.8261,-414.51,0
538.1,37.951,-641,-339.44,23.068,-114.29,-447.14,0,3.1304,-478.62,0
538.1,37.951,-641,-339.44,23.068,-114.29,-447.14,0,3.4348,-582.11,0
538.1,37.951,-641,-339.44,23.068,-114.29,-447.14,0,3.7391,-773.64,0
538.1,37.951,-641,-339.44,23.068,-114.29,-447.14,0,4.0435,-1251.7,0
538.1,37.951,-641,-339.44,23.068,-114.29,-447.14,0,4.3478,-Inf,0
538.1,37.951,-641,-339.44,23.068,-114.29,-447.14,0,4.6522,-Inf,0
538.1,37.951,-641,-339.44,23.068,-114.29,-447.14,0,4.9565,-Inf,0
538.1,37.951,-641,-339.44,23.068,-114.29,-447.14,0,5.2609,-Inf,0
538.1,37.951,-641,-339.44,23.068,-114.29,-447.14,0,5.5652,-Inf,0
538.1,37.951,-641,-339.44,23.068,-114.29,-447.14,0,5.8696,-Inf,0
538.1,37.951,-641,-339.44,23.068,-114.29,-447.14,0,6.1739,-Inf,0
538.1,37.951,-641,-339.44,23.068,-114.29,-447.14,0,6.4783,-Inf,0
538.1,37.951,-641,-339.44,23.068,-114.29,-447.14,0,6.7826,-Inf,0
538.1,37.951,-641,-339.44,23.068,-114.29,-447.14,0,7.087,-Inf,0
538.1,37.951,-641,-339.44,23.068,-114.29,-447.14,0,7.3913,-Inf,0
538.1,37.951,-641,-339.44,23.068,-114.29,-447.14,0,7.6957,-Inf,0
538.1,37.951,-641,-339.44,23.068,-114.29,-447.14,0,8,-Inf,0
543.08,36.953,-641,-339.44,23.068,-114.29,-447.14,100,1,-304.93,0
543.08,36.953,-641,-339.44,23.068,-114.29,-447.14,100,1.3043,-304.11,0
543.08,36.953,-641,-339.44,23.068,-114.29,-447.14,100,1.6087,-307.04,0
543.08,36.953,-641,-339.44,23.068,-114.29,-447.14,100,1.913,-314.07,0
543.08,36.953,-641,-339.44,23.068,-114.29,-447.14,100,2.2174,-325.95,0
543.08,36.953,-641,-339.44,23.068,-114.29,-447.14,100,2.5217,-344.03,0
543.08,36.953,-641,-339.44,23.068,-114.29,-447.14,100,2.8261,-370.75,0
543.08,36.953,-641,-339.44,23.068,-114.29,-447.14,100,3.1304,-410.68,0
543.08,36.953,-641,-339.44,23.068,-114.29,-447.14,100,3.4348,-473.38,0
543.08,36.953,-641,-339.44,23.068,-114.29,-447.14,100,3.7391,-582.59,0
543.08,36.953,-641,-339.44,23.068,-114.29,-447.14,100,4.0435,-818.26,0
543.08,36.953,-641,-339.44,23.068,-114.29,-447.14,100,4.3478,-Inf,0
543.08,36.953,-641,-339.44,23.068,-114.29,-447.14,100,4.6522,-Inf,0
543.08,36.953,-641,-339.44,23.068,-114.29,-447.14,100,4.9565,-Inf,0
543.08,36.953,-641,-339.44,23.068,-114.29,-447.14,100,5.2609,-Inf,0
543.08,36.953,-641,-339.44,23.068,-114.29,-447.14,100,5.5652,-Inf,0
543.08,36.953,-641,-339.44,23.068,-114.29,-447.14,100,5.8696,-Inf,0
543.08,36.953,-641,-339.44,23.068,-114.29,-447.14,100,6.1739,-Inf,0
543.08,36.953,-641,-339.44,23.068,-114.29,-447.14,100,6.4783,-Inf,0
543.08,36.953,-641,-339.44,23.068,-114.29,-447.14,100,6.7826,-Inf,0
543.08,36.953,-641,-339.44,23.068,-114.29,-447.14,100,7.087,-Inf,0
543.08,36.953,-641,-339.44,23.068,-114.29,-447.14,100,7.3913,-Inf,0
543.08,36.953,-641,-339.44,23.068,-114.29,-447.14,100,7.6957,-Inf,0
543.08,36.953,-641,-339.44,23.068,-114.29,-447.14,100,8,-Inf,0
565.97,36.562,-641,-339.44,23.068,-114.29,-447.14,200,1,-315.18,0
565.97,36.562,-641,-339.44,23.068,-114.29,-447.14,200,1.3043,-311.52,0
565.97,36.562,-641,-339.44,23.068,-114.29,-447.14,200,1.6087,-310.86,0
565.97,36.562,-641,-339.44,23.068,-114.29,-447.14,200,1.913,-313.3,0
565.97,36.562,-641,-339.44,23.068,-114.29,-447.14,200,2.2174,-319.16,0
565.97,36.562,-641,-339.44,23.068,-114.29,-447.14,200,2.5217,-329.15,0
565.97,36.562,-641,-339.44,23.068,-114.29,-447.14,200,2.8261,-344.53,0
565.97,36.562,-641,-339.44,23.068,-114.29,-447.14,200,3.1304,-367.65,0
565.97,36.562,-641,-339.44,23.068,-114.29,-447.14,200,3.4348,-403.12,0
565.97,36.562,-641,-339.44,23.068,-114.29,-447.14,200,3.7391,-461.22,0
565.97,36.562,-641,-339.44,23.068,-114.29,-447.14,200,4.0435,-570.29,0
565.97,36.562,-641,-339.44,23.068,-114.29,-447.14,200,4.3478,-847.44,0
565.97,36.562,-641,-339.44,23.068,-114.29,-447.14,200,4.6522,-Inf,0
565.97,36.562,-641,-339.44,23.068,-114.29,-447.14,200,4.9565,-Inf,0
565.97,36.562,-641,-339.44,23.068,-114.29,-447.14,200,5.2609,-Inf,0
565.97,36.562,-641,-339.44,23.068,-114.29,-447.14,200,5.5652,-Inf,0
565.97,36.562,-641,-339.44,23.068,-114.29,-447.14,200,5.8696,-Inf,0
565.97,36.562,-641,-339.44,23.068,-114.29,-447.14,200,6.1739,-Inf,0
565.97,36.562,-641,-339.44,23.068,-114.29,-447.14,200,6.4783,-2433.4,0
565.97,36.562,-641,-339.44,23.068,-114.29,-447.14,200,6.7826,-Inf,0
565.97,36.562,-641,-339.44,23.068,-114.29,-447.14,200,7.087,-Inf,0
565.97,36.562,-641,-339.44,23.068,-114.29,-447.14,200,7.3913,-Inf,0
565.97,36.562,-641,-339.44,23.068,-114.29,-447.14,200,7.6957,-Inf,0
565.97,36.562,-641,-339.44,23.068,-114.29,-447.14,200,8,-Inf,0
604.74,37.829,-641,-339.44,23.068,-114.29,-447.14,300,1,-342.08,0
604.74,37.829,-641,-339.44,23.068,-114.29,-447.14,300,1.3043,-334.11,0
604.74,37.829,-641,-339.44,23.068,-114.29,-447.14,300,1.6087,-329.13,0
604.74,37.829,-641,-339.44,23.068,-114.29,-447.14,300,1.913,-326.94,0
604.74,37.829,-641,-339.44,23.068,-114.29,-447.14,300,2.2174,-327.52,0
604.74,37.829,-641,-339.44,23.068,-114.29,-447.14,300,2.5217,-331.09,0
604.74,37.829,-641,-339.44,23.068,-114.29,-447.14,300,2.8261,-338.2,0
604.74,37.829,-641,-339.44,23.068,-114.29,-447.14,300,3.1304,-349.86,0
604.74,37.829,-641,-339.44,23.068,-114.29,-447.14,300,3.4348,-367.99,0
604.74,37.829,-641,-339.44,23.068,-114.29,-447.14,300,3.7391,-396.42,0
604.74,37.829,-641,-339.44,23.068,-114.29,-447.14,300,4.0435,-443.78,0
604.74,37.829,-641,-339.44,23.068,-114.29,-447.14,300,4.3478,-534.08,0
604.74,37.829,-641,-339.44,23.068,-114.29,-447.14,300,4.6522,-767.76,0
604.74,37.829,-641,-339.44,23.068,-114.29,-447.14,300,4.9565,-Inf,0
604.74,37.829,-641,-339.44,23.068,-114.29,-447.14,300,5.2609,-Inf,0
604.74,37.829,-641,-339.44,23.068,-114.29,-447.14,300,5.5652,-Inf,0
604.74,37.829,-641,-339.44,23.068,-114.29,-447.14,300,5.8696,-Inf,0
604.74,37.829,-641,-339.44,23.068,-114.29,-447.14,300,6.1739,-Inf,0
604.74,37.829,-641,-339.44,23.068,-114.29,-447.14,300,6.4783,-Inf,0
604.74,37.829,-641,-339.44,23.068,-114.29,-447.14,300,6.7826,-2089.1,0
604.74,37.829,-641,-339.44,23.068,-114.29,-447.14,300,7.087,-2185.5,0
604.74,37.829,-641,-339.44,23.068,-114.29,-447.14,300,7.3913,-Inf,0
604.74,37.829,-641,-339.44,23.068,-114.29,-447.14,300,7.6957,-Inf,0
604.74,37.829,-641,-339.44,23.068,-114.29,-447.14,300,8,-Inf,0
618.2,41.167,-641,-339.44,23.068,-114.29,-358.93,-300,1,-271.71,0
618.2,41.167,-641,-339.44,23.068,-114.29,-358.93,-300,1.3043,-286,0
618.2,41.167,-641,-339.44,23.068,-114.29,-358.93,-300,1.6087,-310.47,0
618.2,41.167,-641,-339.44,23.068,-114.29,-358.93,-300,1.913,-347.37,0
618.2,41.167,-641,-339.44,23.068,-114.29,-358.93,-300,2.2174,-400.56,0
618.2,41.167,-641,-339.44,23.068,-114.29,-358.93,-300,2.5217,-476.75,0
618.2,41.167,-641,-339.44,23.068,-114.29,-358.93,-300,2.8261,-588.47,0
618.2,41.167,-641,-339.44,23.068,-114.29,-358.93,-300,3.1304,-761.63,0
618.2,41.167,-641,-339.44,23.068,-114.29,-358.93,-300,3.4348,-1060.1,0
618.2,41.167,-641,-339.44,23.068,-114.29,-358.93,-300,3.7391,-1698.3,0
618.2,41.167,-641,-339.44,23.068,-114.29,-358.93,-300,4.0435,-Inf,0
618.2,41.167,-641,-339.44,23.068,-114.29,-358.93,-300,4.3478,-Inf,0
618.2,41.167,-641,-339.44,23.068,-114.29,-358.93,-300,4.6522,-Inf,0
618.2,41.167,-641,-339.44,23.068,-114.29,-358.93,-300,4.9565,-Inf,0
618.2,41.167,-641,-339.44,23.068,-114.29,-358.93,-300,5.2609,-Inf,0
618.2,41.167,-641,-339.44,23.068,-114.29,-358.93,-300,5.5652,-Inf,0
618.2,41.167,-641,-339.44,23.068,-114.29,-358.93,-300,5.8696,-Inf,0
618.2,41.167,-641,-339.44,23.068,-114.29,-358.93,-300,6.1739,-Inf,0
618.2,41.167,-641,-339.44,23.068,-114.29,-358.93,-300,6.4783,-Inf,0
618.2,41.167,-641,-339.44,23.068,-114.29,-358.93,-300,6.7826,-Inf,0
618.2,41.167,-641,-339.44,23.068,-114.29,-358.93,-300,7.087,-Inf,0
618.2,41.167,-641,-339.44,23.068,-114.29,-358.93,-300,7.3913,-Inf,0
618.2,41.167,-641,-339.44,23.068,-114.29,-358.93,-300,7.6957,-Inf,0
618.2,41.167,-641,-339.44,23.068,-114.29,-358.93,-300,8,-Inf,0
572.33,39.915,-641,-339.44,23.068,-114.29,-358.93,-200,1,-268.19,0
572.33,39.915,-641,-339.44,23.068,-114.29,-358.93,-200,1.3043,-277.26,0
572.33,39.915,-641,-339.44,23.068,-114.29,-358.93,-200,1.6087,-293.91,0
572.33,39.915,-641,-339.44,23.068,-114.29,-358.93,-200,1.913,-319.66,0
572.33,39.915,-641,-339.44,23.068,-114.29,-358.93,-200,2.2174,-357.16,0
572.33,39.915,-641,-339.44,23.068,-114.29,-358.93,-200,2.5217,-411.02,0
572.33,39.915,-641,-339.44,23.068,-114.29,-358.93,-200,2.8261,-489.69,0
572.33,39.915,-641,-339.44,23.068,-114.29,-358.93,-200,3.1304,-610.36,0
572.33,39.915,-641,-339.44,23.068,-114.29,-358.93,-200,3.4348,-814.01,0
572.33,39.915,-641,-339.44,23.068,-114.29,-358.93,-200,3.7391,-1229.6,0
572.33,39.915,-641,-339.44,23.068,-114.29,-358.93,-200,4.0435,-Inf,0
572.33,39.915,-641,-339.44,23.068,-114.29,-358.93,-200,4.3478,-Inf,0
572.33,39.915,-641,-339.44,23.068,-114.29,-358.93,-200,4.6522,-Inf,0
572.33,39.915,-641,-339.44,23.068,-114.29,-358.93,-200,4.9565,-Inf,0
572.33,39.915,-641,-339.44,23.068,-114.29,-358.93,-200,5.2609,-Inf,0
572.33,39.915,-641,-339.44,23.068,-114.29,-358.93,-200,5.5652,-Inf,0
572.33,39.915,-641,-339.44,23.068,-114.29,-358.93,-200,5.8696,-Inf,0
572.33,39.915,-641,-339.44,23.068,-114.29,-358.93,-200,6.1739,-Inf,0
572.33,39.915,-641,-339.44,23.068,-114.29,-358.93,-200,6.4783,-Inf,0
572.33,39.915,-641,-339.44,23.068,-114.29,-358.93,-200,6.7826,-Inf,0
572.33,39.915,-641,-339.44,23.068,-114.29,-358.93,-200,7.087,-Inf,0
572.33,39.915,-641,-339.44,23.068,-114.29,-358.93,-200,7.3913,-Inf,0
572.33,39.915,-641,-339.44,23.068,-114.29,-358.93,-200,7.6957,-Inf,0
572.33,39.915,-641,-339.44,23.068,-114.29,-358.93,-200,8,-Inf,0
541.25,38.393,-641,-339.44,23.068,-114.29,-358.93,-100,1,-266.04,0
541.25,38.393,-641,-339.44,23.068,-114.29,-358.93,-100,1.3043,-271,0
541.25,38.393,-641,-339.44,23.068,-114.29,-358.93,-100,1.6087,-281.44,0
541.25,38.393,-641,-339.44,23.068,-114.29,-358.93,-100,1.913,-298.31,0
541.25,38.393,-641,-339.44,23.068,-114.29,-358.93,-100,2.2174,-323.32,0
541.25,38.393,-641,-339.44,23.068,-114.29,-358.93,-100,2.5217,-359.44,0
541.25,38.393,-641,-339.44,23.068,-114.29,-358.93,-100,2.8261,-412.06,0
541.25,38.393,-641,-339.44,23.068,-114.29,-358.93,-100,3.1304,-491.86,0
541.25,38.393,-641,-339.44,23.068,-114.29,-358.93,-100,3.4348,-623.35,0
541.25,38.393,-641,-339.44,23.068,-114.29,-358.93,-100,3.7391,-878.26,0
541.25,38.393,-641,-339.44,23.068,-114.29,-358.93,-100,4.0435,-1597.2,0
541.25,38.393,-641,-339.44,23.068,-114.29,-358.93,-100,4.3478,-Inf,0
541.25,38.393,-641,-339.44,23.068,-114.29,-358.93,-100,4.6522,-Inf,0
541.25,38.393,-641,-339.44,23.068,-114.29,-358.93,-100,4.9565,-Inf,0
541.25,38.393,-641,-339.44,23.068,-114.29,-358.93,-100,5.2609,-Inf,0
541.25,38.393,-641,-339.44,23.068,-114.29,-358.93,-100,5.5652,-Inf,0
541.25,38.393,-641,-339.44,23.068,-114.29,-358.93,-100,5.8696,-Inf,0
541.25,38.393,-641,-339.44,23.068,-114.29,-358.93,-100,6.1739,-Inf,0
541.25,38.393,-641,-339.44,23.068,-114.29,-358.93,-100,6.4783,-Inf,0
541.25,38.393,-641,-339.44,23.068,-114.29,-358.93,-100,6.7826,-Inf,0
541.25,38.393,-641,-339.44,23.068,-114.29,-358.93,-100,7.087,-Inf,0
541.25,38.393,-641,-339.44,23.068,-114.29,-358.93,-100,7.3913,-Inf,0
541.25,38.393,-641,-339.44,23.068,-114.29,-358.93,-100,7.6957,-Inf,0
541.25,38.393,-641,-339.44,23.068,-114.29,-358.93,-100,8,-Inf,0
527.57,36.535,-641,-339.44,23.068,-114.29,-358.93,0,1,-265.27,0
527.57,36.535,-641,-339.44,23.068,-114.29,-358.93,0,1.3043,-267.12,0
527.57,36.535,-641,-339.44,23.068,-114.29,-358.93,0,1.6087,-272.81,0
527.57,36.535,-641,-339.44,23.068,-114.29,-358.93,0,1.913,-282.88,0
527.57,36.535,-641,-339.44,23.068,-114.29,-358.93,0,2.2174,-298.35,0
527.57,36.535,-641,-339.44,23.068,-114.29,-358.93,0,2.5217,-320.97,0
527.57,36.535,-641,-339.44,23.068,-114.29,-358.93,0,2.8261,-353.92,0
527.57,36.535,-641,-339.44,23.068,-114.29,-358.93,0,3.1304,-403.32,0
527.57,36.535,-641,-339.44,23.068,-114.29,-358.93,0,3.4348,-482.59,0
527.57,36.535,-641,-339.44,23.068,-114.29,-358.93,0,3.7391,-627.86,0
527.57,36.535,-641,-339.44,23.068,-114.29,-358.93,0,4.0435,-982.72,0
527.57,36.535,-641,-339.44,23.068,-114.29,-358.93,0,4.3478,-Inf,0
527.57,36.535,-641,-339.44,23.068,-114.29,-358.93,0,4.6522,-Inf,0
527.57,36.535,-641,-339.44,23.068,-114.29,-358.93,0,4.9565,-Inf,0
527.57,36.535,-641,-339.44,23.068,-114.29,-358.93,0,5.2609,-Inf,0
527.57,36.535,-641,-339.44,23.068,-114.29,-358.93,0,5.5652,-Inf,0
527.57,36.535,-641,-339.44,23.068,-114.29,-358.93,0,5.8696,-Inf,0
527.57,36.535,-641,-339.44,23.068,-114.29,-358.93,0,6.1739,-Inf,0
527.57,36.535,-641,-339.44,23.068,-114.29,-358.93,0,6.4783,-Inf,0
527.57,36.535,-641,-339.44,23.068,-114.29,-358.93,0,6.7826,-Inf,0
527.57,36.535,-641,-339.44,23.068,-114.29,-358.93,0,7.087,-Inf,0
527.57,36.535,-641,-339.44,23.068,-114.29,-358.93,0,7.3913,-Inf,0
527.57,36.535,-641,-339.44,23.068,-114.29,-358.93,0,7.6957,-Inf,0
527.57,36.535,-641,-339.44,23.068,-114.29,-358.93,0,8,-Inf,0
532.65,34.305,-641,-339.44,23.068,-114.29,-358.93,100,1,-266.03,0
532.65,34.305,-641,-339.44,23.068,-114.29,-358.93,100,1.3043,-265.59,0
532.65,34.305,-641,-339.44,23.068,-114.29,-358.93,100,1.6087,-267.8,0
532.65,34.305,-641,-339.44,23.068,-114.29,-358.93,100,1.913,-272.89,0
532.65,34.305,-641,-339.44,23.068,-114.29,-358.93,100,2.2174,-281.38,0
532.65,34.305,-641,-339.44,23.068,-114.29,-358.93,100,2.5217,-294.22,0
532.65,34.305,-641,-339.44,23.068,-114.29,-358.93,100,2.8261,-313.09,0
532.65,34.305,-641,-339.44,23.068,-114.29,-358.93,100,3.1304,-341.13,0
532.65,34.305,-641,-339.44,23.068,-114.29,-358.93,100,3.4348,-384.87,0
532.65,34.305,-641,-339.44,23.068,-114.29,-358.93,100,3.7391,-460.33,0
532.65,34.305,-641,-339.44,23.068,-114.29,-358.93,100,4.0435,-620.33,0
532.65,34.305,-641,-339.44,23.068,-114.29,-358.93,100,4.3478,-1195.1,0
532.65,34.305,-641,-339.44,23.068,-114.29,-358.93,100,4.6522,-Inf,0
532.65,34.305,-641,-339.44,23.068,-114.29,-358.93,100,4.9565,-Inf,0
532.65,34.305,-641,-339.44,23.068,-114.29,-358.93,100,5.2609,-Inf,0
532.65,34.305,-641,-339.44,23.068,-114.29,-358.93,100,5.5652,-Inf,0
532.65,34.305,-641,-339.44,23.068,-114.29,-358.93,100,5.8696,-Inf,0
532.65,34.305,-641,-339.44,23.068,-114.29,-358.93,100,6.1739,-2574.6,0
532.65,34.305,-641,-339.44,23.068,-114.29,-358.93,100,6.4783,-Inf,0
532.65,34.305,-641,-339.44,23.068,-114.29,-358.93,100,6.7826,-Inf,0
532.65,34.305,-641,-339.44,23.068,-114.29,-358.93,100,7.087,-Inf,0
532.65,34.305,-641,-339.44,23.068,-114.29,-358.93,100,7.3913,-Inf,0
532.65,34.305,-641,-339.44,23.068,-114.29,-358.93,100,7.6957,-Inf,0
532.65,34.305,-641,-339.44,23.068,-114.29,-358.93,100,8,-Inf,0
555.97,31.852,-641,-339.44,23.068,-114.29,-358.93,200,1,-268.93,0
555.97,31.852,-641,-339.44,23.068,-114.29,-358.93,200,1.3043,-266.76,0
555.97,31.852,-641,-339.44,23.068,-114.29,-358.93,200,1.6087,-266.44,0
555.97,31.852,-641,-339.44,23.068,-114.29,-358.93,200,1.913,-268,0
555.97,31.852,-641,-339.44,23.068,-114.29,-358.93,200,2.2174,-271.65,0
555.97,31.852,-641,-339.44,23.068,-114.29,-358.93,200,2.5217,-277.8,0
555.97,31.852,-641,-339.44,23.068,-114.29,-358.93,200,2.8261,-287.21,0
555.97,31.852,-641,-339.44,23.068,-114.29,-358.93,200,3.1304,-301.27,0
555.97,31.852,-641,-339.44,23.068,-114.29,-358.93,200,3.4348,-322.69,0
555.97,31.852,-641,-339.44,23.068,-114.29,-358.93,200,3.7391,-357.44,0
555.97,31.852,-641,-339.44,23.068,-114.29,-358.93,200,4.0435,-421.78,0
555.97,31.852,-641,-339.44,23.068,-114.29,-358.93,200,4.3478,-580.35,0
555.97,31.852,-641,-339.44,23.068,-114.29,-358.93,200,4.6522,-Inf,0
555.97,31.852,-641,-339.44,23.068,-114.29,-358.93,200,4.9565,-Inf,0
555.97,31.852,-641,-339.44,23.068,-114.29,-358.93,200,5.2609,-Inf,0
555.97,31.852,-641,-339.44,23.068,-114.29,-358.93,200,5.5652,-Inf,0
555.97,31.852,-641,-339.44,23.068,-114.29,-358.93,200,5.8696,-Inf,0
555.97,31.852,-641,-339.44,23.068,-114.29,-358.93,200,6.1739,-Inf,0
555.97,31.852,-641,-339.44,23.068,-114.29,-358.93,200,6.4783,-1710.4,0
555.97,31.852,-641,-339.44,23.068,-114.29,-358.93,200,6.7826,-Inf,0
555.97,31.852,-641,-339.44,23.068,-114.29,-358.93,200,7.087,-Inf,0
555.97,31.852,-641,-339.44,23.068,-114.29,-358.93,200,7.3913,-Inf,0
555.97,31.852,-641,-339.44,23.068,-114.29,-358.93,200,7.6957,-Inf,0
555.97,31.852,-641,-339.44,23.068,-114.29,-358.93,200,8,-Inf,0
595.39,30.1,-641,-339.44,23.068,-114.29,-358.93,300,1,-276.36,0
595.39,30.1,-641,-339.44,23.068,-114.29,-358.93,300,1.3043,-272.42,0
595.39,30.1,-641,-339.44,23.068,-114.29,-358.93,300,1.6087,-269.97,0
595.39,30.1,-641,-339.44,23.068,-114.29,-358.93,300,1.913,-268.89,0
595.39,30.1,-641,-339.44,23.068,-114.29,-358.93,300,2.2174,-269.16,0
595.39,30.1,-641,-339.44,23.068,-114.29,-358.93,300,2.5217,-270.9,0
595.39,30.1,-641,-339.44,23.068,-114.29,-358.93,300,2.8261,-274.34,0
595.39,30.1,-641,-339.44,23.068,-114.29,-358.93,300,3.1304,-279.95,0
595.39,30.1,-641,-339.44,23.068,-114.29,-358.93,300,3.4348,-288.65,0
595.39,30.1,-641,-339.44,23.068,-114.29,-358.93,300,3.7391,-302.18,0
595.39,30.1,-641,-339.44,23.068,-114.29,-358.93,300,4.0435,-324.49,0
595.39,30.1,-641,-339.44,23.068,-114.29,-358.93,300,4.3478,-366.35,0
595.39,30.1,-641,-339.44,23.068,-114.29,-358.93,300,4.6522,-470.83,0
595.39,30.1,-641,-339.44,23.068,-114.29,-358.93,300,4.9565,-1091.4,0
595.39,30.1,-641,-339.44,23.068,-114.29,-358.93,300,5.2609,-Inf,0
595.39,30.1,-641,-339.44,23.068,-114.29,-358.93,300,5.5652,-Inf,0
595.39,30.1,-641,-339.44,23.068,-114.29,-358.93,300,5.8696,-Inf,0
595.39,30.1,-641,-339.44,23.068,-114.29,-358.93,300,6.1739,-Inf,0
595.39,30.1,-641,-339.44,23.068,-114.29,-358.93,300,6.4783,-Inf,0
595.39,30.1,-641,-339.44,23.068,-114.29,-358.93,300,6.7826,-1289.9,0
595.39,30.1,-641,-339.44,23.068,-114.29,-358.93,300,7.087,-1297.8,0
595.39,30.1,-641,-339.44,23.068,-114.29,-358.93,300,7.3913,-Inf,0
595.39,30.1,-641,-339.44,23.068,-114.29,-358.93,300,7.6957,-Inf,0
595.39,30.1,-641,-339.44,23.068,-114.29,-358.93,300,8,-Inf,0
621.71,41.796,-641,-339.44,23.068,-114.29,-270.71,-300,1,-253.54,0
621.71,41.796,-641,-339.44,23.068,-114.29,-270.71,-300,1.3043,-267.12,0
621.71,41.796,-641,-339.44,23.068,-114.29,-270.71,-300,1.6087,-290.12,0
621.71,41.796,-641,-339.44,23.068,-114.29,-270.71,-300,1.913,-324.62,0
621.71,41.796,-641,-339.44,23.068,-114.29,-270.71,-300,2.2174,-374.17,0
621.71,41.796,-641,-339.44,23.068,-114.29,-270.71,-300,2.5217,-444.97,0
621.71,41.796,-641,-339.44,23.068,-114.29,-270.71,-300,2.8261,-548.49,0
621.71,41.796,-641,-339.44,23.068,-114.29,-270.71,-300,3.1304,-708.42,0
621.71,41.796,-641,-339.44,23.068,-114.29,-270.71,-300,3.4348,-982.77,0
621.71,41.796,-641,-339.44,23.068,-114.29,-270.71,-300,3.7391,-1563.7,0
621.71,41.796,-641,-339.44,23.068,-114.29,-270.71,-300,4.0435,-Inf,0
621.71,41.796,-641,-339.44,23.068,-114.29,-270.71,-300,4.3478,-Inf,0
621.71,41.796,-641,-339.44,23.068,-114.29,-270.71,-300,4.6522,-Inf,0
621.71,41.796,-641,-339.44,23.068,-114.29,-270.71,-300,4.9565,-Inf,0
621.71,41.796,-641,-339.44,23.068,-114.29,-270.71,-300,5.2609,-Inf,0
621.71,41.796,-641,-339.44,23.068,-114.29,-270.71,-300,5.5652,-Inf,0
621.71,41.796,-641,-339.44,23.068,-114.29,-270.71,-300,5.8696,-Inf,0
621.71,41.796,-641,-339.44,23.068,-114.29,-270.71,-300,6.1739,-Inf,0
621.71,41.796,-641,-339.44,23.068,-114.29,-270.71,-300,6.4783,-Inf,0
621.71,41.796,-641,-339.44,23.068,-114.29,-270.71,-300,6.7826,-Inf,0
621.71,41.796,-641,-339.44,23.068,-114.29,-270.71,-300,7.087,-Inf,0
621.71,41.796,-641,-339.44,23.068,-114.29,-270.71,-300,7.3913,-Inf,0
621.71,41.796,-641,-339.44,23.068,-114.29,-270.71,-300,7.6957,-Inf,0
621.71,41.796,-641,-339.44,23.068,-114.29,-270.71,-300,8,-Inf,0
576.11,40.455,-641,-339.44,23.068,-114.29,-270.71,-200,1,-250.49,0
576.11,40.455,-641,-339.44,23.068,-114.29,-270.71,-200,1.3043,-259,0
576.11,40.455,-641,-339.44,23.068,-114.29,-270.71,-200,1.6087,-274.38,0
576.11,40.455,-641,-339.44,23.068,-114.29,-270.71,-200,1.913,-297.99,0
576.11,40.455,-641,-339.44,23.068,-114.29,-270.71,-200,2.2174,-332.23,0
576.11,40.455,-641,-339.44,23.068,-114.29,-270.71,-200,2.5217,-381.24,0
576.11,40.455,-641,-339.44,23.068,-114.29,-270.71,-200,2.8261,-452.61,0
576.11,40.455,-641,-339.44,23.068,-114.29,-270.71,-200,3.1304,-561.69,0
576.11,40.455,-641,-339.44,23.068,-114.29,-270.71,-200,3.4348,-744.84,0
576.11,40.455,-641,-339.44,23.068,-114.29,-270.71,-200,3.7391,-1115,0
576.11,40.455,-641,-339.44,23.068,-114.29,-270.71,-200,4.0435,-Inf,0
576.11,40.455,-641,-339.44,23.068,-114.29,-270.71,-200,4.3478,-Inf,0
576.11,40.455,-641,-339.44,23.068,-114.29,-270.71,-200,4.6522,-Inf,0
576.11,40.455,-641,-339.44,23.068,-114.29,-270.71,-200,4.9565,-Inf,0
576.11,40.455,-641,-339.44,23.068,-114.29,-270.71,-200,5.2609,-Inf,0
576.11,40.455,-641,-339.44,23.068,-114.29,-270.71,-200,5.5652,-Inf,0
576.11,40.455,-641,-339.44,23.068,-114.29,-270.71,-200,5.8696,-Inf,0
576.11,40.455,-641,-339.44,23.068,-114.29,-270.71,-200,6.1739,-Inf,0
576.11,40.455,-641,-339.44,23.068,-114.29,-270.71,-200,6.4783,-Inf,0
576.11,40.455,-641,-339.44,23.068,-114.29,-270.71,-200,6.7826,-Inf,0
576.11,40.455,-641,-339.44,23.068,-114.29,-270.71,-200,7.087,-Inf,0
576.11,40.455,-641,-339.44,23.068,-114.29,-270.71,-200,7.3913,-Inf,0
576.11,40.455,-641,-339.44,23.068,-114.29,-270.71,-200,7.6957,-Inf,0
576.11,40.455,-641,-339.44,23.068,-114.29,-270.71,-200,8,-Inf,0
545.24,38.743,-641,-339.44,23.068,-114.29,-270.71,-100,1,-248.74,0
545.24,38.743,-641,-339.44,23.068,-114.29,-270.71,-100,1.3043,-253.34,0
545.24,38.743,-641,-339.44,23.068,-114.29,-270.71,-100,1.6087,-262.75,0
545.24,38.743,-641,-339.44,23.068,-114.29,-270.71,-100,1.913,-277.8,0
545.24,38.743,-641,-339.44,23.068,-114.29,-270.71,-100,2.2174,-300,0
545.24,38.743,-641,-339.44,23.068,-114.29,-270.71,-100,2.5217,-331.92,0
545.24,38.743,-641,-339.44,23.068,-114.29,-270.71,-100,2.8261,-378.25,0
545.24,38.743,-641,-339.44,23.068,-114.29,-270.71,-100,3.1304,-448.24,0
545.24,38.743,-641,-339.44,23.068,-114.29,-270.71,-100,3.4348,-562.92,0
545.24,38.743,-641,-339.44,23.068,-114.29,-270.71,-100,3.7391,-783.17,0
545.24,38.743,-641,-339.44,23.068,-114.29,-270.71,-100,4.0435,-1389.5,0
545.24,38.743,-641,-339.44,23.068,-114.29,-270.71,-100,4.3478,-Inf,0
545.24,38.743,-641,-339.44,23.068,-114.29,-270.71,-100,4.6522,-Inf,0
545.24,38.743,-641,-339.44,23.068,-114.29,-270.71,-100,4.9565,-Inf,0
545.24,38.743,-641,-339.44,23.068,-114.29,-270.71,-100,5.2609,-Inf,0
545.24,38.743,-641,-339.44,23.068,-114.29,-270.71,-100,5.5652,-Inf,0
545.24,38.743,-641,-339.44,23.068,-114.29,-270.71,-100,5.8696,-Inf,0
545.24,38.743,-641,-339.44,23.068,-114.29,-270.71,-100,6.1739,-Inf,0
545.24,38.743,-641,-339.44,23.068,-114.29,-270.71,-100,6.4783,-Inf,0
545.24,38.743,-641,-339.44,23.068,-114.29,-270.71,-100,6.7826,-Inf,0
545.24,38.743,-641,-339.44,23.068,-114.29,-270.71,-100,7.087,-Inf,0
545.24,38.743,-641,-339.44,23.068,-114.29,-270.71,-100,7.3913,-Inf,0
545.24,38.743,-641,-339.44,23.068,-114.29,-270.71,-100,7.6957,-Inf,0
545.24,38.743,-641,-339.44,23.068,-114.29,-270.71,-100,8,-Inf,0
531.67,36.491,-641,-339.44,23.068,-114.29,-270.71,0,1,-248.17,0
531.67,36.491,-641,-339.44,23.068,-114.29,-270.71,0,1.3043,-249.9,0
531.67,36.491,-641,-339.44,23.068,-114.29,-270.71,0,1.6087,-254.87,0
531.67,36.491,-641,-339.44,23.068,-114.29,-270.71,0,1.913,-263.5,0
531.67,36.491,-641,-339.44,23.068,-114.29,-270.71,0,2.2174,-276.66,0
531.67,36.491,-641,-339.44,23.068,-114.29,-270.71,0,2.5217,-295.8,0
531.67,36.491,-641,-339.44,23.068,-114.29,-270.71,0,2.8261,-323.56,0
531.67,36.491,-641,-339.44,23.068,-114.29,-270.71,0,3.1304,-364.98,0
531.67,36.491,-641,-339.44,23.068,-114.29,-270.71,0,3.4348,-431.05,0
531.67,36.491,-641,-339.44,23.068,-114.29,-270.71,0,3.7391,-551.03,0
531.67,36.491,-641,-339.44,23.068,-114.29,-270.71,0,4.0435,-838.2,0
531.67,36.491,-641,-339.44,23.068,-114.29,-270.71,0,4.3478,-Inf,0
531.67,36.491,-641,-339.44,23.068,-114.29,-270.71,0,4.6522,-Inf,0
531.67,36.491,-641,-339.44,23.068,-114.29,-270.71,0,4.9565,-Inf,0
531.67,36.491,-641,-339.44,23.068,-114.29,-270.71,0,5.2609,-Inf,0
531.67,36.491,-641,-339.44,23.068,-114.29,-270.71,0,5.5652,-Inf,0
531.67,36.491,-641,-339.44,23.068,-114.29,-270.71,0,5.8696,-Inf,0
531.67,36.491,-641,-339.44,23.068,-114.29,-270.71,0,6.1739,-3500.9,0
531.67,36.491,-641,-339.44,23.068,-114.29,-270.71,0,6.4783,-Inf,0
531.67,36.491,-641,-339.44,23.068,-114.29,-270.71,0,6.7826,-Inf,0
531.67,36.491,-641,-339.44,23.068,-114.29,-270.71,0,7.087,-Inf,0
531.67,36.491,-641,-339.44,23.068,-114.29,-270.71,0,7.3913,-Inf,0
531.67,36.491,-641,-339.44,23.068,-114.29,-270.71,0,7.6957,-Inf,0
531.67,36.491,-641,-339.44,23.068,-114.29,-270.71,0,8,-Inf,0
536.72,33.425,-641,-339.44,23.068,-114.29,-270.71,100,1,-248.64,0
536.72,33.425,-641,-339.44,23.068,-114.29,-270.71,100,1.3043,-248.43,0
536.72,33.425,-641,-339.44,23.068,-114.29,-270.71,100,1.6087,-250.28,0
536.72,33.425,-641,-339.44,23.068,-114.29,-270.71,100,1.913,-254.39,0
536.72,33.425,-641,-339.44,23.068,-114.29,-270.71,100,2.2174,-261.15,0
536.72,33.425,-641,-339.44,23.068,-114.29,-270.71,100,2.5217,-271.3,0
536.72,33.425,-641,-339.44,23.068,-114.29,-270.71,100,2.8261,-286.12,0
536.72,33.425,-641,-339.44,23.068,-114.29,-270.71,100,3.1304,-308.02,0
536.72,33.425,-641,-339.44,23.068,-114.29,-270.71,100,3.4348,-341.96,0
536.72,33.425,-641,-339.44,23.068,-114.29,-270.71,100,3.7391,-399.99,0
536.72,33.425,-641,-339.44,23.068,-114.29,-270.71,100,4.0435,-520.99,0
536.72,33.425,-641,-339.44,23.068,-114.29,-270.71,100,4.3478,-934.5,0
536.72,33.425,-641,-339.44,23.068,-114.29,-270.71,100,4.6522,-Inf,0
536.72,33.425,-641,-339.44,23.068,-114.29,-270.71,100,4.9565,-Inf,0
536.72,33.425,-641,-339.44,23.068,-114.29,-270.71,100,5.2609,-Inf,0
536.72,33.425,-641,-339.44,23.068,-114.29,-270.71,100,5.5652,-Inf,0
536.72,33.425,-641,-339.44,23.068,-114.29,-270.71,100,5.8696,-Inf,0
536.72,33.425,-641,-339.44,23.068,-114.29,-270.71,100,6.1739,-2237.6,0
536.72,33.425,-641,-339.44,23.068,-114.29,-270.71,100,6.4783,-2923.6,0
536.72,33.425,-641,-339.44,23.068,-114.29,-270.71,100,6.7826,-Inf,0
536.72,33.425,-641,-339.44,23.068,-114.29,-270.71,100,7.087,-Inf,0
536.72,33.425,-641,-339.44,23.068,-114.29,-270.71,100,7.3913,-Inf,0
536.72,33.425,-641,-339.44,23.068,-114.29,-270.71,100,7.6957,-Inf,0
536.72,33.425,-641,-339.44,23.068,-114.29,-270.71,100,8,-Inf,0
559.87,29.106,-641,-339.44,23.068,-114.29,-270.71,200,1,-250.11,0
559.87,29.106,-641,-339.44,23.068,-114.29,-270.71,200,1.3043,-248.68,0
559.87,29.106,-641,-339.44,23.068,-114.29,-270.71,200,1.6087,-248.53,0
559.87,29.106,-641,-339.44,23.068,-114.29,-270.71,200,1.913,-249.68,0
559.87,29.106,-641,-339.44,23.068,-114.29,-270.71,200,2.2174,-252.28,0
559.87,29.106,-641,-339.44,23.068,-114.29,-270.71,200,2.5217,-256.61,0
559.87,29.106,-641,-339.44,23.068,-114.29,-270.71,200,2.8261,-263.16,0
559.87,29.106,-641,-339.44,23.068,-114.29,-270.71,200,3.1304,-272.89,0
559.87,29.106,-641,-339.44,23.068,-114.29,-270.71,200,3.4348,-287.61,0
559.87,29.106,-641,-339.44,23.068,-114.29,-270.71,200,3.7391,-311.28,0
559.87,29.106,-641,-339.44,23.068,-114.29,-270.71,200,4.0435,-354.51,0
559.87,29.106,-641,-339.44,23.068,-114.29,-270.71,200,4.3478,-458.09,0
559.87,29.106,-641,-339.44,23.068,-114.29,-270.71,200,4.6522,-1010.9,0
559.87,29.106,-641,-339.44,23.068,-114.29,-270.71,200,4.9565,-Inf,0
559.87,29.106,-641,-339.44,23.068,-114.29,-270.71,200,5.2609,-Inf,0
559.87,29.106,-641,-339.44,23.068,-114.29,-270.71,200,5.5652,-2378.3,0
559.87,29.106,-641,-339.44,23.068,-114.29,-270.71,200,5.8696,-Inf,0
559.87,29.106,-641,-339.44,23.068,-114.29,-270.71,200,6.1739,-Inf,0
559.87,29.106,-641,-339.44,23.068,-114.29,-270.71,200,6.4783,-1366.9,0
559.87,29.106,-641,-339.44,23.068,-114.29,-270.71,200,6.7826,-1955.2,0
559.87,29.106,-641,-339.44,23.068,-114.29,-270.71,200,7.087,-Inf,0
559.87,29.106,-641,-339.44,23.068,-114.29,-270.71,200,7.3913,-Inf,0
559.87,29.106,-641,-339.44,23.068,-114.29,-270.71,200,7.6957,-Inf,0
559.87,29.106,-641,-339.44,23.068,-114.29,-270.71,200,8,-Inf,0
599.03,23.034,-641,-339.44,23.068,-114.29,-270.71,300,1,-252.85,0
599.03,23.034,-641,-339.44,23.068,-114.29,-270.71,300,1.3043,-250.64,0
599.03,23.034,-641,-339.44,23.068,-114.29,-270.71,300,1.6087,-249.27,0
599.03,23.034,-641,-339.44,23.068,-114.29,-270.71,300,1.913,-248.67,0
599.03,23.034,-641,-339.44,23.068,-114.29,-270.71,300,2.2174,-248.83,0
599.03,23.034,-641,-339.44,23.068,-114.29,-270.71,300,2.5217,-249.79,0
599.03,23.034,-641,-339.44,23.068,-114.29,-270.71,300,2.8261,-251.7,0
599.03,23.034,-641,-339.44,23.068,-114.29,-270.71,300,3.1304,-254.8,0
599.03,23.034,-641,-339.44,23.068,-114.29,-270.71,300,3.4348,-259.56,0
599.03,23.034,-641,-339.44,23.068,-114.29,-270.71,300,3.7391,-266.92,0
599.03,23.034,-641,-339.44,23.068,-114.29,-270.71,300,4.0435,-278.93,0
599.03,23.034,-641,-339.44,23.068,-114.29,-270.71,300,4.3478,-301.12,0
599.03,23.034,-641,-339.44,23.068,-114.29,-270.71,300,4.6522,-354.74,0
599.03,23.034,-641,-339.44,23.068,-114.29,-270.71,300,4.9565,-635.22,0
599.03,23.034,-641,-339.44,23.068,-114.29,-270.71,300,5.2609,-Inf,0
599.03,23.034,-641,-339.44,23.068,-114.29,-270.71,300,5.5652,-Inf,0
599.03,23.034,-641,-339.44,23.068,-114.29,-270.71,300,5.8696,-1643.6,0
599.03,23.034,-641,-339.44,23.068,-114.29,-270.71,300,6.1739,-Inf,0
599.03,23.034,-641,-339.44,23.068,-114.29,-270.71,300,6.4783,-Inf,0
599.03,23.034,-641,-339.44,23.068,-114.29,-270.71,300,6.7826,-935.1,0
599.03,23.034,-641,-339.44,23.068,-114.29,-270.71,300,7.087,-906.62,0
599.03,23.034,-641,-339.44,23.068,-114.29,-270.71,300,7.3913,-Inf,0
599.03,23.034,-641,-339.44,23.068,-114.29,-270.71,300,7.6957,-Inf,0
599.03,23.034,-641,-339.44,23.068,-114.29,-270.71,300,8,-Inf,0
637.52,43.071,-641,-339.44,23.068,-114.29,-182.5,-300,1,-248.35,0
637.52,43.071,-641,-339.44,23.068,-114.29,-182.5,-300,1.3043,-261.9,0
637.52,43.071,-641,-339.44,23.068,-114.29,-182.5,-300,1.6087,-284.58,0
637.52,43.071,-641,-339.44,23.068,-114.29,-182.5,-300,1.913,-318.41,0
637.52,43.071,-641,-339.44,23.068,-114.29,-182.5,-300,2.2174,-366.84,0
637.52,43.071,-641,-339.44,23.068,-114.29,-182.5,-300,2.5217,-435.85,0
637.52,43.071,-641,-339.44,23.068,-114.29,-182.5,-300,2.8261,-536.51,0
637.52,43.071,-641,-339.44,23.068,-114.29,-182.5,-300,3.1304,-691.52,0
637.52,43.071,-641,-339.44,23.068,-114.29,-182.5,-300,3.4348,-956.21,0
637.52,43.071,-641,-339.44,23.068,-114.29,-182.5,-300,3.7391,-1511.6,0
637.52,43.071,-641,-339.44,23.068,-114.29,-182.5,-300,4.0435,-Inf,0
637.52,43.071,-641,-339.44,23.068,-114.29,-182.5,-300,4.3478,-Inf,0
637.52,43.071,-641,-339.44,23.068,-114.29,-182.5,-300,4.6522,-Inf,0
637.52,43.071,-641,-339.44,23.068,-114.29,-182.5,-300,4.9565,-Inf,0
637.52,43.071,-641,-339.44,23.068,-114.29,-182.5,-300,5.2609,-Inf,0
637.52,43.071,-641,-339.44,23.068,-114.29,-182.5,-300,5.5652,-Inf,0
637.52,43.071,-641,-339.44,23.068,-114.29,-182.5,-300,5.8696,-Inf,0
637.52,43.071,-641,-339.44,23.068,-114.29,-182.5,-300,6.1739,-Inf,0
637.52,43.071,-641,-339.44,23.068,-114.29,-182.5,-300,6.4783,-Inf,0
637.52,43.071,-641,-339.44,23.068,-114.29,-182.5,-300,6.7826,-Inf,0
637.52,43.071,-641,-339.44,23.068,-114.29,-182.5,-300,7.087,-Inf,0
637.52,43.071,-641,-339.44,23.068,-114.29,-182.5,-300,7.3913,-Inf,0
637.52,43.071,-641,-339.44,23.068,-114.29,-182.5,-300,7.6957,-Inf,0
637.52,43.071,-641,-339.44,23.068,-114.29,-182.5,-300,8,-Inf,0
593.14,41.851,-641,-339.44,23.068,-114.29,-182.5,-200,1,-245.44,0
593.14,41.851,-641,-339.44,23.068,-114.29,-182.5,-200,1.3043,-253.93,0
593.14,41.851,-641,-339.44,23.068,-114.29,-182.5,-200,1.6087,-269.02,0
593.14,41.851,-641,-339.44,23.068,-114.29,-182.5,-200,1.913,-292.02,0
593.14,41.851,-641,-339.44,23.068,-114.29,-182.5,-200,2.2174,-325.24,0
593.14,41.851,-641,-339.44,23.068,-114.29,-182.5,-200,2.5217,-372.64,0
593.14,41.851,-641,-339.44,23.068,-114.29,-182.5,-200,2.8261,-441.46,0
593.14,41.851,-641,-339.44,23.068,-114.29,-182.5,-200,3.1304,-546.27,0
593.14,41.851,-641,-339.44,23.068,-114.29,-182.5,-200,3.4348,-721.4,0
593.14,41.851,-641,-339.44,23.068,-114.29,-182.5,-200,3.7391,-1072.2,0
593.14,41.851,-641,-339.44,23.068,-114.29,-182.5,-200,4.0435,-Inf,0
593.14,41.851,-641,-339.44,23.068,-114.29,-182.5,-200,4.3478,-Inf,0
593.14,41.851,-641,-339.44,23.068,-114.29,-182.5,-200,4.6522,-Inf,0
593.14,41.851,-641,-339.44,23.068,-114.29,-182.5,-200,4.9565,-Inf,0
593.14,41.851,-641,-339.44,23.068,-114.29,-182.5,-200,5.2609,-Inf,0
593.14,41.851,-641,-339.44,23.068,-114.29,-182.5,-200,5.5652,-Inf,0
593.14,41.851,-641,-339.44,23.068,-114.29,-182.5,-200,5.8696,-Inf,0
593.14,41.851,-641,-339.44,23.068,-114.29,-182.5,-200,6.1739,-Inf,0
593.14,41.851,-641,-339.44,23.068,-114.29,-182.5,-200,6.4783,-Inf,0
593.14,41.851,-641,-339.44,23.068,-114.29,-182.5,-200,6.7826,-Inf,0
593.14,41.851,-641,-339.44,23.068,-114.29,-182.5,-200,7.087,-Inf,0
593.14,41.851,-641,-339.44,23.068,-114.29,-182.5,-200,7.3913,-Inf,0
593.14,41.851,-641,-339.44,23.068,-114.29,-182.5,-200,7.6957,-Inf,0
593.14,41.851,-641,-339.44,23.068,-114.29,-182.5,-200,8,-Inf,0
563.2,40.273,-641,-339.44,23.068,-114.29,-182.5,-100,1,-243.84,0
563.2,40.273,-641,-339.44,23.068,-114.29,-182.5,-100,1.3043,-248.46,0
563.2,40.273,-641,-339.44,23.068,-114.29,-182.5,-100,1.6087,-257.63,0
563.2,40.273,-641,-339.44,23.068,-114.29,-182.5,-100,1.913,-272.17,0
563.2,40.273,-641,-339.44,23.068,-114.29,-182.5,-100,2.2174,-293.48,0
563.2,40.273,-641,-339.44,23.068,-114.29,-182.5,-100,2.5217,-324,0
563.2,40.273,-641,-339.44,23.068,-114.29,-182.5,-100,2.8261,-368.15,0
563.2,40.273,-641,-339.44,23.068,-114.29,-182.5,-100,3.1304,-434.57,0
563.2,40.273,-641,-339.44,23.068,-114.29,-182.5,-100,3.4348,-542.85,0
563.2,40.273,-641,-339.44,23.068,-114.29,-182.5,-100,3.7391,-748.96,0
563.2,40.273,-641,-339.44,23.068,-114.29,-182.5,-100,4.0435,-1303.7,0
563.2,40.273,-641,-339.44,23.068,-114.29,-182.5,-100,4.3478,-Inf,0
563.2,40.273,-641,-339.44,23.068,-114.29,-182.5,-100,4.6522,-Inf,0
563.2,40.273,-641,-339.44,23.068,-114.29,-182.5,-100,4.9565,-Inf,0
563.2,40.273,-641,-339.44,23.068,-114.29,-182.5,-100,5.2609,-Inf,0
563.2,40.273,-641,-339.44,23.068,-114.29,-182.5,-100,5.5652,-Inf,0
563.2,40.273,-641,-339.44,23.068,-114.29,-182.5,-100,5.8696,-Inf,0
563.2,40.273,-641,-339.44,23.068,-114.29,-182.5,-100,6.1739,-Inf,0
563.2,40.273,-641,-339.44,23.068,-114.29,-182.5,-100,6.4783,-Inf,0
563.2,40.273,-641,-339.44,23.068,-114.29,-182.5,-100,6.7826,-Inf,0
563.2,40.273,-641,-339.44,23.068,-114.29,-182.5,-100,7.087,-Inf,0
563.2,40.273,-641,-339.44,23.068,-114.29,-182.5,-100,7.3913,-Inf,0
563.2,40.273,-641,-339.44,23.068,-114.29,-182.5,-100,7.6957,-Inf,0
563.2,40.273,-641,-339.44,23.068,-114.29,-182.5,-100,8,-Inf,0
550.08,38.158,-641,-339.44,23.068,-114.29,-182.5,0,1,-243.41,0
550.08,38.158,-641,-339.44,23.068,-114.29,-182.5,0,1.3043,-245.22,0
550.08,38.158,-641,-339.44,23.068,-114.29,-182.5,0,1.6087,-250.04,0
550.08,38.158,-641,-339.44,23.068,-114.29,-182.5,0,1.913,-258.27,0
550.08,38.158,-641,-339.44,23.068,-114.29,-182.5,0,2.2174,-270.7,0
550.08,38.158,-641,-339.44,23.068,-114.29,-182.5,0,2.5217,-288.69,0
550.08,38.158,-641,-339.44,23.068,-114.29,-182.5,0,2.8261,-314.66,0
550.08,38.158,-641,-339.44,23.068,-114.29,-182.5,0,3.1304,-353.25,0
550.08,38.158,-641,-339.44,23.068,-114.29,-182.5,0,3.4348,-414.45,0
550.08,38.158,-641,-339.44,23.068,-114.29,-182.5,0,3.7391,-524.62,0
550.08,38.158,-641,-339.44,23.068,-114.29,-182.5,0,4.0435,-783.32,0
550.08,38.158,-641,-339.44,23.068,-114.29,-182.5,0,4.3478,-Inf,0
550.08,38.158,-641,-339.44,23.068,-114.29,-182.5,0,4.6522,-Inf,0
550.08,38.158,-641,-339.44,23.068,-114.29,-182.5,0,4.9565,-Inf,0
550.08,38.158,-641,-339.44,23.068,-114.29,-182.5,0,5.2609,-Inf,0
550.08,38.158,-641,-339.44,23.068,-114.29,-182.5,0,5.5652,-Inf,0
550.08,38.158,-641,-339.44,23.068,-114.29,-182.5,0,5.8696,-Inf,0
550.08,38.158,-641,-339.44,23.068,-114.29,-182.5,0,6.1739,-3482.8,0
550.08,38.158,-641,-339.44,23.068,-114.29,-182.5,0,6.4783,-Inf,0
550.08,38.158,-641,-339.44,23.068,-114.29,-182.5,0,6.7826,-Inf,0
550.08,38.158,-641,-339.44,23.068,-114.29,-182.5,0,7.087,-Inf,0
550.08,38.158,-641,-339.44,23.068,-114.29,-182.5,0,7.3913,-Inf,0
550.08,38.158,-641,-339.44,23.068,-114.29,-182.5,0,7.6957,-Inf,0
550.08,38.158,-641,-339.44,23.068,-114.29,-182.5,0,8,-Inf,0
554.95,35.188,-641,-339.44,23.068,-114.29,-182.5,100,1,-243.97,0
554.95,35.188,-641,-339.44,23.068,-114.29,-182.5,100,1.3043,-243.92,0
554.95,35.188,-641,-339.44,23.068,-114.29,-182.5,100,1.6087,-245.74,0
554.95,35.188,-641,-339.44,23.068,-114.29,-182.5,100,1.913,-249.58,0
554.95,35.188,-641,-339.44,23.068,-114.29,-182.5,100,2.2174,-255.81,0
554.95,35.188,-641,-339.44,23.068,-114.29,-182.5,100,2.5217,-265.09,0
554.95,35.188,-641,-339.44,23.068,-114.29,-182.5,100,2.8261,-278.55,0
554.95,35.188,-641,-339.44,23.068,-114.29,-182.5,100,3.1304,-298.34,0
554.95,35.188,-641,-339.44,23.068,-114.29,-182.5,100,3.4348,-328.81,0
554.95,35.188,-641,-339.44,23.068,-114.29,-182.5,100,3.7391,-380.46,0
554.95,35.188,-641,-339.44,23.068,-114.29,-182.5,100,4.0435,-486.46,0
554.95,35.188,-641,-339.44,23.068,-114.29,-182.5,100,4.3478,-832.33,0
554.95,35.188,-641,-339.44,23.068,-114.29,-182.5,100,4.6522,-Inf,0
554.95,35.188,-641,-339.44,23.068,-114.29,-182.5,100,4.9565,-Inf,0
554.95,35.188,-641,-339.44,23.068,-114.29,-182.5,100,5.2609,-Inf,0
554.95,35.188,-641,-339.44,23.068,-114.29,-182.5,100,5.5652,-Inf,0
554.95,35.188,-641,-339.44,23.068,-114.29,-182.5,100,5.8696,-Inf,0
554.95,35.188,-641,-339.44,23.068,-114.29,-182.5,100,6.1739,-2221,0
554.95,35.188,-641,-339.44,23.068,-114.29,-182.5,100,6.4783,-2875.2,0
554.95,35.188,-641,-339.44,23.068,-114.29,-182.5,100,6.7826,-Inf,0
554.95,35.188,-641,-339.44,23.068,-114.29,-182.5,100,7.087,-Inf,0
554.95,35.188,-641,-339.44,23.068,-114.29,-182.5,100,7.3913,-Inf,0
554.95,35.188,-641,-339.44,23.068,-114.29,-182.5,100,7.6957,-Inf,0
554.95,35.188,-641,-339.44,23.068,-114.29,-182.5,100,8,-Inf,0
577.37,30.748,-641,-339.44,23.068,-114.29,-182.5,200,1,-245.35,0
577.37,30.748,-641,-339.44,23.068,-114.29,-182.5,200,1.3043,-244.23,0
577.37,30.748,-641,-339.44,23.068,-114.29,-182.5,200,1.6087,-244.2,0
577.37,30.748,-641,-339.44,23.068,-114.29,-182.5,200,1.913,-245.27,0
577.37,30.748,-641,-339.44,23.068,-114.29,-182.5,200,2.2174,-247.58,0
577.37,30.748,-641,-339.44,23.068,-114.29,-182.5,200,2.5217,-251.34,0
577.37,30.748,-641,-339.44,23.068,-114.29,-182.5,200,2.8261,-256.99,0
577.37,30.748,-641,-339.44,23.068,-114.29,-182.5,200,3.1304,-265.31,0
577.37,30.748,-641,-339.44,23.068,-114.29,-182.5,200,3.4348,-277.79,0
577.37,30.748,-641,-339.44,23.068,-114.29,-182.5,200,3.7391,-297.7,0
577.37,30.748,-641,-339.44,23.068,-114.29,-182.5,200,4.0435,-333.57,0
577.37,30.748,-641,-339.44,23.068,-114.29,-182.5,200,4.3478,-417.23,0
577.37,30.748,-641,-339.44,23.068,-114.29,-182.5,200,4.6522,-820.35,0
577.37,30.748,-641,-339.44,23.068,-114.29,-182.5,200,4.9565,-Inf,0
577.37,30.748,-641,-339.44,23.068,-114.29,-182.5,200,5.2609,-Inf,0
577.37,30.748,-641,-339.44,23.068,-114.29,-182.5,200,5.5652,-1933.8,0
577.37,30.748,-641,-339.44,23.068,-114.29,-182.5,200,5.8696,-Inf,0
577.37,30.748,-641,-339.44,23.068,-114.29,-182.5,200,6.1739,-Inf,0
577.37,30.748,-641,-339.44,23.068,-114.29,-182.5,200,6.4783,-1301.1,0
577.37,30.748,-641,-339.44,23.068,-114.29,-182.5,200,6.7826,-1862.3,0
577.37,30.748,-641,-339.44,23.068,-114.29,-182.5,200,7.087,-Inf,0
577.37,30.748,-641,-339.44,23.068,-114.29,-182.5,200,7.3913,-Inf,0
577.37,30.748,-641,-339.44,23.068,-114.29,-182.5,200,7.6957,-Inf,0
577.37,30.748,-641,-339.44,23.068,-114.29,-182.5,200,8,-Inf,0
615.42,23.546,-641,-339.44,23.068,-114.29,-182.5,300,1,-247.46,0
615.42,23.546,-641,-339.44,23.068,-114.29,-182.5,300,1.3043,-245.83,0
615.42,23.546,-641,-339.44,23.068,-114.29,-182.5,300,1.6087,-244.84,0
615.42,23.546,-641,-339.44,23.068,-114.29,-182.5,300,1.913,-244.43,0
615.42,23.546,-641,-339.44,23.068,-114.29,-182.5,300,2.2174,-244.59,0
615.42,23.546,-641,-339.44,23.068,-114.29,-182.5,300,2.5217,-245.36,0
615.42,23.546,-641,-339.44,23.068,-114.29,-182.5,300,2.8261,-246.83,0
615.42,23.546,-641,-339.44,23.068,-114.29,-182.5,300,3.1304,-249.19,0
615.42,23.546,-641,-339.44,23.068,-114.29,-182.5,300,3.4348,-252.78,0
615.42,23.546,-641,-339.44,23.068,-114.29,-182.5,300,3.7391,-258.28,0
615.42,23.546,-641,-339.44,23.068,-114.29,-182.5,300,4.0435,-267.14,0
615.42,23.546,-641,-339.44,23.068,-114.29,-182.5,300,4.3478,-283.25,0
615.42,23.546,-641,-339.44,23.068,-114.29,-182.5,300,4.6522,-320.96,0
615.42,23.546,-641,-339.44,23.068,-114.29,-182.5,300,4.9565,-496.89,0
615.42,23.546,-641,-339.44,23.068,-114.29,-182.5,300,5.2609,-Inf,0
615.42,23.546,-641,-339.44,23.068,-114.29,-182.5,300,5.5652,-Inf,0
615.42,23.546,-641,-339.44,23.068,-114.29,-182.5,300,5.8696,-1262.1,0
615.42,23.546,-641,-339.44,23.068,-114.29,-182.5,300,6.1739,-Inf,0
615.42,23.546,-641,-339.44,23.068,-114.29,-182.5,300,6.4783,-Inf,0
615.42,23.546,-641,-339.44,23.068,-114.29,-182.5,300,6.7826,-867.17,0
615.42,23.546,-641,-339.44,23.068,-114.29,-182.5,300,7.087,-808.32,0
615.42,23.546,-641,-339.44,23.068,-114.29,-182.5,300,7.3913,-1791,0
615.42,23.546,-641,-339.44,23.068,-114.29,-182.5,300,7.6957,-Inf,0
615.42,23.546,-641,-339.44,23.068,-114.29,-182.5,300,8,-Inf,0
852.86,51.115,-641,-339.44,23.068,0,-800,-300,1,-796.58,1
852.86,51.115,-641,-339.44,23.068,0,-800,-300,1.3043,-862.61,1
852.86,51.115,-641,-339.44,23.068,0,-800,-300,1.6087,-960.14,1
852.86,51.115,-641,-339.44,23.068,0,-800,-300,1.913,-1099.8,1
852.86,51.115,-641,-339.44,23.068,0,-800,-300,2.2174,-1300.3,1
852.86,51.115,-641,-339.44,23.068,0,-800,-300,2.5217,-1597,1
852.86,51.115,-641,-339.44,23.068,0,-800,-300,2.8261,-2065,1
852.86,51.115,-641,-339.44,23.068,0,-800,-300,3.1304,-2899.4,1
852.86,51.115,-641,-339.44,23.068,0,-800,-300,3.4348,-Inf,1
852.86,51.115,-641,-339.44,23.068,0,-800,-300,3.7391,-Inf,1
852.86,51.115,-641,-339.44,23.068,0,-800,-300,4.0435,-Inf,1
852.86,51.115,-641,-339.44,23.068,0,-800,-300,4.3478,-Inf,1
852.86,51.115,-641,-339.44,23.068,0,-800,-300,4.6522,-Inf,1
852.86,51.115,-641,-339.44,23.068,0,-800,-300,4.9565,-Inf,1
852.86,51.115,-641,-339.44,23.068,0,-800,-300,5.2609,-Inf,1
852.86,51.115,-641,-339.44,23.068,0,-800,-300,5.5652,-Inf,1
852.86,51.115,-641,-339.44,23.068,0,-800,-300,5.8696,-Inf,1
852.86,51.115,-641,-339.44,23.068,0,-800,-300,6.1739,-Inf,1
852.86,51.115,-641,-339.44,23.068,0,-800,-300,6.4783,-Inf,1
852.86,51.115,-641,-339.44,23.068,0,-800,-300,6.7826,-Inf,1
852.86,51.115,-641,-339.44,23.068,0,-800,-300,7.087,-Inf,1
852.86,51.115,-641,-339.44,23.068,0,-800,-300,7.3913,-Inf,1
852.86,51.115,-641,-339.44,23.068,0,-800,-300,7.6957,-Inf,1
852.86,51.115,-641,-339.44,23.068,0,-800,-300,8,-Inf,1
820.21,51.981,-641,-339.44,23.068,0,-800,-200,1,-836.2,1
820.21,51.981,-641,-339.44,23.068,0,-800,-200,1.3043,-896.08,1
820.21,51.981,-641,-339.44,23.068,0,-800,-200,1.6087,-985.24,1
820.21,51.981,-641,-339.44,23.068,0,-800,-200,1.913,-1113.5,1
820.21,51.981,-641,-339.44,23.068,0,-800,-200,2.2174,-1298,1
820.21,51.981,-641,-339.44,23.068,0,-800,-200,2.5217,-1571.5,1
820.21,51.981,-641,-339.44,23.068,0,-800,-200,2.8261,-2003.4,1
820.21,51.981,-641,-339.44,23.068,0,-800,-200,3.1304,-2773.9,1
820.21,51.981,-641,-339.44,23.068,0,-800,-200,3.4348,-Inf,1
820.21,51.981,-641,-339.44,23.068,0,-800,-200,3.7391,-Inf,1
820.21,51.981,-641,-339.44,23.068,0,-800,-200,4.0435,-Inf,1
820.21,51.981,-641,-339.44,23.068,0,-800,-200,4.3478,-Inf,1
820.21,51.981,-641,-339.44,23.068,0,-800,-200,4.6522,-Inf,1
820.21,51.981,-641,-339.44,23.068,0,-800,-200,4.9565,-Inf,1
820.21,51.981,-641,-339.44,23.068,0,-800,-200,5.2609,-Inf,1
820.21,51.981,-641,-339.44,23.068,0,-800,-200,5.5652,-Inf,1
820.21,51.981,-641,-339.44,23.068,0,-800,-200,5.8696,-Inf,1
820.21,51.981,-641,-339.44,23.068,0,-800,-200,6.1739,-Inf,1
820.21,51.981,-641,-339.44,23.068,0,-800,-200,6.4783,-Inf,1
820.21,51.981,-641,-339.44,23.068,0,-800,-200,6.7826,-Inf,1
820.21,51.981,-641,-339.44,23.068,0,-800,-200,7.087,-Inf,1
820.21,51.981,-641,-339.44,23.068,0,-800,-200,7.3913,-Inf,1
820.21,51.981,-641,-339.44,23.068,0,-800,-200,7.6957,-Inf,1
820.21,51.981,-641,-339.44,23.068,0,-800,-200,8,-Inf,1
798.83,53.184,-641,-339.44,23.068,0,-800,-100,1,-900.4,1
798.83,53.184,-641,-339.44,23.068,0,-800,-100,1.3043,-955.6,1
798.83,53.184,-641,-339.44,23.068,0,-800,-100,1.6087,-1038.7,1
798.83,53.184,-641,-339.44,23.068,0,-800,-100,1.913,-1159,1
798.83,53.184,-641,-339.44,23.068,0,-800,-100,2.2174,-1332.7,1
798.83,53.184,-641,-339.44,23.068,0,-800,-100,2.5217,-1590.6,1
798.83,53.184,-641,-339.44,23.068,0,-800,-100,2.8261,-1998.6,1
798.83,53.184,-641,-339.44,23.068,0,-800,-100,3.1304,-2727.1,1
798.83,53.184,-641,-339.44,23.068,0,-800,-100,3.4348,-Inf,1
798.83,53.184,-641,-339.44,23.068,0,-800,-100,3.7391,-Inf,1
798.83,53.184,-641,-339.44,23.068,0,-800,-100,4.0435,-Inf,1
798.83,53.184,-641,-339.44,23.068,0,-800,-100,4.3478,-Inf,1
798.83,53.184,-641,-339.44,23.068,0,-800,-100,4.6522,-Inf,1
798.83,53.184,-641,-339.44,23.068,0,-800,-100,4.9565,-Inf,1
798.83,53.184,-641,-339.44,23.068,0,-800,-100,5.2609,-Inf,1
798.83,53.184,-641,-339.44,23.068,0,-800,-100,5.5652,-Inf,1
798.83,53.184,-641,-339.44,23.068,0,-800,-100,5.8696,-Inf,1
798.83,53.184,-641,-339.44,23.068,0,-800,-100,6.1739,-Inf,1
798.83,53.184,-641,-339.44,23.068,0,-800,-100,6.4783,-Inf,1
798.83,53.184,-641,-339.44,23.068,0,-800,-100,6.7826,-Inf,1
798.83,53.184,-641,-339.44,23.068,0,-800,-100,7.087,-Inf,1
798.83,53.184,-641,-339.44,23.068,0,-800,-100,7.3913,-Inf,1
798.83,53.184,-641,-339.44,23.068,0,-800,-100,7.6957,-Inf,1
798.83,53.184,-641,-339.44,23.068,0,-800,-100,8,-Inf,1
789.63,54.836,-641,-339.44,23.068,0,-800,0,1,-1008,1
789.63,54.836,-641,-339.44,23.068,0,-800,0,1.3043,-1060.4,1
789.63,54.836,-641,-339.44,23.068,0,-800,0,1.6087,-1140.5,1
789.63,54.836,-641,-339.44,23.068,0,-800,0,1.913,-1257.5,1
789.63,54.836,-641,-339.44,23.068,0,-800,0,2.2174,-1427.3,1
789.63,54.836,-641,-339.44,23.068,0,-800,0,2.5217,-1680.3,1
789.63,54.836,-641,-339.44,23.068,0,-800,0,2.8261,-2081.4,1
789.63,54.836,-641,-339.44,23.068,0,-800,0,3.1304,-2798.6,1
789.63,54.836,-641,-339.44,23.068,0,-800,0,3.4348,-Inf,1
789.63,54.836,-641,-339.44,23.068,0,-800,0,3.7391,-Inf,1
789.63,54.836,-641,-339.44,23.068,0,-800,0,4.0435,-Inf,1
789.63,54.836,-641,-339.44,23.068,0,-800,0,4.3478,-Inf,1
789.63,54.836,-641,-339.44,23.068,0,-800,0,4.6522,-Inf,1
789.63,54.836,-641,-339.44,23.068,0,-800,0,4.9565,-Inf,1
789.63,54.836,-641,-339.44,23.068,0,-800,0,5.2609,-Inf,1
789.63,54.836,-641,-339.44,23.068,0,-800,0,5.5652,-Inf,1
789.63,54.836,-641,-339.44,23.068,0,-800,0,5.8696,-Inf,1
789.63,54.836,-641,-339.44,23.068,0,-800,0,6.1739,-Inf,1
789.63,54.836,-641,-339.44,23.068,0,-800,0,6.4783,-Inf,1
789.63,54.836,-641,-339.44,23.068,0,-800,0,6.7826,-Inf,1
789.63,54.836,-641,-339.44,23.068,0,-800,0,7.087,-Inf,1
789.63,54.836,-641,-339.44,23.068,0,-800,0,7.3913,-Inf,1
789.63,54.836,-641,-339.44,23.068,0,-800,0,7.6957,-Inf,1
789.63,54.836,-641,-339.44,23.068,0,-800,0,8,-Inf,1
793.04,57.064,-641,-339.44,23.068,0,-800,100,1,-1197.8,1
793.04,57.064,-641,-339.44,23.068,0,-800,100,1.3043,-1249.6,1
793.04,57.064,-641,-339.44,23.068,0,-800,100,1.6087,-1330.9,1
793.04,57.064,-641,-339.44,23.068,0,-800,100,1.913,-1451.2,1
793.04,57.064,-641,-339.44,23.068,0,-800,100,2.2174,-1627.4,1
793.04,57.064,-641,-339.44,23.068,0,-800,100,2.5217,-1891.3,1
793.04,57.064,-641,-339.44,23.068,0,-800,100,2.8261,-2311.2,1
793.04,57.064,-641,-339.44,23.068,0,-800,100,3.1304,-3063.9,1
793.04,57.064,-641,-339.44,23.068,0,-800,100,3.4348,-Inf,1
793.04,57.064,-641,-339.44,23.068,0,-800,100,3.7391,-Inf,1
793.04,57.064,-641,-339.44,23.068,0,-800,100,4.0435,-Inf,1
793.04,57.064,-641,-339.44,23.068,0,-800,100,4.3478,-Inf,1
793.04,57.064,-641,-339.44,23.068,0,-800,100,4.6522,-Inf,1
793.04,57.064,-641,-339.44,23.068,0,-800,100,4.9565,-Inf,1
793.04,57.064,-641,-339.44,23.068,0,-800,100,5.2609,-Inf,1
793.04,57.064,-641,-339.44,23.068,0,-800,100,5.5652,-Inf,1
793.04,57.064,-641,-339.44,23.068,0,-800,100,5.8696,-Inf,1
793.04,57.064,-641,-339.44,23.068,0,-800,100,6.1739,-Inf,1
793.04,57.064,-641,-339.44,23.068,0,-800,100,6.4783,-Inf,1
793.04,57.064,-641,-339.44,23.068,0,-800,100,6.7826,-Inf,1
793.04,57.064,-641,-339.44,23.068,0,-800,100,7.087,-Inf,1
793.04,57.064,-641,-339.44,23.068,0,-800,100,7.3913,-Inf,1
793.04,57.064,-641,-339.44,23.068,0,-800,100,7.6957,-Inf,1
793.04,57.064,-641,-339.44,23.068,0,-800,100,8,-Inf,1
808.89,60.001,-641,-339.44,23.068,0,-800,200,1,-1553.2,1
808.89,60.001,-641,-339.44,23.068,0,-800,200,1.3043,-1606.5,1
808.89,60.001,-641,-339.44,23.068,0,-800,200,1.6087,-1694.6,1
808.89,60.001,-641,-339.44,23.068,0,-800,200,1.913,-1828.3,1
808.89,60.001,-641,-339.44,23.068,0,-800,200,2.2174,-2027,1
808.89,60.001,-641,-339.44,23.068,0,-800,200,2.5217,-2327.3,1
808.89,60.001,-641,-339.44,23.068,0,-800,200,2.8261,-2808.3,1
808.89,60.001,-641,-339.44,23.068,0,-800,200,3.1304,-3674,1
808.89,60.001,-641,-339.44,23.068,0,-800,200,3.4348,-Inf,1
808.89,60.001,-641,-339.44,23.068,0,-800,200,3.7391,-Inf,1
808.89,60.001,-641,-339.44,23.068,0,-800,200,4.0435,-Inf,1
808.89,60.001,-641,-339.44,23.068,0,-800,200,4.3478,-Inf,1
808.89,60.001,-641,-339.44,23.068,0,-800,200,4.6522,-Inf,1
808.89,60.001,-641,-339.44,23.068,0,-800,200,4.9565,-Inf,1
808.89,60.001,-641,-339.44,23.068,0,-800,200,5.2609,-Inf,1
808.89,60.001,-641,-339.44,23.068,0,-800,200,5.5652,-Inf,1
808.89,60.001,-641,-339.44,23.068,0,-800,200,5.8696,-Inf,1
808.89,60.001,-641,-339.44,23.068,0,-800,200,6.1739,-Inf,1
808.89,60.001,-641,-339.44,23.068,0,-800,200,6.4783,-Inf,1
808.89,60.001,-641,-339.44,23.068,0,-800,200,6.7826,-Inf,1
808.89,60.001,-641,-339.44,23.068,0,-800,200,7.087,-Inf,1
808.89,60.001,-641,-339.44,23.068,0,-800,200,7.3913,-Inf,1
808.89,60.001,-641,-339.44,23.068,0,-800,200,7.6957,-Inf,1
808.89,60.001,-641,-339.44,23.068,0,-800,200,8,-Inf,1
836.47,63.741,-641,-339.44,23.068,0,-800,300,1,-2231.5,1
836.47,63.741,-641,-339.44,23.068,0,-800,300,1.3043,-2284.1,1
836.47,63.741,-641,-339.44,23.068,0,-800,300,1.6087,-2382.9,1
836.47,63.741,-641,-339.44,23.068,0,-800,300,1.913,-2541.4,1
836.47,63.741,-641,-339.44,23.068,0,-800,300,2.2174,-2784,1
836.47,63.741,-641,-339.44,23.068,0,-800,300,2.5217,-3157.8,1
836.47,63.741,-641,-339.44,23.068,0,-800,300,2.8261,-3764,1
836.47,63.741,-641,-339.44,23.068,0,-800,300,3.1304,-Inf,1
836.47,63.741,-641,-339.44,23.068,0,-800,300,3.4348,-Inf,1
836.47,63.741,-641,-339.44,23.068,0,-800,300,3.7391,-Inf,1
836.47,63.741,-641,-339.44,23.068,0,-800,300,4.0435,-Inf,1
836.47,63.741,-641,-339.44,23.068,0,-800,300,4.3478,-Inf,1
836.47,63.741,-641,-339.44,23.068,0,-800,300,4.6522,-Inf,1
836.47,63.741,-641,-339.44,23.068,0,-800,300,4.9565,-Inf,1
836.47,63.741,-641,-339.44,23.068,0,-800,300,5.2609,-Inf,1
836.47,63.741,-641,-339.44,23.068,0,-800,300,5.5652,-Inf,1
836.47,63.741,-641,-339.44,23.068,0,-800,300,5.8696,-Inf,1
836.47,63.741,-641,-339.44,23.068,0,-800,300,6.1739,-Inf,1
836.47,63.741,-641,-339.44,23.068,0,-800,300,6.4783,-Inf,1
836.47,63.741,-641,-339.44,23.068,0,-800,300,6.7826,-Inf,1
836.47,63.741,-641,-339.44,23.068,0,-800,300,7.087,-Inf,1
836.47,63.741,-641,-339.44,23.068,0,-800,300,7.3913,-Inf,1
836.47,63.741,-641,-339.44,23.068,0,-800,300,7.6957,-Inf,1
836.47,63.741,-641,-339.44,23.068,0,-800,300,8,-Inf,1
808.63,50.103,-641,-339.44,23.068,0,-711.79,-300,1,-623.59,0
808.63,50.103,-641,-339.44,23.068,0,-711.79,-300,1.3043,-678.5,0
808.63,50.103,-641,-339.44,23.068,0,-711.79,-300,1.6087,-759.25,0
808.63,50.103,-641,-339.44,23.068,0,-711.79,-300,1.913,-874.54,0
808.63,50.103,-641,-339.44,23.068,0,-711.79,-300,2.2174,-1039.6,0
808.63,50.103,-641,-339.44,23.068,0,-711.79,-300,2.5217,-1283,0
808.63,50.103,-641,-339.44,23.068,0,-711.79,-300,2.8261,-1665.6,0
808.63,50.103,-641,-339.44,23.068,0,-711.79,-300,3.1304,-2343.4,0
808.63,50.103,-641,-339.44,23.068,0,-711.79,-300,3.4348,-Inf,0
808.63,50.103,-641,-339.44,23.068,0,-711.79,-300,3.7391,-Inf,0
808.63,50.103,-641,-339.44,23.068,0,-711.79,-300,4.0435,-Inf,0
808.63,50.103,-641,-339.44,23.068,0,-711.79,-300,4.3478,-Inf,0
808.63,50.103,-641,-339.44,23.068,0,-711.79,-300,4.6522,-Inf,0
808.63,50.103,-641,-339.44,23.068,0,-711.79,-300,4.9565,-Inf,0
808.63,50.103,-641,-339.44,23.068,0,-711.79,-300,5.2609,-Inf,0
808.63,50.103,-641,-339.44,23.068,0,-711.79,-300,5.5652,-Inf,0
808.63,50.103,-641,-339.44,23.068,0,-711.79,-300,5.8696,-Inf,0
808.63,50.103,-641,-339.44,23.068,0,-711.79,-300,6.1739,-Inf,0
808.63,50.103,-641,-339.44,23.068,0,-711.79,-300,6.4783,-Inf,0
808.63,50.103,-641,-339.44,23.068,0,-711.79,-300,6.7826,-Inf,0
808.63,50.103,-641,-339.44,23.068,0,-711.79,-300,7.087,-Inf,0
808.63,50.103,-641,-339.44,23.068,0,-711.79,-300,7.3913,-Inf,0
808.63,50.103,-641,-339.44,23.068,0,-711.79,-300,7.6957,-Inf,0
808.63,50.103,-641,-339.44,23.068,0,-711.79,-300,8,-Inf,0
774.13,50.733,-641,-339.44,23.068,0,-711.79,-200,1,-638.78,1
774.13,50.733,-641,-339.44,23.068,0,-711.79,-200,1.3043,-686.69,1
774.13,50.733,-641,-339.44,23.068,0,-711.79,-200,1.6087,-757.66,1
774.13,50.733,-641,-339.44,23.068,0,-711.79,-200,1.913,-859.37,1
774.13,50.733,-641,-339.44,23.068,0,-711.79,-200,2.2174,-1005.3,1
774.13,50.733,-641,-339.44,23.068,0,-711.79,-200,2.5217,-1220.7,1
774.13,50.733,-641,-339.44,23.068,0,-711.79,-200,2.8261,-1559.5,1
774.13,50.733,-641,-339.44,23.068,0,-711.79,-200,3.1304,-2159.4,1
774.13,50.733,-641,-339.44,23.068,0,-711.79,-200,3.4348,-Inf,1
774.13,50.733,-641,-339.44,23.068,0,-711.79,-200,3.7391,-Inf,1
774.13,50.733,-641,-339.44,23.068,0,-711.79,-200,4.0435,-Inf,1
774.13,50.733,-641,-339.44,23.068,0,-711.79,-200,4.3478,-Inf,1
774.13,50.733,-641,-339.44,23.068,0,-711.79,-200,4.6522,-Inf,1
774.13,50.733,-641,-339.44,23.068,0,-711.79,-200,4.9565,-Inf,1
774.13,50.733,-641,-339.44,23.068,0,-711.79,-200,5.2609,-Inf,1
774.13,50.733,-641,-339.44,23.068,0,-711.79,-200,5.5652,-Inf,1
774.13,50.733,-641,-339.44,23.068,0,-711.79,-200,5.8696,-Inf,1
774.13,50.733,-641,-339.44,23.068,0,-711.79,-200,6.1739,-Inf,1
774.13,50.733,-641,-339.44,23.068,0,-711.79,-200,6.4783,-Inf,1
774.13,50.733,-641,-339.44,23.068,0,-711.79,-200,6.7826,-Inf,1
774.13,50.733,-641,-339.44,23.068,0,-711.79,-200,7.087,-Inf,1
774.13,50.733,-641,-339.44,23.068,0,-711.79,-200,7.3913,-Inf,1
774.13,50.733,-641,-339.44,23.068,0,-711.79,-200,7.6957,-Inf,1
774.13,50.733,-641,-339.44,23.068,0,-711.79,-200,8,-Inf,1
751.44,51.678,-641,-339.44,23.068,0,-711.79,-100,1,-667.76,1
751.44,51.678,-641,-339.44,23.068,0,-711.79,-100,1.3043,-709.99,1
751.44,51.678,-641,-339.44,23.068,0,-711.79,-100,1.6087,-773.18,1
751.44,51.678,-641,-339.44,23.068,0,-711.79,-100,1.913,-864.22,1
751.44,51.678,-641,-339.44,23.068,0,-711.79,-100,2.2174,-995.2,1
751.44,51.678,-641,-339.44,23.068,0,-711.79,-100,2.5217,-1188.9,1
751.44,51.678,-641,-339.44,23.068,0,-711.79,-100,2.8261,-1493.7,1
751.44,51.678,-641,-339.44,23.068,0,-711.79,-100,3.1304,-2033.4,1
751.44,51.678,-641,-339.44,23.068,0,-711.79,-100,3.4348,-Inf,1
751.44,51.678,-641,-339.44,23.068,0,-711.79,-100,3.7391,-Inf,1
751.44,51.678,-641,-339.44,23.068,0,-711.79,-100,4.0435,-Inf,1
751.44,51.678,-641,-339.44,23.068,0,-711.79,-100,4.3478,-Inf,1
751.44,51.678,-641,-339.44,23.068,0,-711.79,-100,4.6522,-Inf,1
751.44,51.678,-641,-339.44,23.068,0,-711.79,-100,4.9565,-Inf,1
751.44,51.678,-641,-339.44,23.068,0,-711.79,-100,5.2609,-Inf,1
751.44,51.678,-641,-339.44,23.068,0,-711.79,-100,5.5652,-Inf,1
751.44,51.678,-641,-339.44,23.068,0,-711.79,-100,5.8696,-Inf,1
751.44,51.678,-641,-339.44,23.068,0,-711.79,-100,6.1739,-Inf,1
751.44,51.678,-641,-339.44,23.068,0,-711.79,-100,6.4783,-Inf,1
751.44,51.678,-641,-339.44,23.068,0,-711.79,-100,6.7826,-Inf,1
751.44,51.678,-641,-339.44,23.068,0,-711.79,-100,7.087,-Inf,1
751.44,51.678,-641,-339.44,23.068,0,-711.79,-100,7.3913,-Inf,1
751.44,51.678,-641,-339.44,23.068,0,-711.79,-100,7.6957,-Inf,1
751.44,51.678,-641,-339.44,23.068,0,-711.79,-100,8,-Inf,1
741.65,53.071,-641,-339.44,23.068,0,-711.79,0,1,-721.38,1
741.65,53.071,-641,-339.44,23.068,0,-711.79,0,1.3043,-759.49,1
741.65,53.071,-641,-339.44,23.068,0,-711.79,0,1.6087,-817.34,1
741.65,53.071,-641,-339.44,23.068,0,-711.79,0,1.913,-901.33,1
741.65,53.071,-641,-339.44,23.068,0,-711.79,0,2.2174,-1022.7,1
741.65,53.071,-641,-339.44,23.068,0,-711.79,0,2.5217,-1202.7,1
741.65,53.071,-641,-339.44,23.068,0,-711.79,0,2.8261,-1486.2,1
741.65,53.071,-641,-339.44,23.068,0,-711.79,0,3.1304,-1988,1
741.65,53.071,-641,-339.44,23.068,0,-711.79,0,3.4348,-Inf,1
741.65,53.071,-641,-339.44,23.068,0,-711.79,0,3.7391,-Inf,1
741.65,53.071,-641,-339.44,23.068,0,-711.79,0,4.0435,-Inf,1
741.65,53.071,-641,-339.44,23.068,0,-711.79,0,4.3478,-Inf,1
741.65,53.071,-641,-339.44,23.068,0,-711.79,0,4.6522,-Inf,1
741.65,53.071,-641,-339.44,23.068,0,-711.79,0,4.9565,-Inf,1
741.65,53.071,-641,-339.44,23.068,0,-711.79,0,5.2609,-Inf,1
741.65,53.071,-641,-339.44,23.068,0,-711.79,0,5.5652,-Inf,1
741.65,53.071,-641,-339.44,23.068,0,-711.79,0,5.8696,-Inf,1
741.65,53.071,-641,-339.44,23.068,0,-711.79,0,6.1739,-Inf,1
741.65,53.071,-641,-339.44,23.068,0,-711.79,0,6.4783,-Inf,1
741.65,53.071,-641,-339.44,23.068,0,-711.79,0,6.7826,-Inf,1
741.65,53.071,-641,-339.44,23.068,0,-711.79,0,7.087,-Inf,1
741.65,53.071,-641,-339.44,23.068,0,-711.79,0,7.3913,-Inf,1
741.65,53.071,-641,-339.44,23.068,0,-711.79,0,7.6957,-Inf,1
741.65,53.071,-641,-339.44,23.068,0,-711.79,0,8,-Inf,1
745.27,55.088,-641,-339.44,23.068,0,-711.79,100,1,-823.28,1
745.27,55.088,-641,-339.44,23.068,0,-711.79,100,1.3043,-859.11,1
745.27,55.088,-641,-339.44,23.068,0,-711.79,100,1.6087,-914.83,1
745.27,55.088,-641,-339.44,23.068,0,-711.79,100,1.913,-996.72,1
745.27,55.088,-641,-339.44,23.068,0,-711.79,100,2.2174,-1115.9,1
745.27,55.088,-641,-339.44,23.068,0,-711.79,100,2.5217,-1293.3,1
745.27,55.088,-641,-339.44,23.068,0,-711.79,100,2.8261,-1573.4,1
745.27,55.088,-641,-339.44,23.068,0,-711.79,100,3.1304,-2069.2,1
745.27,55.088,-641,-339.44,23.068,0,-711.79,100,3.4348,-Inf,1
745.27,55.088,-641,-339.44,23.068,0,-711.79,100,3.7391,-Inf,1
745.27,55.088,-641,-339.44,23.068,0,-711.79,100,4.0435,-Inf,1
745.27,55.088,-641,-339.44,23.068,0,-711.79,100,4.3478,-Inf,1
745.27,55.088,-641,-339.44,23.068,0,-711.79,100,4.6522,-Inf,1
745.27,55.088,-641,-339.44,23.068,0,-711.79,100,4.9565,-Inf,1
745.27,55.088,-641,-339.44,23.068,0,-711.79,100,5.2609,-Inf,1
745.27,55.088,-641,-339.44,23.068,0,-711.79,100,5.5652,-Inf,1
745.27,55.088,-641,-339.44,23.068,0,-711.79,100,5.8696,-Inf,1
745.27,55.088,-641,-339.44,23.068,0,-711.79,100,6.1739,-Inf,1
745.27,55.088,-641,-339.44,23.068,0,-711.79,100,6.4783,-Inf,1
745.27,55.088,-641,-339.44,23.068,0,-711.79,100,6.7826,-Inf,1
745.27,55.088,-641,-339.44,23.068,0,-711.79,100,7.087,-Inf,1
745.27,55.088,-641,-339.44,23.068,0,-711.79,100,7.3913,-Inf,1
745.27,55.088,-641,-339.44,23.068,0,-711.79,100,7.6957,-Inf,1
745.27,55.088,-641,-339.44,23.068,0,-711.79,100,8,-Inf,1
762.12,57.933,-641,-339.44,23.068,0,-711.79,200,1,-1032.6,1
762.12,57.933,-641,-339.44,23.068,0,-711.79,200,1.3043,-1068.4,1
762.12,57.933,-641,-339.44,23.068,0,-711.79,200,1.6087,-1126.7,1
762.12,57.933,-641,-339.44,23.068,0,-711.79,200,1.913,-1214.2,1
762.12,57.933,-641,-339.44,23.068,0,-711.79,200,2.2174,-1343.2,1
762.12,57.933,-641,-339.44,23.068,0,-711.79,200,2.5217,-1536.6,1
762.12,57.933,-641,-339.44,23.068,0,-711.79,200,2.8261,-1843.1,1
762.12,57.933,-641,-339.44,23.068,0,-711.79,200,3.1304,-2386.1,1
762.12,57.933,-641,-339.44,23.068,0,-711.79,200,3.4348,-Inf,1
762.12,57.933,-641,-339.44,23.068,0,-711.79,200,3.7391,-Inf,1
762.12,57.933,-641,-339.44,23.068,0,-711.79,200,4.0435,-Inf,1
762.12,57.933,-641,-339.44,23.068,0,-711.79,200,4.3478,-Inf,1
762.12,57.933,-641,-339.44,23.068,0,-711.79,200,4.6522,-Inf,1
762.12,57.933,-641,-339.44,23.068,0,-711.79,200,4.9565,-Inf,1
762.12,57.933,-641,-339.44,23.068,0,-711.79,200,5.2609,-Inf,1
762.12,57.933,-641,-339.44,23.068,0,-711.79,200,5.5652,-Inf,1
762.12,57.933,-641,-339.44,23.068,0,-711.79,200,5.8696,-Inf,1
762.12,57.933,-641,-339.44,23.068,0,-711.79,200,6.1739,-Inf,1
762.12,57.933,-641,-339.44,23.068,0,-711.79,200,6.4783,-Inf,1
762.12,57.933,-641,-339.44,23.068,0,-711.79,200,6.7826,-Inf,1
762.12,57.933,-641,-339.44,23.068,0,-711.79,200,7.087,-Inf,1
762.12,57.933,-641,-339.44,23.068,0,-711.79,200,7.3913,-Inf,1
762.12,57.933,-641,-339.44,23.068,0,-711.79,200,7.6957,-Inf,1
762.12,57.933,-641,-339.44,23.068,0,-711.79,200,8,-Inf,1
791.33,61.8,-641,-339.44,23.068,0,-711.79,300,1,-1519.5,0
791.33,61.8,-641,-339.44,23.068,0,-711.79,300,1.3043,-1556.6,0
791.33,61.8,-641,-339.44,23.068,0,-711.79,300,1.6087,-1624.1,0
791.33,61.8,-641,-339.44,23.068,0,-711.79,300,1.913,-1730.7,0
791.33,61.8,-641,-339.44,23.068,0,-711.79,300,2.2174,-1892.1,0
791.33,61.8,-641,-339.44,23.068,0,-711.79,300,2.5217,-2137.8,0
791.33,61.8,-641,-339.44,23.068,0,-711.79,300,2.8261,-2530.6,0
791.33,61.8,-641,-339.44,23.068,0,-711.79,300,3.1304,-3228,0
791.33,61.8,-641,-339.44,23.068,0,-711.79,300,3.4348,-Inf,0
791.33,61.8,-641,-339.44,23.068,0,-711.79,300,3.7391,-Inf,0
791.33,61.8,-641,-339.44,23.068,0,-711.79,300,4.0435,-Inf,0
791.33,61.8,-641,-339.44,23.068,0,-711.79,300,4.3478,-Inf,0
791.33,61.8,-641,-339.44,23.068,0,-711.79,300,4.6522,-Inf,0
791.33,61.8,-641,-339.44,23.068,0,-711.79,300,4.9565,-Inf,0
791.33,61.8,-641,-339.44,23.068,0,-711.79,300,5.2609,-Inf,0
791.33,61.8,-641,-339.44,23.068,0,-711.79,300,5.5652,-Inf,0
791.33,61.8,-641,-339.44,23.068,0,-711.79,300,5.8696,-Inf,0
791.33,61.8,-641,-339.44,23.068,0,-711.79,300,6.1739,-Inf,0
791.33,61.8,-641,-339.44,23.068,0,-711.79,300,6.4783,-Inf,0
791.33,61.8,-641,-339.44,23.068,0,-711.79,300,6.7826,-Inf,0
791.33,61.8,-641,-339.44,23.068,0,-711.79,300,7.087,-Inf,0
791.33,61.8,-641,-339.44,23.068,0,-711.79,300,7.3913,-Inf,0
791.33,61.8,-641,-339.44,23.068,0,-711.79,300,7.6957,-Inf,0
791.33,61.8,-641,-339.44,23.068,0,-711.79,300,8,-Inf,0
772,49.247,-641,-339.44,23.068,0,-623.57,-300,1,-494.35,0
772,49.247,-641,-339.44,23.068,0,-623.57,-300,1.3043,-540.14,0
772,49.247,-641,-339.44,23.068,0,-623.57,-300,1.6087,-607.21,0
772,49.247,-641,-339.44,23.068,0,-623.57,-300,1.913,-702.66,0
772,49.247,-641,-339.44,23.068,0,-623.57,-300,2.2174,-838.94,0
772,49.247,-641,-339.44,23.068,0,-623.57,-300,2.5217,-1039.4,0
772,49.247,-641,-339.44,23.068,0,-623.57,-300,2.8261,-1353.1,0
772,49.247,-641,-339.44,23.068,0,-623.57,-300,3.1304,-1905.8,0
772,49.247,-641,-339.44,23.068,0,-623.57,-300,3.4348,-Inf,0
772,49.247,-641,-339.44,23.068,0,-623.57,-300,3.7391,-Inf,0
772,49.247,-641,-339.44,23.068,0,-623.57,-300,4.0435,-Inf,0
772,49.247,-641,-339.44,23.068,0,-623.57,-300,4.3478,-Inf,0
772,49.247,-641,-339.44,23.068,0,-623.57,-300,4.6522,-Inf,0
772,49.247,-641,-339.44,23.068,0,-623.57,-300,4.9565,-Inf,0
772,49.247,-641,-339.44,23.068,0,-623.57,-300,5.2609,-Inf,0
772,49.247,-641,-339.44,23.068,0,-623.57,-300,5.5652,-Inf,0
772,49.247,-641,-339.44,23.068,0,-623.57,-300,5.8696,-Inf,0
772,49.247,-641,-339.44,23.068,0,-623.57,-300,6.1739,-Inf,0
772,49.247,-641,-339.44,23.068,0,-623.57,-300,6.4783,-Inf,0
772,49.247,-641,-339.44,23.068,0,-623.57,-300,6.7826,-Inf,0
772,49.247,-641,-339.44,23.068,0,-623.57,-300,7.087,-Inf,0
772,49.247,-641,-339.44,23.068,0,-623.57,-300,7.3913,-Inf,0
772,49.247,-641,-339.44,23.068,0,-623.57,-300,7.6957,-Inf,0
772,49.247,-641,-339.44,23.068,0,-623.57,-300,8,-Inf,0
735.77,49.609,-641,-339.44,23.068,0,-623.57,-200,1,-495,0
735.77,49.609,-641,-339.44,23.068,0,-623.57,-200,1.3043,-533.32,0
735.77,49.609,-641,-339.44,23.068,0,-623.57,-200,1.6087,-589.8,0
735.77,49.609,-641,-339.44,23.068,0,-623.57,-200,1.913,-670.45,0
735.77,49.609,-641,-339.44,23.068,0,-623.57,-200,2.2174,-785.78,0
735.77,49.609,-641,-339.44,23.068,0,-623.57,-200,2.5217,-955.52,0
735.77,49.609,-641,-339.44,23.068,0,-623.57,-200,2.8261,-1221.2,0
735.77,49.609,-641,-339.44,23.068,0,-623.57,-200,3.1304,-1688.6,0
735.77,49.609,-641,-339.44,23.068,0,-623.57,-200,3.4348,-Inf,0
735.77,49.609,-641,-339.44,23.068,0,-623.57,-200,3.7391,-Inf,0
735.77,49.609,-641,-339.44,23.068,0,-623.57,-200,4.0435,-Inf,0
735.77,49.609,-641,-339.44,23.068,0,-623.57,-200,4.3478,-Inf,0
735.77,49.609,-641,-339.44,23.068,0,-623.57,-200,4.6522,-Inf,0
735.77,49.609,-641,-339.44,23.068,0,-623.57,-200,4.9565,-Inf,0
735.77,49.609,-641,-339.44,23.068,0,-623.57,-200,5.2609,-Inf,0
735.77,49.609,-641,-339.44,23.068,0,-623.57,-200,5.5652,-Inf,0
735.77,49.609,-641,-339.44,23.068,0,-623.57,-200,5.8696,-Inf,0
735.77,49.609,-641,-339.44,23.068,0,-623.57,-200,6.1739,-Inf,0
735.77,49.609,-641,-339.44,23.068,0,-623.57,-200,6.4783,-Inf,0
735.77,49.609,-641,-339.44,23.068,0,-623.57,-200,6.7826,-Inf,0
735.77,49.609,-641,-339.44,23.068,0,-623.57,-200,7.087,-Inf,0
735.77,49.609,-641,-339.44,23.068,0,-623.57,-200,7.3913,-Inf,0
735.77,49.609,-641,-339.44,23.068,0,-623.57,-200,7.6957,-Inf,0
735.77,49.609,-641,-339.44,23.068,0,-623.57,-200,8,-Inf,0
711.86,50.233,-641,-339.44,23.068,0,-623.57,-100,1,-502.65,1
711.86,50.233,-641,-339.44,23.068,0,-623.57,-100,1.3043,-534.73,1
711.86,50.233,-641,-339.44,23.068,0,-623.57,-100,1.6087,-582.44,1
711.86,50.233,-641,-339.44,23.068,0,-623.57,-100,1.913,-650.87,1
711.86,50.233,-641,-339.44,23.068,0,-623.57,-100,2.2174,-748.96,1
711.86,50.233,-641,-339.44,23.068,0,-623.57,-100,2.5217,-893.48,1
711.86,50.233,-641,-339.44,23.068,0,-623.57,-100,2.8261,-1119.7,1
711.86,50.233,-641,-339.44,23.068,0,-623.57,-100,3.1304,-1517,1
711.86,50.233,-641,-339.44,23.068,0,-623.57,-100,3.4348,-2404.5,1
711.86,50.233,-641,-339.44,23.068,0,-623.57,-100,3.7391,-Inf,1
711.86,50.233,-641,-339.44,23.068,0,-623.57,-100,4.0435,-Inf,1
711.86,50.233,-641,-339.44,23.068,0,-623.57,-100,4.3478,-Inf,1
711.86,50.233,-641,-339.44,23.068,0,-623.57,-100,4.6522,-Inf,1
711.86,50.233,-641,-339.44,23.068,0,-623.57,-100,4.9565,-Inf,1
711.86,50.233,-641,-339.44,23.068,0,-623.57,-100,5.2609,-Inf,1
711.86,50.233,-641,-339.44,23.068,0,-623.57,-100,5.5652,-Inf,1
711.86,50.233,-641,-339.44,23.068,0,-623.57,-100,5.8696,-Inf,1
711.86,50.233,-641,-339.44,23.068,0,-623.57,-100,6.1739,-Inf,1
711.86,50.233,-641,-339.44,23.068,0,-623.57,-100,6.4783,-Inf,1
711.86,50.233,-641,-339.44,23.068,0,-623.57,-100,6.7826,-Inf,1
711.86,50.233,-641,-339.44,23.068,0,-623.57,-100,7.087,-Inf,1
711.86,50.233,-641,-339.44,23.068,0,-623.57,-100,7.3913,-Inf,1
711.86,50.233,-641,-339.44,23.068,0,-623.57,-100,7.6957,-Inf,1
711.86,50.233,-641,-339.44,23.068,0,-623.57,-100,8,-Inf,1
701.53,51.263,-641,-339.44,23.068,0,-623.57,0,1,-522.4,1
701.53,51.263,-641,-339.44,23.068,0,-623.57,0,1.3043,-549.58,1
701.53,51.263,-641,-339.44,23.068,0,-623.57,0,1.6087,-590.52,1
701.53,51.263,-641,-339.44,23.068,0,-623.57,0,1.913,-649.65,1
701.53,51.263,-641,-339.44,23.068,0,-623.57,0,2.2174,-734.71,1
701.53,51.263,-641,-339.44,23.068,0,-623.57,0,2.5217,-860.23,1
701.53,51.263,-641,-339.44,23.068,0,-623.57,0,2.8261,-1056.7,1
701.53,51.263,-641,-339.44,23.068,0,-623.57,0,3.1304,-1401.3,1
701.53,51.263,-641,-339.44,23.068,0,-623.57,0,3.4348,-2166.4,1
701.53,51.263,-641,-339.44,23.068,0,-623.57,0,3.7391,-Inf,1
701.53,51.263,-641,-339.44,23.068,0,-623.57,0,4.0435,-Inf,1
701.53,51.263,-641,-339.44,23.068,0,-623.57,0,4.3478,-Inf,1
701.53,51.263,-641,-339.44,23.068,0,-623.57,0,4.6522,-Inf,1
701.53,51.263,-641,-339.44,23.068,0,-623.57,0,4.9565,-Inf,1
701.53,51.263,-641,-339.44,23.068,0,-623.57,0,5.2609,-Inf,1
701.53,51.263,-641,-339.44,23.068,0,-623.57,0,5.5652,-Inf,1
701.53,51.263,-641,-339.44,23.068,0,-623.57,0,5.8696,-Inf,1
701.53,51.263,-641,-339.44,23.068,0,-623.57,0,6.1739,-Inf,1
701.53,51.263,-641,-339.44,23.068,0,-623.57,0,6.4783,-Inf,1
701.53,51.263,-641,-339.44,23.068,0,-623.57,0,6.7826,-Inf,1
701.53,51.263,-641,-339.44,23.068,0,-623.57,0,7.087,-Inf,1
701.53,51.263,-641,-339.44,23.068,0,-623.57,0,7.3913,-Inf,1
701.53,51.263,-641,-339.44,23.068,0,-623.57,0,7.6957,-Inf,1
701.53,51.263,-641,-339.44,23.068,0,-623.57,0,8,-Inf,1
705.35,52.919,-641,-339.44,23.068,0,-623.57,100,1,-565.49,0
705.35,52.919,-641,-339.44,23.068,0,-623.57,100,1.3043,-589.21,0
705.35,52.919,-641,-339.44,23.068,0,-623.57,100,1.6087,-625.73,0
705.35,52.919,-641,-339.44,23.068,0,-623.57,100,1.913,-679.03,0
705.35,52.919,-641,-339.44,23.068,0,-623.57,100,2.2174,-756.15,0
705.35,52.919,-641,-339.44,23.068,0,-623.57,100,2.5217,-870.28,0
705.35,52.919,-641,-339.44,23.068,0,-623.57,100,2.8261,-1049,0
705.35,52.919,-641,-339.44,23.068,0,-623.57,100,3.1304,-1361.8,0
705.35,52.919,-641,-339.44,23.068,0,-623.57,100,3.4348,-2050.8,0
705.35,52.919,-641,-339.44,23.068,0,-623.57,100,3.7391,-Inf,0
705.35,52.919,-641,-339.44,23.068,0,-623.57,100,4.0435,-Inf,0
705.35,52.919,-641,-339.44,23.068,0,-623.57,100,4.3478,-Inf,0
705.35,52.919,-641,-339.44,23.068,0,-623.57,100,4.6522,-Inf,0
705.35,52.919,-641,-339.44,23.068,0,-623.57,100,4.9565,-Inf,0
705.35,52.919,-641,-339.44,23.068,0,-623.57,100,5.2609,-Inf,0
705.35,52.919,-641,-339.44,23.068,0,-623.57,100,5.5652,-Inf,0
705.35,52.919,-641,-339.44,23.068,0,-623.57,100,5.8696,-Inf,0
705.35,52.919,-641,-339.44,23.068,0,-623.57,100,6.1739,-Inf,0
705.35,52.919,-641,-339.44,23.068,0,-623.57,100,6.4783,-Inf,0
705.35,52.919,-641,-339.44,23.068,0,-623.57,100,6.7826,-Inf,0
705.35,52.919,-641,-339.44,23.068,0,-623.57,100,7.087,-Inf,0
705.35,52.919,-641,-339.44,23.068,0,-623.57,100,7.3913,-Inf,0
705.35,52.919,-641,-339.44,23.068,0,-623.57,100,7.6957,-Inf,0
705.35,52.919,-641,-339.44,23.068,0,-623.57,100,8,-Inf,0
723.13,55.498,-641,-339.44,23.068,0,-623.57,200,1,-661.35,0
723.13,55.498,-641,-339.44,23.068,0,-623.57,200,1.3043,-683.29,0
723.13,55.498,-641,-339.44,23.068,0,-623.57,200,1.6087,-718.44,0
723.13,55.498,-641,-339.44,23.068,0,-623.57,200,1.913,-770.75,0
723.13,55.498,-641,-339.44,23.068,0,-623.57,200,2.2174,-847.23,0
723.13,55.498,-641,-339.44,23.068,0,-623.57,200,2.5217,-961.02,0
723.13,55.498,-641,-339.44,23.068,0,-623.57,200,2.8261,-1139.5,0
723.13,55.498,-641,-339.44,23.068,0,-623.57,200,3.1304,-1451,0
723.13,55.498,-641,-339.44,23.068,0,-623.57,200,3.4348,-2129.2,0
723.13,55.498,-641,-339.44,23.068,0,-623.57,200,3.7391,-Inf,0
723.13,55.498,-641,-339.44,23.068,0,-623.57,200,4.0435,-Inf,0
723.13,55.498,-641,-339.44,23.068,0,-623.57,200,4.3478,-Inf,0
723.13,55.498,-641,-339.44,23.068,0,-623.57,200,4.6522,-Inf,0
723.13,55.498,-641,-339.44,23.068,0,-623.57,200,4.9565,-Inf,0
723.13,55.498,-641,-339.44,23.068,0,-623.57,200,5.2609,-Inf,0
723.13,55.498,-641,-339.44,23.068,0,-623.57,200,5.5652,-Inf,0
723.13,55.498,-641,-339.44,23.068,0,-623.57,200,5.8696,-Inf,0
723.13,55.498,-641,-339.44,23.068,0,-623.57,200,6.1739,-Inf,0
723.13,55.498,-641,-339.44,23.068,0,-623.57,200,6.4783,-Inf,0
723.13,55.498,-641,-339.44,23.068,0,-623.57,200,6.7826,-Inf,0
723.13,55.498,-641,-339.44,23.068,0,-623.57,200,7.087,-Inf,0
723.13,55.498,-641,-339.44,23.068,0,-623.57,200,7.3913,-Inf,0
723.13,55.498,-641,-339.44,23.068,0,-623.57,200,7.6957,-Inf,0
723.13,55.498,-641,-339.44,23.068,0,-623.57,200,8,-Inf,0
753.85,59.354,-641,-339.44,23.068,0,-623.57,300,1,-908.05,0
753.85,59.354,-641,-339.44,23.068,0,-623.57,300,1.3043,-929.82,0
753.85,59.354,-641,-339.44,23.068,0,-623.57,300,1.6087,-968.33,0
753.85,59.354,-641,-339.44,23.068,0,-623.57,300,1.913,-1028.2,0
753.85,59.354,-641,-339.44,23.068,0,-623.57,300,2.2174,-1117.8,0
753.85,59.354,-641,-339.44,23.068,0,-623.57,300,2.5217,-1252.7,0
753.85,59.354,-641,-339.44,23.068,0,-623.57,300,2.8261,-1465.3,0
753.85,59.354,-641,-339.44,23.068,0,-623.57,300,3.1304,-1835.1,0
753.85,59.354,-641,-339.44,23.068,0,-623.57,300,3.4348,-2624.9,0
753.85,59.354,-641,-339.44,23.068,0,-623.57,300,3.7391,-Inf,0
753.85,59.354,-641,-339.44,23.068,0,-623.57,300,4.0435,-Inf,0
753.85,59.354,-641,-339.44,23.068,0,-623.57,300,4.3478,-Inf,0
753.85,59.354,-641,-339.44,23.068,0,-623.57,300,4.6522,-Inf,0
753.85,59.354,-641,-339.44,23.068,0,-623.57,300,4.9565,-Inf,0
753.85,59.354,-641,-339.44,23.068,0,-623.57,300,5.2609,-Inf,0
753.85,59.354,-641,-339.44,23.068,0,-623.57,300,5.5652,-Inf,0
753.85,59.354,-641,-339.44,23.068,0,-623.57,300,5.8696,-Inf,0
753.85,59.354,-641,-339.44,23.068,0,-623.57,300,6.1739,-Inf,0
753.85,59.354,-641,-339.44,23.068,0,-623.57,300,6.4783,-Inf,0
753.85,59.354,-641,-339.44,23.068,0,-623.57,300,6.7826,-Inf,0
753.85,59.354,-641,-339.44,23.068,0,-623.57,300,7.087,-Inf,0
753.85,59.354,-641,-339.44,23.068,0,-623.57,300,7.3913,-Inf,0
753.85,59.354,-641,-339.44,23.068,0,-623.57,300,7.6957,-Inf,0
753.85,59.354,-641,-339.44,23.068,0,-623.57,300,8,-Inf,0
744.06,48.638,-641,-339.44,23.068,0,-535.36,-300,1,-402.75,0
744.06,48.638,-641,-339.44,23.068,0,-535.36,-300,1.3043,-441.5,0
744.06,48.638,-641,-339.44,23.068,0,-535.36,-300,1.6087,-498,0
744.06,48.638,-641,-339.44,23.068,0,-535.36,-300,1.913,-578.18,0
744.06,48.638,-641,-339.44,23.068,0,-535.36,-300,2.2174,-692.34,0
744.06,48.638,-641,-339.44,23.068,0,-535.36,-300,2.5217,-859.77,0
744.06,48.638,-641,-339.44,23.068,0,-535.36,-300,2.8261,-1120.9,0
744.06,48.638,-641,-339.44,23.068,0,-535.36,-300,3.1304,-1578.3,0
744.06,48.638,-641,-339.44,23.068,0,-535.36,-300,3.4348,-Inf,0
744.06,48.638,-641,-339.44,23.068,0,-535.36,-300,3.7391,-Inf,0
744.06,48.638,-641,-339.44,23.068,0,-535.36,-300,4.0435,-Inf,0
744.06,48.638,-641,-339.44,23.068,0,-535.36,-300,4.3478,-Inf,0
744.06,48.638,-641,-339.44,23.068,0,-535.36,-300,4.6522,-Inf,0
744.06,48.638,-641,-339.44,23.068,0,-535.36,-300,4.9565,-Inf,0
744.06,48.638,-641,-339.44,23.068,0,-535.36,-300,5.2609,-Inf,0
744.06,48.638,-641,-339.44,23.068,0,-535.36,-300,5.5652,-Inf,0
744.06,48.638,-641,-339.44,23.068,0,-535.36,-300,5.8696,-Inf,0
744.06,48.638,-641,-339.44,23.068,0,-535.36,-300,6.1739,-Inf,0
744.06,48.638,-641,-339.44,23.068,0,-535.36,-300,6.4783,-Inf,0
744.06,48.638,-641,-339.44,23.068,0,-535.36,-300,6.7826,-Inf,0
744.06,48.638,-641,-339.44,23.068,0,-535.36,-300,7.087,-Inf,0
744.06,48.638,-641,-339.44,23.068,0,-535.36,-300,7.3913,-Inf,0
744.06,48.638,-641,-339.44,23.068,0,-535.36,-300,7.6957,-Inf,0
744.06,48.638,-641,-339.44,23.068,0,-535.36,-300,8,-Inf,0
706.41,48.721,-641,-339.44,23.068,0,-535.36,-200,1,-396.33,0
706.41,48.721,-641,-339.44,23.068,0,-535.36,-200,1.3043,-427.41,0
706.41,48.721,-641,-339.44,23.068,0,-535.36,-200,1.6087,-473.01,0
706.41,48.721,-641,-339.44,23.068,0,-535.36,-200,1.913,-537.88,0
706.41,48.721,-641,-339.44,23.068,0,-535.36,-200,2.2174,-630.37,0
706.41,48.721,-641,-339.44,23.068,0,-535.36,-200,2.5217,-766.05,0
706.41,48.721,-641,-339.44,23.068,0,-535.36,-200,2.8261,-977.53,0
706.41,48.721,-641,-339.44,23.068,0,-535.36,-200,3.1304,-1347.1,0
706.41,48.721,-641,-339.44,23.068,0,-535.36,-200,3.4348,-2165.2,0
706.41,48.721,-641,-339.44,23.068,0,-535.36,-200,3.7391,-Inf,0
706.41,48.721,-641,-339.44,23.068,0,-535.36,-200,4.0435,-Inf,0
706.41,48.721,-641,-339.44,23.068,0,-535.36,-200,4.3478,-Inf,0
706.41,48.721,-641,-339.44,23.068,0,-535.36,-200,4.6522,-Inf,0
706.41,48.721,-641,-339.44,23.068,0,-535.36,-200,4.9565,-Inf,0
706.41,48.721,-641,-339.44,23.068,0,-535.36,-200,5.2609,-Inf,0
706.41,48.721,-641,-339.44,23.068,0,-535.36,-200,5.5652,-Inf,0
706.41,48.721,-641,-339.44,23.068,0,-535.36,-200,5.8696,-Inf,0
706.41,48.721,-641,-339.44,23.068,0,-535.36,-200,6.1739,-Inf,0
706.41,48.721,-641,-339.44,23.068,0,-535.36,-200,6.4783,-Inf,0
706.41,48.721,-641,-339.44,23.068,0,-535.36,-200,6.7826,-Inf,0
706.41,48.721,-641,-339.44,23.068,0,-535.36,-200,7.087,-Inf,0
706.41,48.721,-641,-339.44,23.068,0,-535.36,-200,7.3913,-Inf,0
706.41,48.721,-641,-339.44,23.068,0,-535.36,-200,7.6957,-Inf,0
706.41,48.721,-641,-339.44,23.068,0,-535.36,-200,8,-Inf,0
681.47,48.98,-641,-339.44,23.068,0,-535.36,-100,1,-393.41,0
681.47,48.98,-641,-339.44,23.068,0,-535.36,-100,1.3043,-418.06,0
681.47,48.98,-641,-339.44,23.068,0,-535.36,-100,1.6087,-454.51,0
681.47,48.98,-641,-339.44,23.068,0,-535.36,-100,1.913,-506.57,0
681.47,48.98,-641,-339.44,23.068,0,-535.36,-100,2.2174,-580.92,0
681.47,48.98,-641,-339.44,23.068,0,-535.36,-100,2.5217,-690.04,0
681.47,48.98,-641,-339.44,23.068,0,-535.36,-100,2.8261,-859.97,0
681.47,48.98,-641,-339.44,23.068,0,-535.36,-100,3.1304,-1156.2,0
681.47,48.98,-641,-339.44,23.068,0,-535.36,-100,3.4348,-1807.8,0
681.47,48.98,-641,-339.44,23.068,0,-535.36,-100,3.7391,-Inf,0
681.47,48.98,-641,-339.44,23.068,0,-535.36,-100,4.0435,-Inf,0
681.47,48.98,-641,-339.44,23.068,0,-535.36,-100,4.3478,-Inf,0
681.47,48.98,-641,-339.44,23.068,0,-535.36,-100,4.6522,-Inf,0
681.47,48.98,-641,-339.44,23.068,0,-535.36,-100,4.9565,-Inf,0
681.47,48.98,-641,-339.44,23.068,0,-535.36,-100,5.2609,-Inf,0
681.47,48.98,-641,-339.44,23.068,0,-535.36,-100,5.5652,-Inf,0
681.47,48.98,-641,-339.44,23.068,0,-535.36,-100,5.8696,-Inf,0
681.47,48.98,-641,-339.44,23.068,0,-535.36,-100,6.1739,-Inf,0
681.47,48.98,-641,-339.44,23.068,0,-535.36,-100,6.4783,-Inf,0
681.47,48.98,-641,-339.44,23.068,0,-535.36,-100,6.7826,-Inf,0
681.47,48.98,-641,-339.44,23.068,0,-535.36,-100,7.087,-Inf,0
681.47,48.98,-641,-339.44,23.068,0,-535.36,-100,7.3913,-Inf,0
681.47,48.98,-641,-339.44,23.068,0,-535.36,-100,7.6957,-Inf,0
681.47,48.98,-641,-339.44,23.068,0,-535.36,-100,8,-Inf,0
670.66,49.55,-641,-339.44,23.068,0,-535.36,0,1,-395.98,0
670.66,49.55,-641,-339.44,23.068,0,-535.36,0,1.3043,-415.43,0
670.66,49.55,-641,-339.44,23.068,0,-535.36,0,1.6087,-444.54,0
670.66,49.55,-641,-339.44,23.068,0,-535.36,0,1.913,-486.35,0
670.66,49.55,-641,-339.44,23.068,0,-535.36,0,2.2174,-546.23,0
670.66,49.55,-641,-339.44,23.068,0,-535.36,0,2.5217,-634.19,0
670.66,49.55,-641,-339.44,23.068,0,-535.36,0,2.8261,-771.05,0
670.66,49.55,-641,-339.44,23.068,0,-535.36,0,3.1304,-1008.9,0
670.66,49.55,-641,-339.44,23.068,0,-535.36,0,3.4348,-1527.5,0
670.66,49.55,-641,-339.44,23.068,0,-535.36,0,3.7391,-Inf,0
670.66,49.55,-641,-339.44,23.068,0,-535.36,0,4.0435,-Inf,0
670.66,49.55,-641,-339.44,23.068,0,-535.36,0,4.3478,-Inf,0
670.66,49.55,-641,-339.44,23.068,0,-535.36,0,4.6522,-Inf,0
670.66,49.55,-641,-339.44,23.068,0,-535.36,0,4.9565,-Inf,0
670.66,49.55,-641,-339.44,23.068,0,-535.36,0,5.2609,-Inf,0
670.66,49.55,-641,-339.44,23.068,0,-535.36,0,5.5652,-Inf,0
670.66,49.55,-641,-339.44,23.068,0,-535.36,0,5.8696,-Inf,0
670.66,49.55,-641,-339.44,23.068,0,-535.36,0,6.1739,-Inf,0
670.66,49.55,-641,-339.44,23.068,0,-535.36,0,6.4783,-Inf,0
670.66,49.55,-641,-339.44,23.068,0,-535.36,0,6.7826,-Inf,0
670.66,49.55,-641,-339.44,23.068,0,-535.36,0,7.087,-Inf,0
670.66,49.55,-641,-339.44,23.068,0,-535.36,0,7.3913,-Inf,0
670.66,49.55,-641,-339.44,23.068,0,-535.36,0,7.6957,-Inf,0
670.66,49.55,-641,-339.44,23.068,0,-535.36,0,8,-Inf,0
674.67,50.661,-641,-339.44,23.068,0,-535.36,100,1,-408.26,0
674.67,50.661,-641,-339.44,23.068,0,-535.36,100,1.3043,-423.76,0
674.67,50.661,-641,-339.44,23.068,0,-535.36,100,1.6087,-447.38,0
674.67,50.661,-641,-339.44,23.068,0,-535.36,100,1.913,-481.64,0
674.67,50.661,-641,-339.44,23.068,0,-535.36,100,2.2174,-530.93,0
674.67,50.661,-641,-339.44,23.068,0,-535.36,100,2.5217,-603.43,0
674.67,50.661,-641,-339.44,23.068,0,-535.36,100,2.8261,-716.15,0
674.67,50.661,-641,-339.44,23.068,0,-535.36,100,3.1304,-911.21,0
674.67,50.661,-641,-339.44,23.068,0,-535.36,100,3.4348,-1331.7,0
674.67,50.661,-641,-339.44,23.068,0,-535.36,100,3.7391,-Inf,0
674.67,50.661,-641,-339.44,23.068,0,-535.36,100,4.0435,-Inf,0
674.67,50.661,-641,-339.44,23.068,0,-535.36,100,4.3478,-Inf,0
674.67,50.661,-641,-339.44,23.068,0,-535.36,100,4.6522,-Inf,0
674.67,50.661,-641,-339.44,23.068,0,-535.36,100,4.9565,-Inf,0
674.67,50.661,-641,-339.44,23.068,0,-535.36,100,5.2609,-Inf,0
674.67,50.661,-641,-339.44,23.068,0,-535.36,100,5.5652,-Inf,0
674.67,50.661,-641,-339.44,23.068,0,-535.36,100,5.8696,-Inf,0
674.67,50.661,-641,-339.44,23.068,0,-535.36,100,6.1739,-Inf,0
674.67,50.661,-641,-339.44,23.068,0,-535.36,100,6.4783,-Inf,0
674.67,50.661,-641,-339.44,23.068,0,-535.36,100,6.7826,-Inf,0
674.67,50.661,-641,-339.44,23.068,0,-535.36,100,7.087,-Inf,0
674.67,50.661,-641,-339.44,23.068,0,-535.36,100,7.3913,-Inf,0
674.67,50.661,-641,-339.44,23.068,0,-535.36,100,7.6957,-Inf,0
674.67,50.661,-641,-339.44,23.068,0,-535.36,100,8,-Inf,0
693.23,52.702,-641,-339.44,23.068,0,-535.36,200,1,-441.42,0
693.23,52.702,-641,-339.44,23.068,0,-535.36,200,1.3043,-454.19,0
693.23,52.702,-641,-339.44,23.068,0,-535.36,200,1.6087,-474.37,0
693.23,52.702,-641,-339.44,23.068,0,-535.36,200,1.913,-504.12,0
693.23,52.702,-641,-339.44,23.068,0,-535.36,200,2.2174,-547.28,0
693.23,52.702,-641,-339.44,23.068,0,-535.36,200,2.5217,-611.01,0
693.23,52.702,-641,-339.44,23.068,0,-535.36,200,2.8261,-710.02,0
693.23,52.702,-641,-339.44,23.068,0,-535.36,200,3.1304,-880.38,0
693.23,52.702,-641,-339.44,23.068,0,-535.36,200,3.4348,-1241.4,0
693.23,52.702,-641,-339.44,23.068,0,-535.36,200,3.7391,-Inf,0
693.23,52.702,-641,-339.44,23.068,0,-535.36,200,4.0435,-Inf,0
693.23,52.702,-641,-339.44,23.068,0,-535.36,200,4.3478,-Inf,0
693.23,52.702,-641,-339.44,23.068,0,-535.36,200,4.6522,-Inf,0
693.23,52.702,-641,-339.44,23.068,0,-535.36,200,4.9565,-Inf,0
693.23,52.702,-641,-339.44,23.068,0,-535.36,200,5.2609,-Inf,0
693.23,52.702,-641,-339.44,23.068,0,-535.36,200,5.5652,-Inf,0
693.23,52.702,-641,-339.44,23.068,0,-535.36,200,5.8696,-Inf,0
693.23,52.702,-641,-339.44,23.068,0,-535.36,200,6.1739,-Inf,0
693.23,52.702,-641,-339.44,23.068,0,-535.36,200,6.4783,-Inf,0
693.23,52.702,-641,-339.44,23.068,0,-535.36,200,6.7826,-Inf,0
693.23,52.702,-641,-339.44,23.068,0,-535.36,200,7.087,-Inf,0
693.23,52.702,-641,-339.44,23.068,0,-535.36,200,7.3913,-Inf,0
693.23,52.702,-641,-339.44,23.068,0,-535.36,200,7.6957,-Inf,0
693.23,52.702,-641,-339.44,23.068,0,-535.36,200,8,-Inf,0
725.22,56.25,-641,-339.44,23.068,0,-535.36,300,1,-533.72,0
725.22,56.25,-641,-339.44,23.068,0,-535.36,300,1.3043,-544.93,0
725.22,56.25,-641,-339.44,23.068,0,-535.36,300,1.6087,-564.22,0
725.22,56.25,-641,-339.44,23.068,0,-535.36,300,1.913,-593.79,0
725.22,56.25,-641,-339.44,23.068,0,-535.36,300,2.2174,-637.52,0
725.22,56.25,-641,-339.44,23.068,0,-535.36,300,2.5217,-702.65,0
725.22,56.25,-641,-339.44,23.068,0,-535.36,300,2.8261,-803.93,0
725.22,56.25,-641,-339.44,23.068,0,-535.36,300,3.1304,-976.75,0
725.22,56.25,-641,-339.44,23.068,0,-535.36,300,3.4348,-1333.1,0
725.22,56.25,-641,-339.44,23.068,0,-535.36,300,3.7391,-Inf,0
725.22,56.25,-641,-339.44,23.068,0,-535.36,300,4.0435,-Inf,0
725.22,56.25,-641,-339.44,23.068,0,-535.36,300,4.3478,-Inf,0
725.22,56.25,-641,-339.44,23.068,0,-535.36,300,4.6522,-Inf,0
725.22,56.25,-641,-339.44,23.068,0,-535.36,300,4.9565,-Inf,0
725.22,56.25,-641,-339.44,23.068,0,-535.36,300,5.2609,-Inf,0
725.22,56.25,-641,-339.44,23.068,0,-535.36,300,5.5652,-Inf,0
725.22,56.25,-641,-339.44,23.068,0,-535.36,300,5.8696,-Inf,0
725.22,56.25,-641,-339.44,23.068,0,-535.36,300,6.1739,-Inf,0
725.22,56.25,-641,-339.44,23.068,0,-535.36,300,6.4783,-Inf,0
725.22,56.25,-641,-339.44,23.068,0,-535.36,300,6.7826,-Inf,0
725.22,56.25,-641,-339.44,23.068,0,-535.36,300,7.087,-Inf,0
725.22,56.25,-641,-339.44,23.068,0,-535.36,300,7.3913,-Inf,0
725.22,56.25,-641,-339.44,23.068,0,-535.36,300,7.6957,-Inf,0
725.22,56.25,-641,-339.44,23.068,0,-535.36,300,8,-Inf,0
725.84,48.372,-641,-339.44,23.068,0,-447.14,-300,1,-341.2,0
725.84,48.372,-641,-339.44,23.068,0,-447.14,-300,1.3043,-374.82,0
725.84,48.372,-641,-339.44,23.068,0,-447.14,-300,1.6087,-423.63,0
725.84,48.372,-641,-339.44,23.068,0,-447.14,-300,1.913,-492.69,0
725.84,48.372,-641,-339.44,23.068,0,-447.14,-300,2.2174,-590.78,0
725.84,48.372,-641,-339.44,23.068,0,-447.14,-300,2.5217,-734.24,0
725.84,48.372,-641,-339.44,23.068,0,-447.14,-300,2.8261,-957.22,0
725.84,48.372,-641,-339.44,23.068,0,-447.14,-300,3.1304,-1345.6,0
725.84,48.372,-641,-339.44,23.068,0,-447.14,-300,3.4348,-2199.8,0
725.84,48.372,-641,-339.44,23.068,0,-447.14,-300,3.7391,-Inf,0
725.84,48.372,-641,-339.44,23.068,0,-447.14,-300,4.0435,-Inf,0
725.84,48.372,-641,-339.44,23.068,0,-447.14,-300,4.3478,-Inf,0
725.84,48.372,-641,-339.44,23.068,0,-447.14,-300,4.6522,-Inf,0
725.84,48.372,-641,-339.44,23.068,0,-447.14,-300,4.9565,-Inf,0
725.84,48.372,-641,-339.44,23.068,0,-447.14,-300,5.2609,-Inf,0
725.84,48.372,-641,-339.44,23.068,0,-447.14,-300,5.5652,-Inf,0
725.84,48.372,-641,-339.44,23.068,0,-447.14,-300,5.8696,-Inf,0
725.84,48.372,-641,-339.44,23.068,0,-447.14,-300,6.1739,-Inf,0
725.84,48.372,-641,-339.44,23.068,0,-447.14,-300,6.4783,-Inf,0
725.84,48.372,-641,-339.44,23.068,0,-447.14,-300,6.7826,-Inf,0
725.84,48.372,-641,-339.44,23.068,0,-447.14,-300,7.087,-Inf,0
725.84,48.372,-641,-339.44,23.068,0,-447.14,-300,7.3913,-Inf,0
725.84,48.372,-641,-339.44,23.068,0,-447.14,-300,7.6957,-Inf,0
725.84,48.372,-641,-339.44,23.068,0,-447.14,-300,8,-Inf,0
687.19,48.205,-641,-339.44,23.068,0,-447.14,-200,1,-332.28,0
687.19,48.205,-641,-339.44,23.068,0,-447.14,-200,1.3043,-358.23,0
687.19,48.205,-641,-339.44,23.068,0,-447.14,-200,1.6087,-396.1,0
687.19,48.205,-641,-339.44,23.068,0,-447.14,-200,1.913,-449.81,0
687.19,48.205,-641,-339.44,23.068,0,-447.14,-200,2.2174,-526.15,0
687.19,48.205,-641,-339.44,23.068,0,-447.14,-200,2.5217,-637.78,0
687.19,48.205,-641,-339.44,23.068,0,-447.14,-200,2.8261,-811.07,0
687.19,48.205,-641,-339.44,23.068,0,-447.14,-200,3.1304,-1112.1,0
687.19,48.205,-641,-339.44,23.068,0,-447.14,-200,3.4348,-1769.7,0
687.19,48.205,-641,-339.44,23.068,0,-447.14,-200,3.7391,-Inf,0
687.19,48.205,-641,-339.44,23.068,0,-447.14,-200,4.0435,-Inf,0
687.19,48.205,-641,-339.44,23.068,0,-447.14,-200,4.3478,-Inf,0
687.19,48.205,-641,-339.44,23.068,0,-447.14,-200,4.6522,-Inf,0
687.19,48.205,-641,-339.44,23.068,0,-447.14,-200,4.9565,-Inf,0
687.19,48.205,-641,-339.44,23.068,0,-447.14,-200,5.2609,-Inf,0
687.19,48.205,-641,-339.44,23.068,0,-447.14,-200,5.5652,-Inf,0
687.19,48.205,-641,-339.44,23.068,0,-447.14,-200,5.8696,-Inf,0
687.19,48.205,-641,-339.44,23.068,0,-447.14,-200,6.1739,-Inf,0
687.19,48.205,-641,-339.44,23.068,0,-447.14,-200,6.4783,-Inf,0
687.19,48.205,-641,-339.44,23.068,0,-447.14,-200,6.7826,-Inf,0
687.19,48.205,-641,-339.44,23.068,0,-447.14,-200,7.087,-Inf,0
687.19,48.205,-641,-339.44,23.068,0,-447.14,-200,7.3913,-Inf,0
687.19,48.205,-641,-339.44,23.068,0,-447.14,-200,7.6957,-Inf,0
687.19,48.205,-641,-339.44,23.068,0,-447.14,-200,8,-Inf,0
661.53,48.106,-641,-339.44,23.068,0,-447.14,-100,1,-325.44,0
661.53,48.106,-641,-339.44,23.068,0,-447.14,-100,1.3043,-344.98,0
661.53,48.106,-641,-339.44,23.068,0,-447.14,-100,1.6087,-373.7,0
661.53,48.106,-641,-339.44,23.068,0,-447.14,-100,1.913,-414.56,0
661.53,48.106,-641,-339.44,23.068,0,-447.14,-100,2.2174,-472.71,0
661.53,48.106,-641,-339.44,23.068,0,-447.14,-100,2.5217,-557.72,0
661.53,48.106,-641,-339.44,23.068,0,-447.14,-100,2.8261,-689.48,0
661.53,48.106,-641,-339.44,23.068,0,-447.14,-100,3.1304,-917.55,0
661.53,48.106,-641,-339.44,23.068,0,-447.14,-100,3.4348,-1411.8,0
661.53,48.106,-641,-339.44,23.068,0,-447.14,-100,3.7391,-Inf,0
661.53,48.106,-641,-339.44,23.068,0,-447.14,-100,4.0435,-Inf,0
661.53,48.106,-641,-339.44,23.068,0,-447.14,-100,4.3478,-Inf,0
661.53,48.106,-641,-339.44,23.068,0,-447.14,-100,4.6522,-Inf,0
661.53,48.106,-641,-339.44,23.068,0,-447.14,-100,4.9565,-Inf,0
661.53,48.106,-641,-339.44,23.068,0,-447.14,-100,5.2609,-Inf,0
661.53,48.106,-641,-339.44,23.068,0,-447.14,-100,5.5652,-Inf,0
661.53,48.106,-641,-339.44,23.068,0,-447.14,-100,5.8696,-Inf,0
661.53,48.106,-641,-339.44,23.068,0,-447.14,-100,6.1739,-Inf,0
661.53,48.106,-641,-339.44,23.068,0,-447.14,-100,6.4783,-Inf,0
661.53,48.106,-641,-339.44,23.068,0,-447.14,-100,6.7826,-Inf,0
661.53,48.106,-641,-339.44,23.068,0,-447.14,-100,7.087,-Inf,0
661.53,48.106,-641,-339.44,23.068,0,-447.14,-100,7.3913,-Inf,0
661.53,48.106,-641,-339.44,23.068,0,-447.14,-100,7.6957,-Inf,0
661.53,48.106,-641,-339.44,23.068,0,-447.14,-100,8,-Inf,0
650.39,48.164,-641,-339.44,23.068,0,-447.14,0,1,-321.27,0
650.39,48.164,-641,-339.44,23.068,0,-447.14,0,1.3043,-335.63,0
650.39,48.164,-641,-339.44,23.068,0,-447.14,0,1.6087,-356.95,0
650.39,48.164,-641,-339.44,23.068,0,-447.14,0,1.913,-387.43,0
650.39,48.164,-641,-339.44,23.068,0,-447.14,0,2.2174,-430.9,0
650.39,48.164,-641,-339.44,23.068,0,-447.14,0,2.5217,-494.45,0
650.39,48.164,-641,-339.44,23.068,0,-447.14,0,2.8261,-592.77,0
650.39,48.164,-641,-339.44,23.068,0,-447.14,0,3.1304,-762.18,0
650.39,48.164,-641,-339.44,23.068,0,-447.14,0,3.4348,-1125.4,0
650.39,48.164,-641,-339.44,23.068,0,-447.14,0,3.7391,-Inf,0
650.39,48.164,-641,-339.44,23.068,0,-447.14,0,4.0435,-Inf,0
650.39,48.164,-641,-339.44,23.068,0,-447.14,0,4.3478,-Inf,0
650.39,48.164,-641,-339.44,23.068,0,-447.14,0,4.6522,-Inf,0
650.39,48.164,-641,-339.44,23.068,0,-447.14,0,4.9565,-Inf,0
650.39,48.164,-641,-339.44,23.068,0,-447.14,0,5.2609,-Inf,0
650.39,48.164,-641,-339.44,23.068,0,-447.14,0,5.5652,-Inf,0
650.39,48.164,-641,-339.44,23.068,0,-447.14,0,5.8696,-Inf,0
650.39,48.164,-641,-339.44,23.068,0,-447.14,0,6.1739,-Inf,0
650.39,48.164,-641,-339.44,23.068,0,-447.14,0,6.4783,-Inf,0
650.39,48.164,-641,-339.44,23.068,0,-447.14,0,6.7826,-Inf,0
650.39,48.164,-641,-339.44,23.068,0,-447.14,0,7.087,-Inf,0
650.39,48.164,-641,-339.44,23.068,0,-447.14,0,7.3913,-Inf,0
650.39,48.164,-641,-339.44,23.068,0,-447.14,0,7.6957,-Inf,0
650.39,48.164,-641,-339.44,23.068,0,-447.14,0,8,-Inf,0
654.52,48.566,-641,-339.44,23.068,0,-447.14,100,1,-320.93,0
654.52,48.566,-641,-339.44,23.068,0,-447.14,100,1.3043,-331.27,0
654.52,48.566,-641,-339.44,23.068,0,-447.14,100,1.6087,-346.89,0
654.52,48.566,-641,-339.44,23.068,0,-447.14,100,1.913,-369.39,0
654.52,48.566,-641,-339.44,23.068,0,-447.14,100,2.2174,-401.58,0
654.52,48.566,-641,-339.44,23.068,0,-447.14,100,2.5217,-448.66,0
654.52,48.566,-641,-339.44,23.068,0,-447.14,100,2.8261,-521.34,0
654.52,48.566,-641,-339.44,23.068,0,-447.14,100,3.1304,-645.8,0
654.52,48.566,-641,-339.44,23.068,0,-447.14,100,3.4348,-908.75,0
654.52,48.566,-641,-339.44,23.068,0,-447.14,100,3.7391,-Inf,0
654.52,48.566,-641,-339.44,23.068,0,-447.14,100,4.0435,-Inf,0
654.52,48.566,-641,-339.44,23.068,0,-447.14,100,4.3478,-Inf,0
654.52,48.566,-641,-339.44,23.068,0,-447.14,100,4.6522,-Inf,0
654.52,48.566,-641,-339.44,23.068,0,-447.14,100,4.9565,-Inf,0
654.52,48.566,-641,-339.44,23.068,0,-447.14,100,5.2609,-Inf,0
654.52,48.566,-641,-339.44,23.068,0,-447.14,100,5.5652,-Inf,0
654.52,48.566,-641,-339.44,23.068,0,-447.14,100,5.8696,-Inf,0
654.52,48.566,-641,-339.44,23.068,0,-447.14,100,6.1739,-Inf,0
654.52,48.566,-641,-339.44,23.068,0,-447.14,100,6.4783,-Inf,0
654.52,48.566,-641,-339.44,23.068,0,-447.14,100,6.7826,-Inf,0
654.52,48.566,-641,-339.44,23.068,0,-447.14,100,7.087,-Inf,0
654.52,48.566,-641,-339.44,23.068,0,-447.14,100,7.3913,-Inf,0
654.52,48.566,-641,-339.44,23.068,0,-447.14,100,7.6957,-Inf,0
654.52,48.566,-641,-339.44,23.068,0,-447.14,100,8,-Inf,0
673.63,49.707,-641,-339.44,23.068,0,-447.14,200,1,-327.54,0
673.63,49.707,-641,-339.44,23.068,0,-447.14,200,1.3043,-334.93,0
673.63,49.707,-641,-339.44,23.068,0,-447.14,200,1.6087,-346.44,0
673.63,49.707,-641,-339.44,23.068,0,-447.14,200,1.913,-363.27,0
673.63,49.707,-641,-339.44,23.068,0,-447.14,200,2.2174,-387.51,0
673.63,49.707,-641,-339.44,23.068,0,-447.14,200,2.5217,-423.02,0
673.63,49.707,-641,-339.44,23.068,0,-447.14,200,2.8261,-477.69,0
673.63,49.707,-641,-339.44,23.068,0,-447.14,200,3.1304,-570.49,0
673.63,49.707,-641,-339.44,23.068,0,-447.14,200,3.4348,-762.38,0
673.63,49.707,-641,-339.44,23.068,0,-447.14,200,3.7391,-1417.9,0
673.63,49.707,-641,-339.44,23.068,0,-447.14,200,4.0435,-Inf,0
673.63,49.707,-641,-339.44,23.068,0,-447.14,200,4.3478,-Inf,0
673.63,49.707,-641,-339.44,23.068,0,-447.14,200,4.6522,-Inf,0
673.63,49.707,-641,-339.44,23.068,0,-447.14,200,4.9565,-Inf,0
673.63,49.707,-641,-339.44,23.068,0,-447.14,200,5.2609,-Inf,0
673.63,49.707,-641,-339.44,23.068,0,-447.14,200,5.5652,-3298.1,0
673.63,49.707,-641,-339.44,23.068,0,-447.14,200,5.8696,-Inf,0
673.63,49.707,-641,-339.44,23.068,0,-447.14,200,6.1739,-Inf,0
673.63,49.707,-641,-339.44,23.068,0,-447.14,200,6.4783,-Inf,0
673.63,49.707,-641,-339.44,23.068,0,-447.14,200,6.7826,-Inf,0
673.63,49.707,-641,-339.44,23.068,0,-447.14,200,7.087,-Inf,0
673.63,49.707,-641,-339.44,23.068,0,-447.14,200,7.3913,-Inf,0
673.63,49.707,-641,-339.44,23.068,0,-447.14,200,7.6957,-Inf,0
673.63,49.707,-641,-339.44,23.068,0,-447.14,200,8,-Inf,0
706.52,52.376,-641,-339.44,23.068,0,-447.14,300,1,-351.8,0
706.52,52.376,-641,-339.44,23.068,0,-447.14,300,1.3043,-357.16,0
706.52,52.376,-641,-339.44,23.068,0,-447.14,300,1.6087,-366.14,0
706.52,52.376,-641,-339.44,23.068,0,-447.14,300,1.913,-379.73,0
706.52,52.376,-641,-339.44,23.068,0,-447.14,300,2.2174,-399.6,0
706.52,52.376,-641,-339.44,23.068,0,-447.14,300,2.5217,-428.88,0
706.52,52.376,-641,-339.44,23.068,0,-447.14,300,2.8261,-473.83,0
706.52,52.376,-641,-339.44,23.068,0,-447.14,300,3.1304,-549.16,0
706.52,52.376,-641,-339.44,23.068,0,-447.14,300,3.4348,-699.67,0
706.52,52.376,-641,-339.44,23.068,0,-447.14,300,3.7391,-1159.7,0
706.52,52.376,-641,-339.44,23.068,0,-447.14,300,4.0435,-Inf,0
706.52,52.376,-641,-339.44,23.068,0,-447.14,300,4.3478,-Inf,0
706.52,52.376,-641,-339.44,23.068,0,-447.14,300,4.6522,-Inf,0
706.52,52.376,-641,-339.44,23.068,0,-447.14,300,4.9565,-Inf,0
706.52,52.376,-641,-339.44,23.068,0,-447.14,300,5.2609,-Inf,0
706.52,52.376,-641,-339.44,23.068,0,-447.14,300,5.5652,-2655.9,0
706.52,52.376,-641,-339.44,23.068,0,-447.14,300,5.8696,-Inf,0
706.52,52.376,-641,-339.44,23.068,0,-447.14,300,6.1739,-Inf,0
706.52,52.376,-641,-339.44,23.068,0,-447.14,300,6.4783,-Inf,0
706.52,52.376,-641,-339.44,23.068,0,-447.14,300,6.7826,-Inf,0
706.52,52.376,-641,-339.44,23.068,0,-447.14,300,7.087,-Inf,0
706.52,52.376,-641,-339.44,23.068,0,-447.14,300,7.3913,-Inf,0
706.52,52.376,-641,-339.44,23.068,0,-447.14,300,7.6957,-Inf,0
706.52,52.376,-641,-339.44,23.068,0,-447.14,300,8,-Inf,0
718.07,48.541,-641,-339.44,23.068,0,-358.93,-300,1,-302.74,0
718.07,48.541,-641,-339.44,23.068,0,-358.93,-300,1.3043,-332.94,0
718.07,48.541,-641,-339.44,23.068,0,-358.93,-300,1.6087,-376.6,0
718.07,48.541,-641,-339.44,23.068,0,-358.93,-300,1.913,-438.2,0
718.07,48.541,-641,-339.44,23.068,0,-358.93,-300,2.2174,-525.48,0
718.07,48.541,-641,-339.44,23.068,0,-358.93,-300,2.5217,-652.78,0
718.07,48.541,-641,-339.44,23.068,0,-358.93,-300,2.8261,-850,0
718.07,48.541,-641,-339.44,23.068,0,-358.93,-300,3.1304,-1191.7,0
718.07,48.541,-641,-339.44,23.068,0,-358.93,-300,3.4348,-1935.2,0
718.07,48.541,-641,-339.44,23.068,0,-358.93,-300,3.7391,-Inf,0
718.07,48.541,-641,-339.44,23.068,0,-358.93,-300,4.0435,-Inf,0
718.07,48.541,-641,-339.44,23.068,0,-358.93,-300,4.3478,-Inf,0
718.07,48.541,-641,-339.44,23.068,0,-358.93,-300,4.6522,-Inf,0
718.07,48.541,-641,-339.44,23.068,0,-358.93,-300,4.9565,-Inf,0
718.07,48.541,-641,-339.44,23.068,0,-358.93,-300,5.2609,-Inf,0
718.07,48.541,-641,-339.44,23.068,0,-358.93,-300,5.5652,-Inf,0
718.07,48.541,-641,-339.44,23.068,0,-358.93,-300,5.8696,-Inf,0
718.07,48.541,-641,-339.44,23.068,0,-358.93,-300,6.1739,-Inf,0
718.07,48.541,-641,-339.44,23.068,0,-358.93,-300,6.4783,-Inf,0
718.07,48.541,-641,-339.44,23.068,0,-358.93,-300,6.7826,-Inf,0
718.07,48.541,-641,-339.44,23.068,0,-358.93,-300,7.087,-Inf,0
718.07,48.541,-641,-339.44,23.068,0,-358.93,-300,7.3913,-Inf,0
718.07,48.541,-641,-339.44,23.068,0,-358.93,-300,7.6957,-Inf,0
718.07,48.541,-641,-339.44,23.068,0,-358.93,-300,8,-Inf,0
678.98,48.203,-641,-339.44,23.068,0,-358.93,-200,1,-293.55,0
678.98,48.203,-641,-339.44,23.068,0,-358.93,-200,1.3043,-316.14,0
678.98,48.203,-641,-339.44,23.068,0,-358.93,-200,1.6087,-348.95,0
678.98,48.203,-641,-339.44,23.068,0,-358.93,-200,1.913,-395.32,0
678.98,48.203,-641,-339.44,23.068,0,-358.93,-200,2.2174,-461.04,0
678.98,48.203,-641,-339.44,23.068,0,-358.93,-200,2.5217,-556.85,0
678.98,48.203,-641,-339.44,23.068,0,-358.93,-200,2.8261,-705,0
678.98,48.203,-641,-339.44,23.068,0,-358.93,-200,3.1304,-960.82,0
678.98,48.203,-641,-339.44,23.068,0,-358.93,-200,3.4348,-1513.1,0
678.98,48.203,-641,-339.44,23.068,0,-358.93,-200,3.7391,-Inf,0
678.98,48.203,-641,-339.44,23.068,0,-358.93,-200,4.0435,-Inf,0
678.98,48.203,-641,-339.44,23.068,0,-358.93,-200,4.3478,-Inf,0
678.98,48.203,-641,-339.44,23.068,0,-358.93,-200,4.6522,-Inf,0
678.98,48.203,-641,-339.44,23.068,0,-358.93,-200,4.9565,-Inf,0
678.98,48.203,-641,-339.44,23.068,0,-358.93,-200,5.2609,-Inf,0
678.98,48.203,-641,-339.44,23.068,0,-358.93,-200,5.5652,-Inf,0
678.98,48.203,-641,-339.44,23.068,0,-358.93,-200,5.8696,-Inf,0
678.98,48.203,-641,-339.44,23.068,0,-358.93,-200,6.1739,-Inf,0
678.98,48.203,-641,-339.44,23.068,0,-358.93,-200,6.4783,-Inf,0
678.98,48.203,-641,-339.44,23.068,0,-358.93,-200,6.7826,-Inf,0
678.98,48.203,-641,-339.44,23.068,0,-358.93,-200,7.087,-Inf,0
678.98,48.203,-641,-339.44,23.068,0,-358.93,-200,7.3913,-Inf,0
678.98,48.203,-641,-339.44,23.068,0,-358.93,-200,7.6957,-Inf,0
678.98,48.203,-641,-339.44,23.068,0,-358.93,-200,8,-Inf,0
652.99,47.829,-641,-339.44,23.068,0,-358.93,-100,1,-286.06,0
652.99,47.829,-641,-339.44,23.068,0,-358.93,-100,1.3043,-302.34,0
652.99,47.829,-641,-339.44,23.068,0,-358.93,-100,1.6087,-326.13,0
652.99,47.829,-641,-339.44,23.068,0,-358.93,-100,1.913,-359.84,0
652.99,47.829,-641,-339.44,23.068,0,-358.93,-100,2.2174,-407.66,0
652.99,47.829,-641,-339.44,23.068,0,-358.93,-100,2.5217,-477.31,0
652.99,47.829,-641,-339.44,23.068,0,-358.93,-100,2.8261,-584.79,0
652.99,47.829,-641,-339.44,23.068,0,-358.93,-100,3.1304,-769.54,0
652.99,47.829,-641,-339.44,23.068,0,-358.93,-100,3.4348,-1164.5,0
652.99,47.829,-641,-339.44,23.068,0,-358.93,-100,3.7391,-Inf,0
652.99,47.829,-641,-339.44,23.068,0,-358.93,-100,4.0435,-Inf,0
652.99,47.829,-641,-339.44,23.068,0,-358.93,-100,4.3478,-Inf,0
652.99,47.829,-641,-339.44,23.068,0,-358.93,-100,4.6522,-Inf,0
652.99,47.829,-641,-339.44,23.068,0,-358.93,-100,4.9565,-Inf,0
652.99,47.829,-641,-339.44,23.068,0,-358.93,-100,5.2609,-Inf,0
652.99,47.829,-641,-339.44,23.068,0,-358.93,-100,5.5652,-Inf,0
652.99,47.829,-641,-339.44,23.068,0,-358.93,-100,5.8696,-Inf,0
652.99,47.829,-641,-339.44,23.068,0,-358.93,-100,6.1739,-Inf,0
652.99,47.829,-641,-339.44,23.068,0,-358.93,-100,6.4783,-Inf,0
652.99,47.829,-641,-339.44,23.068,0,-358.93,-100,6.7826,-Inf,0
652.99,47.829,-641,-339.44,23.068,0,-358.93,-100,7.087,-Inf,0
652.99,47.829,-641,-339.44,23.068,0,-358.93,-100,7.3913,-Inf,0
652.99,47.829,-641,-339.44,23.068,0,-358.93,-100,7.6957,-Inf,0
652.99,47.829,-641,-339.44,23.068,0,-358.93,-100,8,-Inf,0
641.71,47.438,-641,-339.44,23.068,0,-358.93,0,1,-280.32,0
641.71,47.438,-641,-339.44,23.068,0,-358.93,0,1.3043,-291.55,0
641.71,47.438,-641,-339.44,23.068,0,-358.93,0,1.6087,-308.11,0
641.71,47.438,-641,-339.44,23.068,0,-358.93,0,1.913,-331.66,0
641.71,47.438,-641,-339.44,23.068,0,-358.93,0,2.2174,-365.1,0
641.71,47.438,-641,-339.44,23.068,0,-358.93,0,2.5217,-413.78,0
641.71,47.438,-641,-339.44,23.068,0,-358.93,0,2.8261,-488.68,0
641.71,47.438,-641,-339.44,23.068,0,-358.93,0,3.1304,-616.69,0
641.71,47.438,-641,-339.44,23.068,0,-358.93,0,3.4348,-886.84,0
641.71,47.438,-641,-339.44,23.068,0,-358.93,0,3.7391,-Inf,0
641.71,47.438,-641,-339.44,23.068,0,-358.93,0,4.0435,-Inf,0
641.71,47.438,-641,-339.44,23.068,0,-358.93,0,4.3478,-Inf,0
641.71,47.438,-641,-339.44,23.068,0,-358.93,0,4.6522,-Inf,0
641.71,47.438,-641,-339.44,23.068,0,-358.93,0,4.9565,-Inf,0
641.71,47.438,-641,-339.44,23.068,0,-358.93,0,5.2609,-Inf,0
641.71,47.438,-641,-339.44,23.068,0,-358.93,0,5.5652,-Inf,0
641.71,47.438,-641,-339.44,23.068,0,-358.93,0,5.8696,-Inf,0
641.71,47.438,-641,-339.44,23.068,0,-358.93,0,6.1739,-Inf,0
641.71,47.438,-641,-339.44,23.068,0,-358.93,0,6.4783,-Inf,0
641.71,47.438,-641,-339.44,23.068,0,-358.93,0,6.7826,-Inf,0
641.71,47.438,-641,-339.44,23.068,0,-358.93,0,7.087,-Inf,0
641.71,47.438,-641,-339.44,23.068,0,-358.93,0,7.3913,-Inf,0
641.71,47.438,-641,-339.44,23.068,0,-358.93,0,7.6957,-Inf,0
641.71,47.438,-641,-339.44,23.068,0,-358.93,0,8,-Inf,0
645.89,47.103,-641,-339.44,23.068,0,-358.93,100,1,-276.49,0
645.89,47.103,-641,-339.44,23.068,0,-358.93,100,1.3043,-283.83,0
645.89,47.103,-641,-339.44,23.068,0,-358.93,100,1.6087,-294.82,0
645.89,47.103,-641,-339.44,23.068,0,-358.93,100,1.913,-310.54,0
645.89,47.103,-641,-339.44,23.068,0,-358.93,100,2.2174,-332.92,0
645.89,47.103,-641,-339.44,23.068,0,-358.93,100,2.5217,-365.46,0
645.89,47.103,-641,-339.44,23.068,0,-358.93,100,2.8261,-415.36,0
645.89,47.103,-641,-339.44,23.068,0,-358.93,100,3.1304,-499.97,0
645.89,47.103,-641,-339.44,23.068,0,-358.93,100,3.4348,-675.43,0
645.89,47.103,-641,-339.44,23.068,0,-358.93,100,3.7391,-1284.2,0
645.89,47.103,-641,-339.44,23.068,0,-358.93,100,4.0435,-Inf,0
645.89,47.103,-641,-339.44,23.068,0,-358.93,100,4.3478,-Inf,0
645.89,47.103,-641,-339.44,23.068,0,-358.93,100,4.6522,-Inf,0
645.89,47.103,-641,-339.44,23.068,0,-358.93,100,4.9565,-Inf,0
645.89,47.103,-641,-339.44,23.068,0,-358.93,100,5.2609,-Inf,0
645.89,47.103,-641,-339.44,23.068,0,-358.93,100,5.5652,-Inf,0
645.89,47.103,-641,-339.44,23.068,0,-358.93,100,5.8696,-Inf,0
645.89,47.103,-641,-339.44,23.068,0,-358.93,100,6.1739,-Inf,0
645.89,47.103,-641,-339.44,23.068,0,-358.93,100,6.4783,-Inf,0
645.89,47.103,-641,-339.44,23.068,0,-358.93,100,6.7826,-Inf,0
645.89,47.103,-641,-339.44,23.068,0,-358.93,100,7.087,-Inf,0
645.89,47.103,-641,-339.44,23.068,0,-358.93,100,7.3913,-Inf,0
645.89,47.103,-641,-339.44,23.068,0,-358.93,100,7.6957,-Inf,0
645.89,47.103,-641,-339.44,23.068,0,-358.93,100,8,-Inf,0
665.25,47.048,-641,-339.44,23.068,0,-358.93,200,1,-275.02,0
665.25,47.048,-641,-339.44,23.068,0,-358.93,200,1.3043,-279.51,0
665.25,47.048,-641,-339.44,23.068,0,-358.93,200,1.6087,-286.42,0
665.25,47.048,-641,-339.44,23.068,0,-358.93,200,1.913,-296.44,0
665.25,47.048,-641,-339.44,23.068,0,-358.93,200,2.2174,-310.77,0
665.25,47.048,-641,-339.44,23.068,0,-358.93,200,2.5217,-331.6,0
665.25,47.048,-641,-339.44,23.068,0,-358.93,200,2.8261,-363.38,0
665.25,47.048,-641,-339.44,23.068,0,-358.93,200,3.1304,-416.66,0
665.25,47.048,-641,-339.44,23.068,0,-358.93,200,3.4348,-524.38,0
665.25,47.048,-641,-339.44,23.068,0,-358.93,200,3.7391,-869.61,0
665.25,47.048,-641,-339.44,23.068,0,-358.93,200,4.0435,-Inf,0
665.25,47.048,-641,-339.44,23.068,0,-358.93,200,4.3478,-Inf,0
665.25,47.048,-641,-339.44,23.068,0,-358.93,200,4.6522,-Inf,0
665.25,47.048,-641,-339.44,23.068,0,-358.93,200,4.9565,-Inf,0
665.25,47.048,-641,-339.44,23.068,0,-358.93,200,5.2609,-Inf,0
665.25,47.048,-641,-339.44,23.068,0,-358.93,200,5.5652,-2214.5,0
665.25,47.048,-641,-339.44,23.068,0,-358.93,200,5.8696,-Inf,0
665.25,47.048,-641,-339.44,23.068,0,-358.93,200,6.1739,-Inf,0
665.25,47.048,-641,-339.44,23.068,0,-358.93,200,6.4783,-Inf,0
665.25,47.048,-641,-339.44,23.068,0,-358.93,200,6.7826,-Inf,0
665.25,47.048,-641,-339.44,23.068,0,-358.93,200,7.087,-Inf,0
665.25,47.048,-641,-339.44,23.068,0,-358.93,200,7.3913,-Inf,0
665.25,47.048,-641,-339.44,23.068,0,-358.93,200,7.6957,-Inf,0
665.25,47.048,-641,-339.44,23.068,0,-358.93,200,8,-Inf,0
698.53,47.966,-641,-339.44,23.068,0,-358.93,300,1,-277.68,0
698.53,47.966,-641,-339.44,23.068,0,-358.93,300,1.3043,-280.21,0
698.53,47.966,-641,-339.44,23.068,0,-358.93,300,1.6087,-284.37,0
698.53,47.966,-641,-339.44,23.068,0,-358.93,300,1.913,-290.58,0
698.53,47.966,-641,-339.44,23.068,0,-358.93,300,2.2174,-299.56,0
698.53,47.966,-641,-339.44,23.068,0,-358.93,300,2.5217,-312.64,0
698.53,47.966,-641,-339.44,23.068,0,-358.93,300,2.8261,-332.49,0
698.53,47.966,-641,-339.44,23.068,0,-358.93,300,3.1304,-365.2,0
698.53,47.966,-641,-339.44,23.068,0,-358.93,300,3.4348,-428.73,0
698.53,47.966,-641,-339.44,23.068,0,-358.93,300,3.7391,-609.68,0
698.53,47.966,-641,-339.44,23.068,0,-358.93,300,4.0435,-Inf,0
698.53,47.966,-641,-339.44,23.068,0,-358.93,300,4.3478,-Inf,0
698.53,47.966,-641,-339.44,23.068,0,-358.93,300,4.6522,-Inf,0
698.53,47.966,-641,-339.44,23.068,0,-358.93,300,4.9565,-Inf,0
698.53,47.966,-641,-339.44,23.068,0,-358.93,300,5.2609,-Inf,0
698.53,47.966,-641,-339.44,23.068,0,-358.93,300,5.5652,-1490.3,0
698.53,47.966,-641,-339.44,23.068,0,-358.93,300,5.8696,-Inf,0
698.53,47.966,-641,-339.44,23.068,0,-358.93,300,6.1739,-Inf,0
698.53,47.966,-641,-339.44,23.068,0,-358.93,300,6.4783,-Inf,0
698.53,47.966,-641,-339.44,23.068,0,-358.93,300,6.7826,-Inf,0
698.53,47.966,-641,-339.44,23.068,0,-358.93,300,7.087,-Inf,0
698.53,47.966,-641,-339.44,23.068,0,-358.93,300,7.3913,-Inf,0
698.53,47.966,-641,-339.44,23.068,0,-358.93,300,7.6957,-Inf,0
698.53,47.966,-641,-339.44,23.068,0,-358.93,300,8,-Inf,0
721.09,49.211,-641,-339.44,23.068,0,-270.71,-300,1,-282.09,0
721.09,49.211,-641,-339.44,23.068,0,-270.71,-300,1.3043,-310.39,0
721.09,49.211,-641,-339.44,23.068,0,-270.71,-300,1.6087,-351.16,0
721.09,49.211,-641,-339.44,23.068,0,-270.71,-300,1.913,-408.52,0
721.09,49.211,-641,-339.44,23.068,0,-270.71,-300,2.2174,-489.57,0
721.09,49.211,-641,-339.44,23.068,0,-270.71,-300,2.5217,-607.52,0
721.09,49.211,-641,-339.44,23.068,0,-270.71,-300,2.8261,-789.65,0
721.09,49.211,-641,-339.44,23.068,0,-270.71,-300,3.1304,-1103.7,0
721.09,49.211,-641,-339.44,23.068,0,-270.71,-300,3.4348,-1780,0
721.09,49.211,-641,-339.44,23.068,0,-270.71,-300,3.7391,-Inf,0
721.09,49.211,-641,-339.44,23.068,0,-270.71,-300,4.0435,-Inf,0
721.09,49.211,-641,-339.44,23.068,0,-270.71,-300,4.3478,-Inf,0
721.09,49.211,-641,-339.44,23.068,0,-270.71,-300,4.6522,-Inf,0
721.09,49.211,-641,-339.44,23.068,0,-270.71,-300,4.9565,-Inf,0
721.09,49.211,-641,-339.44,23.068,0,-270.71,-300,5.2609,-Inf,0
721.09,49.211,-641,-339.44,23.068,0,-270.71,-300,5.5652,-Inf,0
721.09,49.211,-641,-339.44,23.068,0,-270.71,-300,5.8696,-Inf,0
721.09,49.211,-641,-339.44,23.068,0,-270.71,-300,6.1739,-Inf,0
721.09,49.211,-641,-339.44,23.068,0,-270.71,-300,6.4783,-Inf,0
721.09,49.211,-641,-339.44,23.068,0,-270.71,-300,6.7826,-Inf,0
721.09,49.211,-641,-339.44,23.068,0,-270.71,-300,7.087,-Inf,0
721.09,49.211,-641,-339.44,23.068,0,-270.71,-300,7.3913,-Inf,0
721.09,49.211,-641,-339.44,23.068,0,-270.71,-300,7.6957,-Inf,0
721.09,49.211,-641,-339.44,23.068,0,-270.71,-300,8,-Inf,0
682.17,48.828,-641,-339.44,23.068,0,-270.71,-200,1,-273.27,0
682.17,48.828,-641,-339.44,23.068,0,-270.71,-200,1.3043,-294.01,0
682.17,48.828,-641,-339.44,23.068,0,-270.71,-200,1.6087,-323.99,0
682.17,48.828,-641,-339.44,23.068,0,-270.71,-200,1.913,-366.23,0
682.17,48.828,-641,-339.44,23.068,0,-270.71,-200,2.2174,-425.92,0
682.17,48.828,-641,-339.44,23.068,0,-270.71,-200,2.5217,-512.69,0
682.17,48.828,-641,-339.44,23.068,0,-270.71,-200,2.8261,-646.39,0
682.17,48.828,-641,-339.44,23.068,0,-270.71,-200,3.1304,-875.96,0
682.17,48.828,-641,-339.44,23.068,0,-270.71,-200,3.4348,-1365.9,0
682.17,48.828,-641,-339.44,23.068,0,-270.71,-200,3.7391,-Inf,0
682.17,48.828,-641,-339.44,23.068,0,-270.71,-200,4.0435,-Inf,0
682.17,48.828,-641,-339.44,23.068,0,-270.71,-200,4.3478,-Inf,0
682.17,48.828,-641,-339.44,23.068,0,-270.71,-200,4.6522,-Inf,0
682.17,48.828,-641,-339.44,23.068,0,-270.71,-200,4.9565,-Inf,0
682.17,48.828,-641,-339.44,23.068,0,-270.71,-200,5.2609,-Inf,0
682.17,48.828,-641,-339.44,23.068,0,-270.71,-200,5.5652,-Inf,0
682.17,48.828,-641,-339.44,23.068,0,-270.71,-200,5.8696,-Inf,0
682.17,48.828,-641,-339.44,23.068,0,-270.71,-200,6.1739,-Inf,0
682.17,48.828,-641,-339.44,23.068,0,-270.71,-200,6.4783,-Inf,0
682.17,48.828,-641,-339.44,23.068,0,-270.71,-200,6.7826,-Inf,0
682.17,48.828,-641,-339.44,23.068,0,-270.71,-200,7.087,-Inf,0
682.17,48.828,-641,-339.44,23.068,0,-270.71,-200,7.3913,-Inf,0
682.17,48.828,-641,-339.44,23.068,0,-270.71,-200,7.6957,-Inf,0
682.17,48.828,-641,-339.44,23.068,0,-270.71,-200,8,-Inf,0
656.31,48.347,-641,-339.44,23.068,0,-270.71,-100,1,-266.13,0
656.31,48.347,-641,-339.44,23.068,0,-270.71,-100,1.3043,-280.64,0
656.31,48.347,-641,-339.44,23.068,0,-270.71,-100,1.6087,-301.73,0
656.31,48.347,-641,-339.44,23.068,0,-270.71,-100,1.913,-331.49,0
656.31,48.347,-641,-339.44,23.068,0,-270.71,-100,2.2174,-373.56,0
656.31,48.347,-641,-339.44,23.068,0,-270.71,-100,2.5217,-434.63,0
656.31,48.347,-641,-339.44,23.068,0,-270.71,-100,2.8261,-528.47,0
656.31,48.347,-641,-339.44,23.068,0,-270.71,-100,3.1304,-688.75,0
656.31,48.347,-641,-339.44,23.068,0,-270.71,-100,3.4348,-1027,0
656.31,48.347,-641,-339.44,23.068,0,-270.71,-100,3.7391,-Inf,0
656.31,48.347,-641,-339.44,23.068,0,-270.71,-100,4.0435,-Inf,0
656.31,48.347,-641,-339.44,23.068,0,-270.71,-100,4.3478,-Inf,0
656.31,48.347,-641,-339.44,23.068,0,-270.71,-100,4.6522,-Inf,0
656.31,48.347,-641,-339.44,23.068,0,-270.71,-100,4.9565,-Inf,0
656.31,48.347,-641,-339.44,23.068,0,-270.71,-100,5.2609,-Inf,0
656.31,48.347,-641,-339.44,23.068,0,-270.71,-100,5.5652,-Inf,0
656.31,48.347,-641,-339.44,23.068,0,-270.71,-100,5.8696,-Inf,0
656.31,48.347,-641,-339.44,23.068,0,-270.71,-100,6.1739,-Inf,0
656.31,48.347,-641,-339.44,23.068,0,-270.71,-100,6.4783,-Inf,0
656.31,48.347,-641,-339.44,23.068,0,-270.71,-100,6.7826,-Inf,0
656.31,48.347,-641,-339.44,23.068,0,-270.71,-100,7.087,-Inf,0
656.31,48.347,-641,-339.44,23.068,0,-270.71,-100,7.3913,-Inf,0
656.31,48.347,-641,-339.44,23.068,0,-270.71,-100,7.6957,-Inf,0
656.31,48.347,-641,-339.44,23.068,0,-270.71,-100,8,-Inf,0
645.08,47.732,-641,-339.44,23.068,0,-270.71,0,1,-260.62,0
645.08,47.732,-641,-339.44,23.068,0,-270.71,0,1.3043,-270.19,0
645.08,47.732,-641,-339.44,23.068,0,-270.71,0,1.6087,-284.19,0
645.08,47.732,-641,-339.44,23.068,0,-270.71,0,1.913,-304.02,0
645.08,47.732,-641,-339.44,23.068,0,-270.71,0,2.2174,-332.06,0
645.08,47.732,-641,-339.44,23.068,0,-270.71,0,2.5217,-372.7,0
645.08,47.732,-641,-339.44,23.068,0,-270.71,0,2.8261,-434.92,0
645.08,47.732,-641,-339.44,23.068,0,-270.71,0,3.1304,-540.45,0
645.08,47.732,-641,-339.44,23.068,0,-270.71,0,3.4348,-759.91,0
645.08,47.732,-641,-339.44,23.068,0,-270.71,0,3.7391,-1528.5,0
645.08,47.732,-641,-339.44,23.068,0,-270.71,0,4.0435,-Inf,0
645.08,47.732,-641,-339.44,23.068,0,-270.71,0,4.3478,-Inf,0
645.08,47.732,-641,-339.44,23.068,0,-270.71,0,4.6522,-Inf,0
645.08,47.732,-641,-339.44,23.068,0,-270.71,0,4.9565,-Inf,0
645.08,47.732,-641,-339.44,23.068,0,-270.71,0,5.2609,-Inf,0
645.08,47.732,-641,-339.44,23.068,0,-270.71,0,5.5652,-Inf,0
645.08,47.732,-641,-339.44,23.068,0,-270.71,0,5.8696,-Inf,0
645.08,47.732,-641,-339.44,23.068,0,-270.71,0,6.1739,-Inf,0
645.08,47.732,-641,-339.44,23.068,0,-270.71,0,6.4783,-Inf,0
645.08,47.732,-641,-339.44,23.068,0,-270.71,0,6.7826,-Inf,0
645.08,47.732,-641,-339.44,23.068,0,-270.71,0,7.087,-Inf,0
645.08,47.732,-641,-339.44,23.068,0,-270.71,0,7.3913,-Inf,0
645.08,47.732,-641,-339.44,23.068,0,-270.71,0,7.6957,-Inf,0
645.08,47.732,-641,-339.44,23.068,0,-270.71,0,8,-Inf,0
649.24,46.924,-641,-339.44,23.068,0,-270.71,100,1,-256.64,0
649.24,46.924,-641,-339.44,23.068,0,-270.71,100,1.3043,-262.45,0
649.24,46.924,-641,-339.44,23.068,0,-270.71,100,1.6087,-271.06,0
649.24,46.924,-641,-339.44,23.068,0,-270.71,100,1.913,-283.31,0
649.24,46.924,-641,-339.44,23.068,0,-270.71,100,2.2174,-300.66,0
649.24,46.924,-641,-339.44,23.068,0,-270.71,100,2.5217,-325.76,0
649.24,46.924,-641,-339.44,23.068,0,-270.71,100,2.8261,-363.99,0
649.24,46.924,-641,-339.44,23.068,0,-270.71,100,3.1304,-428.22,0
649.24,46.924,-641,-339.44,23.068,0,-270.71,100,3.4348,-559.15,0
649.24,46.924,-641,-339.44,23.068,0,-270.71,100,3.7391,-990.33,0
649.24,46.924,-641,-339.44,23.068,0,-270.71,100,4.0435,-Inf,0
649.24,46.924,-641,-339.44,23.068,0,-270.71,100,4.3478,-Inf,0
649.24,46.924,-641,-339.44,23.068,0,-270.71,100,4.6522,-Inf,0
649.24,46.924,-641,-339.44,23.068,0,-270.71,100,4.9565,-Inf,0
649.24,46.924,-641,-339.44,23.068,0,-270.71,100,5.2609,-Inf,0
649.24,46.924,-641,-339.44,23.068,0,-270.71,100,5.5652,-2960.8,0
649.24,46.924,-641,-339.44,23.068,0,-270.71,100,5.8696,-Inf,0
649.24,46.924,-641,-339.44,23.068,0,-270.71,100,6.1739,-Inf,0
649.24,46.924,-641,-339.44,23.068,0,-270.71,100,6.4783,-Inf,0
649.24,46.924,-641,-339.44,23.068,0,-270.71,100,6.7826,-Inf,0
649.24,46.924,-641,-339.44,23.068,0,-270.71,100,7.087,-Inf,0
649.24,46.924,-641,-339.44,23.068,0,-270.71,100,7.3913,-Inf,0
649.24,46.924,-641,-339.44,23.068,0,-270.71,100,7.6957,-Inf,0
649.24,46.924,-641,-339.44,23.068,0,-270.71,100,8,-Inf,0
668.51,45.852,-641,-339.44,23.068,0,-270.71,200,1,-254.06,0
668.51,45.852,-641,-339.44,23.068,0,-270.71,200,1.3043,-257.18,0
668.51,45.852,-641,-339.44,23.068,0,-270.71,200,1.6087,-261.92,0
668.51,45.852,-641,-339.44,23.068,0,-270.71,200,1.913,-268.72,0
668.51,45.852,-641,-339.44,23.068,0,-270.71,200,2.2174,-278.38,0
668.51,45.852,-641,-339.44,23.068,0,-270.71,200,2.5217,-292.32,0
668.51,45.852,-641,-339.44,23.068,0,-270.71,200,2.8261,-313.41,0
668.51,45.852,-641,-339.44,23.068,0,-270.71,200,3.1304,-348.35,0
668.51,45.852,-641,-339.44,23.068,0,-270.71,200,3.4348,-417.57,0
668.51,45.852,-641,-339.44,23.068,0,-270.71,200,3.7391,-627.2,0
668.51,45.852,-641,-339.44,23.068,0,-270.71,200,4.0435,-Inf,0
668.51,45.852,-641,-339.44,23.068,0,-270.71,200,4.3478,-Inf,0
668.51,45.852,-641,-339.44,23.068,0,-270.71,200,4.6522,-Inf,0
668.51,45.852,-641,-339.44,23.068,0,-270.71,200,4.9565,-Inf,0
668.51,45.852,-641,-339.44,23.068,0,-270.71,200,5.2609,-Inf,0
668.51,45.852,-641,-339.44,23.068,0,-270.71,200,5.5652,-1709.9,0
668.51,45.852,-641,-339.44,23.068,0,-270.71,200,5.8696,-Inf,0
668.51,45.852,-641,-339.44,23.068,0,-270.71,200,6.1739,-Inf,0
668.51,45.852,-641,-339.44,23.068,0,-270.71,200,6.4783,-Inf,0
668.51,45.852,-641,-339.44,23.068,0,-270.71,200,6.7826,-Inf,0
668.51,45.852,-641,-339.44,23.068,0,-270.71,200,7.087,-Inf,0
668.51,45.852,-641,-339.44,23.068,0,-270.71,200,7.3913,-Inf,0
668.51,45.852,-641,-339.44,23.068,0,-270.71,200,7.6957,-Inf,0
668.51,45.852,-641,-339.44,23.068,0,-270.71,200,8,-Inf,0
701.63,44.516,-641,-339.44,23.068,0,-270.71,300,1,-252.84,0
701.63,44.516,-641,-339.44,23.068,0,-270.71,300,1.3043,-254.19,0
701.63,44.516,-641,-339.44,23.068,0,-270.71,300,1.6087,-256.36,0
701.63,44.516,-641,-339.44,23.068,0,-270.71,300,1.913,-259.56,0
701.63,44.516,-641,-339.44,23.068,0,-270.71,300,2.2174,-264.14,0
701.63,44.516,-641,-339.44,23.068,0,-270.71,300,2.5217,-270.75,0
701.63,44.516,-641,-339.44,23.068,0,-270.71,300,2.8261,-280.64,0
701.63,44.516,-641,-339.44,23.068,0,-270.71,300,3.1304,-296.69,0
701.63,44.516,-641,-339.44,23.068,0,-270.71,300,3.4348,-327.09,0
701.63,44.516,-641,-339.44,23.068,0,-270.71,300,3.7391,-408.63,0
701.63,44.516,-641,-339.44,23.068,0,-270.71,300,4.0435,-Inf,0
701.63,44.516,-641,-339.44,23.068,0,-270.71,300,4.3478,-1622.9,0
701.63,44.516,-641,-339.44,23.068,0,-270.71,300,4.6522,-Inf,0
701.63,44.516,-641,-339.44,23.068,0,-270.71,300,4.9565,-Inf,0
701.63,44.516,-641,-339.44,23.068,0,-270.71,300,5.2609,-Inf,0
701.63,44.516,-641,-339.44,23.068,0,-270.71,300,5.5652,-992.41,0
701.63,44.516,-641,-339.44,23.068,0,-270.71,300,5.8696,-1532.2,0
701.63,44.516,-641,-339.44,23.068,0,-270.71,300,6.1739,-Inf,0
701.63,44.516,-641,-339.44,23.068,0,-270.71,300,6.4783,-Inf,0
701.63,44.516,-641,-339.44,23.068,0,-270.71,300,6.7826,-Inf,0
701.63,44.516,-641,-339.44,23.068,0,-270.71,300,7.087,-Inf,0
701.63,44.516,-641,-339.44,23.068,0,-270.71,300,7.3913,-Inf,0
701.63,44.516,-641,-339.44,23.068,0,-270.71,300,7.6957,-Inf,0
701.63,44.516,-641,-339.44,23.068,0,-270.71,300,8,-Inf,0
734.76,50.398,-641,-339.44,23.068,0,-182.5,-300,1,-275.99,0
734.76,50.398,-641,-339.44,23.068,0,-182.5,-300,1.3043,-303.83,0
734.76,50.398,-641,-339.44,23.068,0,-182.5,-300,1.6087,-343.78,0
734.76,50.398,-641,-339.44,23.068,0,-182.5,-300,1.913,-399.83,0
734.76,50.398,-641,-339.44,23.068,0,-182.5,-300,2.2174,-478.86,0
734.76,50.398,-641,-339.44,23.068,0,-182.5,-300,2.5217,-593.58,0
734.76,50.398,-641,-339.44,23.068,0,-182.5,-300,2.8261,-770.2,0
734.76,50.398,-641,-339.44,23.068,0,-182.5,-300,3.1304,-1073.3,0
734.76,50.398,-641,-339.44,23.068,0,-182.5,-300,3.4348,-1719.9,0
734.76,50.398,-641,-339.44,23.068,0,-182.5,-300,3.7391,-Inf,0
734.76,50.398,-641,-339.44,23.068,0,-182.5,-300,4.0435,-Inf,0
734.76,50.398,-641,-339.44,23.068,0,-182.5,-300,4.3478,-Inf,0
734.76,50.398,-641,-339.44,23.068,0,-182.5,-300,4.6522,-Inf,0
734.76,50.398,-641,-339.44,23.068,0,-182.5,-300,4.9565,-Inf,0
734.76,50.398,-641,-339.44,23.068,0,-182.5,-300,5.2609,-Inf,0
734.76,50.398,-641,-339.44,23.068,0,-182.5,-300,5.5652,-Inf,0
734.76,50.398,-641,-339.44,23.068,0,-182.5,-300,5.8696,-Inf,0
734.76,50.398,-641,-339.44,23.068,0,-182.5,-300,6.1739,-Inf,0
734.76,50.398,-641,-339.44,23.068,0,-182.5,-300,6.4783,-Inf,0
734.76,50.398,-641,-339.44,23.068,0,-182.5,-300,6.7826,-Inf,0
734.76,50.398,-641,-339.44,23.068,0,-182.5,-300,7.087,-Inf,0
734.76,50.398,-641,-339.44,23.068,0,-182.5,-300,7.3913,-Inf,0
734.76,50.398,-641,-339.44,23.068,0,-182.5,-300,7.6957,-Inf,0
734.76,50.398,-641,-339.44,23.068,0,-182.5,-300,8,-Inf,0
696.61,50.121,-641,-339.44,23.068,0,-182.5,-200,1,-267.27,0
696.61,50.121,-641,-339.44,23.068,0,-182.5,-200,1.3043,-287.52,0
696.61,50.121,-641,-339.44,23.068,0,-182.5,-200,1.6087,-316.66,0
696.61,50.121,-641,-339.44,23.068,0,-182.5,-200,1.913,-357.59,0
696.61,50.121,-641,-339.44,23.068,0,-182.5,-200,2.2174,-415.28,0
696.61,50.121,-641,-339.44,23.068,0,-182.5,-200,2.5217,-498.9,0
696.61,50.121,-641,-339.44,23.068,0,-182.5,-200,2.8261,-627.31,0
696.61,50.121,-641,-339.44,23.068,0,-182.5,-200,3.1304,-846.65,0
696.61,50.121,-641,-339.44,23.068,0,-182.5,-200,3.4348,-1309.8,0
696.61,50.121,-641,-339.44,23.068,0,-182.5,-200,3.7391,-Inf,0
696.61,50.121,-641,-339.44,23.068,0,-182.5,-200,4.0435,-Inf,0
696.61,50.121,-641,-339.44,23.068,0,-182.5,-200,4.3478,-Inf,0
696.61,50.121,-641,-339.44,23.068,0,-182.5,-200,4.6522,-Inf,0
696.61,50.121,-641,-339.44,23.068,0,-182.5,-200,4.9565,-Inf,0
696.61,50.121,-641,-339.44,23.068,0,-182.5,-200,5.2609,-Inf,0
696.61,50.121,-641,-339.44,23.068,0,-182.5,-200,5.5652,-Inf,0
696.61,50.121,-641,-339.44,23.068,0,-182.5,-200,5.8696,-Inf,0
696.61,50.121,-641,-339.44,23.068,0,-182.5,-200,6.1739,-Inf,0
696.61,50.121,-641,-339.44,23.068,0,-182.5,-200,6.4783,-Inf,0
696.61,50.121,-641,-339.44,23.068,0,-182.5,-200,6.7826,-Inf,0
696.61,50.121,-641,-339.44,23.068,0,-182.5,-200,7.087,-Inf,0
696.61,50.121,-641,-339.44,23.068,0,-182.5,-200,7.3913,-Inf,0
696.61,50.121,-641,-339.44,23.068,0,-182.5,-200,7.6957,-Inf,0
696.61,50.121,-641,-339.44,23.068,0,-182.5,-200,8,-Inf,0
671.31,49.759,-641,-339.44,23.068,0,-182.5,-100,1,-260.28,0
671.31,49.759,-641,-339.44,23.068,0,-182.5,-100,1.3043,-274.3,0
671.31,49.759,-641,-339.44,23.068,0,-182.5,-100,1.6087,-294.55,0
671.31,49.759,-641,-339.44,23.068,0,-182.5,-100,1.913,-323.03,0
671.31,49.759,-641,-339.44,23.068,0,-182.5,-100,2.2174,-363.17,0
671.31,49.759,-641,-339.44,23.068,0,-182.5,-100,2.5217,-421.24,0
671.31,49.759,-641,-339.44,23.068,0,-182.5,-100,2.8261,-510.12,0
671.31,49.759,-641,-339.44,23.068,0,-182.5,-100,3.1304,-661.02,0
671.31,49.759,-641,-339.44,23.068,0,-182.5,-100,3.4348,-975.7,0
671.31,49.759,-641,-339.44,23.068,0,-182.5,-100,3.7391,-Inf,0
671.31,49.759,-641,-339.44,23.068,0,-182.5,-100,4.0435,-Inf,0
671.31,49.759,-641,-339.44,23.068,0,-182.5,-100,4.3478,-Inf,0
671.31,49.759,-641,-339.44,23.068,0,-182.5,-100,4.6522,-Inf,0
671.31,49.759,-641,-339.44,23.068,0,-182.5,-100,4.9565,-Inf,0
671.31,49.759,-641,-339.44,23.068,0,-182.5,-100,5.2609,-Inf,0
671.31,49.759,-641,-339.44,23.068,0,-182.5,-100,5.5652,-Inf,0
671.31,49.759,-641,-339.44,23.068,0,-182.5,-100,5.8696,-Inf,0
671.31,49.759,-641,-339.44,23.068,0,-182.5,-100,6.1739,-Inf,0
671.31,49.759,-641,-339.44,23.068,0,-182.5,-100,6.4783,-Inf,0
671.31,49.759,-641,-339.44,23.068,0,-182.5,-100,6.7826,-Inf,0
671.31,49.759,-641,-339.44,23.068,0,-182.5,-100,7.087,-Inf,0
671.31,49.759,-641,-339.44,23.068,0,-182.5,-100,7.3913,-Inf,0
671.31,49.759,-641,-339.44,23.068,0,-182.5,-100,7.6957,-Inf,0
671.31,49.759,-641,-339.44,23.068,0,-182.5,-100,8,-Inf,0
660.33,49.267,-641,-339.44,23.068,0,-182.5,0,1,-254.96,0
660.33,49.267,-641,-339.44,23.068,0,-182.5,0,1.3043,-264.04,0
660.33,49.267,-641,-339.44,23.068,0,-182.5,0,1.6087,-277.25,0
660.33,49.267,-641,-339.44,23.068,0,-182.5,0,1.913,-295.86,0
660.33,49.267,-641,-339.44,23.068,0,-182.5,0,2.2174,-322.07,0
660.33,49.267,-641,-339.44,23.068,0,-182.5,0,2.5217,-359.92,0
660.33,49.267,-641,-339.44,23.068,0,-182.5,0,2.8261,-417.6,0
660.33,49.267,-641,-339.44,23.068,0,-182.5,0,3.1304,-514.73,0
660.33,49.267,-641,-339.44,23.068,0,-182.5,0,3.4348,-714.01,0
660.33,49.267,-641,-339.44,23.068,0,-182.5,0,3.7391,-1382.2,0
660.33,49.267,-641,-339.44,23.068,0,-182.5,0,4.0435,-Inf,0
660.33,49.267,-641,-339.44,23.068,0,-182.5,0,4.3478,-Inf,0
660.33,49.267,-641,-339.44,23.068,0,-182.5,0,4.6522,-Inf,0
660.33,49.267,-641,-339.44,23.068,0,-182.5,0,4.9565,-Inf,0
660.33,49.267,-641,-339.44,23.068,0,-182.5,0,5.2609,-Inf,0
660.33,49.267,-641,-339.44,23.068,0,-182.5,0,5.5652,-Inf,0
660.33,49.267,-641,-339.44,23.068,0,-182.5,0,5.8696,-Inf,0
660.33,49.267,-641,-339.44,23.068,0,-182.5,0,6.1739,-Inf,0
660.33,49.267,-641,-339.44,23.068,0,-182.5,0,6.4783,-Inf,0
660.33,49.267,-641,-339.44,23.068,0,-182.5,0,6.7826,-Inf,0
660.33,49.267,-641,-339.44,23.068,0,-182.5,0,7.087,-Inf,0
660.33,49.267,-641,-339.44,23.068,0,-182.5,0,7.3913,-Inf,0
660.33,49.267,-641,-339.44,23.068,0,-182.5,0,7.6957,-Inf,0
660.33,49.267,-641,-339.44,23.068,0,-182.5,0,8,-Inf,0
664.4,48.56,-641,-339.44,23.068,0,-182.5,100,1,-251.17,0
664.4,48.56,-641,-339.44,23.068,0,-182.5,100,1.3043,-256.53,0
664.4,48.56,-641,-339.44,23.068,0,-182.5,100,1.6087,-264.39,0
664.4,48.56,-641,-339.44,23.068,0,-182.5,100,1.913,-275.52,0
664.4,48.56,-641,-339.44,23.068,0,-182.5,100,2.2174,-291.19,0
664.4,48.56,-641,-339.44,23.068,0,-182.5,100,2.5217,-313.76,0
664.4,48.56,-641,-339.44,23.068,0,-182.5,100,2.8261,-347.92,0
664.4,48.56,-641,-339.44,23.068,0,-182.5,100,3.1304,-404.84,0
664.4,48.56,-641,-339.44,23.068,0,-182.5,100,3.4348,-519.06,0
664.4,48.56,-641,-339.44,23.068,0,-182.5,100,3.7391,-877.87,0
664.4,48.56,-641,-339.44,23.068,0,-182.5,100,4.0435,-Inf,0
664.4,48.56,-641,-339.44,23.068,0,-182.5,100,4.3478,-Inf,0
664.4,48.56,-641,-339.44,23.068,0,-182.5,100,4.6522,-Inf,0
664.4,48.56,-641,-339.44,23.068,0,-182.5,100,4.9565,-Inf,0
664.4,48.56,-641,-339.44,23.068,0,-182.5,100,5.2609,-Inf,0
664.4,48.56,-641,-339.44,23.068,0,-182.5,100,5.5652,-2909.7,0
664.4,48.56,-641,-339.44,23.068,0,-182.5,100,5.8696,-Inf,0
664.4,48.56,-641,-339.44,23.068,0,-182.5,100,6.1739,-Inf,0
664.4,48.56,-641,-339.44,23.068,0,-182.5,100,6.4783,-Inf,0
664.4,48.56,-641,-339.44,23.068,0,-182.5,100,6.7826,-Inf,0
664.4,48.56,-641,-339.44,23.068,0,-182.5,100,7.087,-Inf,0
664.4,48.56,-641,-339.44,23.068,0,-182.5,100,7.3913,-Inf,0
664.4,48.56,-641,-339.44,23.068,0,-182.5,100,7.6957,-Inf,0
664.4,48.56,-641,-339.44,23.068,0,-182.5,100,8,-Inf,0
683.23,47.457,-641,-339.44,23.068,0,-182.5,200,1,-248.77,0
683.23,47.457,-641,-339.44,23.068,0,-182.5,200,1.3043,-251.48,0
683.23,47.457,-641,-339.44,23.068,0,-182.5,200,1.6087,-255.55,0
683.23,47.457,-641,-339.44,23.068,0,-182.5,200,1.913,-261.34,0
683.23,47.457,-641,-339.44,23.068,0,-182.5,200,2.2174,-269.5,0
683.23,47.457,-641,-339.44,23.068,0,-182.5,200,2.5217,-281.21,0
683.23,47.457,-641,-339.44,23.068,0,-182.5,200,2.8261,-298.79,0
683.23,47.457,-641,-339.44,23.068,0,-182.5,200,3.1304,-327.6,0
683.23,47.457,-641,-339.44,23.068,0,-182.5,200,3.4348,-383.61,0
683.23,47.457,-641,-339.44,23.068,0,-182.5,200,3.7391,-544.84,0
683.23,47.457,-641,-339.44,23.068,0,-182.5,200,4.0435,-Inf,0
683.23,47.457,-641,-339.44,23.068,0,-182.5,200,4.3478,-Inf,0
683.23,47.457,-641,-339.44,23.068,0,-182.5,200,4.6522,-Inf,0
683.23,47.457,-641,-339.44,23.068,0,-182.5,200,4.9565,-Inf,0
683.23,47.457,-641,-339.44,23.068,0,-182.5,200,5.2609,-Inf,0
683.23,47.457,-641,-339.44,23.068,0,-182.5,200,5.5652,-1617.7,0
683.23,47.457,-641,-339.44,23.068,0,-182.5,200,5.8696,-Inf,0
683.23,47.457,-641,-339.44,23.068,0,-182.5,200,6.1739,-Inf,0
683.23,47.457,-641,-339.44,23.068,0,-182.5,200,6.4783,-Inf,0
683.23,47.457,-641,-339.44,23.068,0,-182.5,200,6.7826,-Inf,0
683.23,47.457,-641,-339.44,23.068,0,-182.5,200,7.087,-Inf,0
683.23,47.457,-641,-339.44,23.068,0,-182.5,200,7.3913,-Inf,0
683.23,47.457,-641,-339.44,23.068,0,-182.5,200,7.6957,-Inf,0
683.23,47.457,-641,-339.44,23.068,0,-182.5,200,8,-Inf,0
715.68,45.501,-641,-339.44,23.068,0,-182.5,300,1,-247.57,0
715.68,45.501,-641,-339.44,23.068,0,-182.5,300,1.3043,-248.6,0
715.68,45.501,-641,-339.44,23.068,0,-182.5,300,1.6087,-250.21,0
715.68,45.501,-641,-339.44,23.068,0,-182.5,300,1.913,-252.55,0
715.68,45.501,-641,-339.44,23.068,0,-182.5,300,2.2174,-255.87,0
715.68,45.501,-641,-339.44,23.068,0,-182.5,300,2.5217,-260.61,0
715.68,45.501,-641,-339.44,23.068,0,-182.5,300,2.8261,-267.62,0
715.68,45.501,-641,-339.44,23.068,0,-182.5,300,3.1304,-278.83,0
715.68,45.501,-641,-339.44,23.068,0,-182.5,300,3.4348,-299.56,0
715.68,45.501,-641,-339.44,23.068,0,-182.5,300,3.7391,-352.31,0
715.68,45.501,-641,-339.44,23.068,0,-182.5,300,4.0435,-740.17,0
715.68,45.501,-641,-339.44,23.068,0,-182.5,300,4.3478,-1514,0
715.68,45.501,-641,-339.44,23.068,0,-182.5,300,4.6522,-Inf,0
715.68,45.501,-641,-339.44,23.068,0,-182.5,300,4.9565,-Inf,0
715.68,45.501,-641,-339.44,23.068,0,-182.5,300,5.2609,-Inf,0
715.68,45.501,-641,-339.44,23.068,0,-182.5,300,5.5652,-885.38,0
715.68,45.501,-641,-339.44,23.068,0,-182.5,300,5.8696,-1344.9,0
715.68,45.501,-641,-339.44,23.068,0,-182.5,300,6.1739,-Inf,0
715.68,45.501,-641,-339.44,23.068,0,-182.5,300,6.4783,-Inf,0
715.68,45.501,-641,-339.44,23.068,0,-182.5,300,6.7826,-Inf,0
715.68,45.501,-641,-339.44,23.068,0,-182.5,300,7.087,-Inf,0
715.68,45.501,-641,-339.44,23.068,0,-182.5,300,7.3913,-Inf,0
715.68,45.501,-641,-339.44,23.068,0,-182.5,300,7.6957,-2155.1,0
715.68,45.501,-641,-339.44,23.068,0,-182.5,300,8,-Inf,0
